Project Name,Package Name,Type Name,NOF,NOPF,NOM,NOPM,LOC,WMC,NC,DIT,LCOM,FANIN,FANOUT,File path,Line no
xp,com.enonic.wem.internal.blob,BlobServiceImpl,1,0,5,5,20,6,0,0,0.0,0,2,/temp/xp/modules/wem-blob/src/main/java/com/enonic/wem/internal/blob/BlobServiceImpl.java,15
xp,com.enonic.wem.internal.blob,BlobRecord,1,0,7,7,20,7,0,0,0.42857142857142855,1,2,/temp/xp/modules/wem-blob/src/main/java/com/enonic/wem/internal/blob/BlobRecord.java,8
xp,com.enonic.wem.internal.blob,BlobStoreException,0,0,2,2,8,2,0,0,-1.0,2,0,/temp/xp/modules/wem-blob/src/main/java/com/enonic/wem/internal/blob/BlobStoreException.java,3
xp,com.enonic.wem.internal.blob,BlobStore,0,0,5,5,33,5,0,0,-1.0,1,3,/temp/xp/modules/wem-blob/src/main/java/com/enonic/wem/internal/blob/BlobStore.java,10
xp,com.enonic.wem.internal.blob.file,FileBlobRecord,1,0,4,4,21,4,0,0,0.0,0,1,/temp/xp/modules/wem-blob/src/main/java/com/enonic/wem/internal/blob/file/FileBlobRecord.java,12
xp,com.enonic.wem.internal.blob.file,FileBlobStore,3,0,12,6,119,27,0,0,0.0,0,3,/temp/xp/modules/wem-blob/src/main/java/com/enonic/wem/internal/blob/file/FileBlobStore.java,24
xp,com.enonic.wem.module.internal,ModuleImplTest,1,0,5,4,48,6,0,0,0.6,0,5,/temp/xp/modules/wem-module/src/test/java/com/enonic/wem/module/internal/ModuleImplTest.java,31
xp,com.enonic.wem.module.internal,ModuleXmlBuilderTest,2,0,5,3,25,5,0,0,0.0,0,8,/temp/xp/modules/wem-module/src/test/java/com/enonic/wem/module/internal/ModuleXmlBuilderTest.java,16
xp,com.enonic.wem.module.internal,ModuleLoader,7,0,9,4,90,16,0,0,0.0,0,8,/temp/xp/modules/wem-module/src/main/java/com/enonic/wem/module/internal/ModuleLoader.java,28
xp,com.enonic.wem.module.internal,ModuleServiceImpl,1,0,6,4,32,9,0,0,0.0,1,3,/temp/xp/modules/wem-module/src/main/java/com/enonic/wem/module/internal/ModuleServiceImpl.java,15
xp,com.enonic.wem.module.internal,ModuleXmlBuilder,0,0,2,1,27,6,0,0,-1.0,2,9,/temp/xp/modules/wem-module/src/main/java/com/enonic/wem/module/internal/ModuleXmlBuilder.java,14
xp,com.enonic.wem.module.internal,ModuleURLStreamHandler,2,0,7,3,46,10,0,0,0.0,0,2,/temp/xp/modules/wem-module/src/main/java/com/enonic/wem/module/internal/ModuleURLStreamHandler.java,23
xp,com.enonic.wem.core.schema.mixin,MixinUsageResolverTest,0,0,3,3,25,3,0,0,-1.0,0,6,/temp/xp/modules/wem-core/src/test/java/com/enonic/wem/core/schema/mixin/MixinUsageResolverTest.java,18
xp,com.enonic.wem.core.schema.mixin,MixinSerializer,0,0,2,2,4,2,0,0,-1.0,0,1,/temp/xp/modules/wem-core/src/main/java/com/enonic/wem/core/schema/mixin/MixinSerializer.java,7
xp,com.enonic.wem.core.schema.mixin,GetMixinCommand,2,0,4,1,30,6,0,0,0.0,0,3,/temp/xp/modules/wem-core/src/main/java/com/enonic/wem/core/schema/mixin/GetMixinCommand.java,9
xp,com.enonic.wem.core.schema.mixin,MixinLoader,5,0,5,1,47,6,0,0,0.6,0,10,/temp/xp/modules/wem-core/src/main/java/com/enonic/wem/core/schema/mixin/MixinLoader.java,26
xp,com.enonic.wem.core.schema.mixin,MixinRegistryImpl,0,0,4,4,15,4,0,0,-1.0,0,3,/temp/xp/modules/wem-core/src/main/java/com/enonic/wem/core/schema/mixin/MixinRegistryImpl.java,11
xp,com.enonic.wem.core.schema.mixin,GetMixinsCommand,2,0,5,0,37,8,0,0,0.0,0,5,/temp/xp/modules/wem-core/src/main/java/com/enonic/wem/core/schema/mixin/GetMixinsCommand.java,17
xp,com.enonic.wem.core.schema.mixin,MixinUsageResolver,1,0,3,1,19,5,0,0,0.0,1,4,/temp/xp/modules/wem-core/src/main/java/com/enonic/wem/core/schema/mixin/MixinUsageResolver.java,12
xp,com.enonic.wem.core.schema.mixin,ModuleMixinProvider,1,0,2,2,9,2,0,0,0.0,1,0,/temp/xp/modules/wem-core/src/main/java/com/enonic/wem/core/schema/mixin/ModuleMixinProvider.java,7
xp,com.enonic.wem.core.schema.mixin,MixinServiceImpl,1,0,5,5,18,5,0,0,0.0,0,4,/temp/xp/modules/wem-core/src/main/java/com/enonic/wem/core/schema/mixin/MixinServiceImpl.java,11
xp,com.enonic.wem.core.schema.relationship.dao,RelationshipTypeDaoImplTest,2,0,3,3,31,3,0,0,0.0,0,6,/temp/xp/modules/wem-core/src/test/java/com/enonic/wem/core/schema/relationship/dao/RelationshipTypeDaoImplTest.java,15
xp,com.enonic.wem.core.schema.relationship.dao,RelationshipTypeDaoImpl,1,0,4,4,15,4,0,1,0.0,1,3,/temp/xp/modules/wem-core/src/main/java/com/enonic/wem/core/schema/relationship/dao/RelationshipTypeDaoImpl.java,9
xp,com.enonic.wem.core.schema.relationship.dao,RelationshipTypeDao,0,0,3,0,5,3,1,0,-1.0,4,2,/temp/xp/modules/wem-core/src/main/java/com/enonic/wem/core/schema/relationship/dao/RelationshipTypeDao.java,8
xp,com.enonic.wem.core.schema.relationship,GetAllRelationshipTypesCommandTest,0,0,1,1,14,1,0,0,-1.0,0,5,/temp/xp/modules/wem-core/src/test/java/com/enonic/wem/core/schema/relationship/GetAllRelationshipTypesCommandTest.java,15
xp,com.enonic.wem.core.schema.relationship,GetRelationshipTypeCommandTest,2,0,2,2,19,2,0,0,0.0,0,6,/temp/xp/modules/wem-core/src/test/java/com/enonic/wem/core/schema/relationship/GetRelationshipTypeCommandTest.java,17
xp,com.enonic.wem.core.schema.relationship,GetRelationshipTypeCommand,2,0,4,0,31,6,0,0,0.0,1,4,/temp/xp/modules/wem-core/src/main/java/com/enonic/wem/core/schema/relationship/GetRelationshipTypeCommand.java,10
xp,com.enonic.wem.core.schema.relationship,CoreRelationshipTypesProvider,7,0,5,1,39,7,0,0,0.4,0,5,/temp/xp/modules/wem-core/src/main/java/com/enonic/wem/core/schema/relationship/CoreRelationshipTypesProvider.java,19
xp,com.enonic.wem.core.schema.relationship,ModuleRelationshipTypeProvider,1,0,2,2,9,2,0,0,0.0,1,0,/temp/xp/modules/wem-core/src/main/java/com/enonic/wem/core/schema/relationship/ModuleRelationshipTypeProvider.java,7
xp,com.enonic.wem.core.schema.relationship,RelationshipTypeRegistryImpl,0,0,4,4,15,4,0,0,-1.0,0,3,/temp/xp/modules/wem-core/src/main/java/com/enonic/wem/core/schema/relationship/RelationshipTypeRegistryImpl.java,11
xp,com.enonic.wem.core.schema.relationship,RelationshipTypeServiceImpl,1,0,4,4,15,4,0,0,0.0,1,3,/temp/xp/modules/wem-core/src/main/java/com/enonic/wem/core/schema/relationship/RelationshipTypeServiceImpl.java,10
xp,com.enonic.wem.core.schema.relationship,RelationshipTypeLoader,5,0,5,1,47,6,0,0,0.6,0,10,/temp/xp/modules/wem-core/src/main/java/com/enonic/wem/core/schema/relationship/RelationshipTypeLoader.java,26
xp,com.enonic.wem.core.schema.content,GetAllContentTypesCommandTest,3,0,5,3,50,5,0,0,0.0,0,11,/temp/xp/modules/wem-core/src/test/java/com/enonic/wem/core/schema/content/GetAllContentTypesCommandTest.java,24
xp,com.enonic.wem.core.schema.content,GetContentTypesCommandTest,3,0,4,2,33,4,0,0,0.0,0,8,/temp/xp/modules/wem-core/src/test/java/com/enonic/wem/core/schema/content/GetContentTypesCommandTest.java,17
xp,com.enonic.wem.core.schema.content,GetContentTypeCommandTest,3,0,3,2,27,3,0,0,0.0,0,7,/temp/xp/modules/wem-core/src/test/java/com/enonic/wem/core/schema/content/GetContentTypeCommandTest.java,16
xp,com.enonic.wem.core.schema.content,GetChildContentTypesCommandTest,2,0,2,2,30,2,0,0,0.0,0,7,/temp/xp/modules/wem-core/src/test/java/com/enonic/wem/core/schema/content/GetChildContentTypesCommandTest.java,16
xp,com.enonic.wem.core.schema.content,GetRootContentTypesCommandTest,3,0,2,2,19,2,0,0,0.0,0,6,/temp/xp/modules/wem-core/src/test/java/com/enonic/wem/core/schema/content/GetRootContentTypesCommandTest.java,15
xp,com.enonic.wem.core.schema.content,GetContentTypeCommand,1,0,5,0,36,8,0,1,0.6,1,4,/temp/xp/modules/wem-core/src/main/java/com/enonic/wem/core/schema/content/GetContentTypeCommand.java,9
xp,com.enonic.wem.core.schema.content,CoreContentTypesProvider,22,1,4,1,52,6,0,0,0.5,0,5,/temp/xp/modules/wem-core/src/main/java/com/enonic/wem/core/schema/content/CoreContentTypesProvider.java,20
xp,com.enonic.wem.core.schema.content,GetContentTypesCommand,1,0,6,0,38,9,0,1,0.5,1,6,/temp/xp/modules/wem-core/src/main/java/com/enonic/wem/core/schema/content/GetContentTypesCommand.java,12
xp,com.enonic.wem.core.schema.content,ModuleContentTypeProvider,1,0,2,2,9,2,0,0,0.0,1,0,/temp/xp/modules/wem-core/src/main/java/com/enonic/wem/core/schema/content/ModuleContentTypeProvider.java,7
xp,com.enonic.wem.core.schema.content,ContentTypeLoader,5,0,5,1,47,6,0,0,0.6,0,10,/temp/xp/modules/wem-core/src/main/java/com/enonic/wem/core/schema/content/ContentTypeLoader.java,26
xp,com.enonic.wem.core.schema.content,ContentTypeServiceImpl,2,0,9,9,31,9,0,0,0.2222222222222222,0,8,/temp/xp/modules/wem-core/src/main/java/com/enonic/wem/core/schema/content/ContentTypeServiceImpl.java,16
xp,com.enonic.wem.core.schema.content,AbstractContentTypeCommand,2,0,3,0,21,4,5,0,0.0,0,6,/temp/xp/modules/wem-core/src/main/java/com/enonic/wem/core/schema/content/AbstractContentTypeCommand.java,10
xp,com.enonic.wem.core.schema.content,GetChildContentTypesCommand,1,0,5,0,29,7,0,1,0.6,1,4,/temp/xp/modules/wem-core/src/main/java/com/enonic/wem/core/schema/content/GetChildContentTypesCommand.java,10
xp,com.enonic.wem.core.schema.content,ContentTypeRegistryImpl,0,0,4,4,15,4,0,0,-1.0,0,3,/temp/xp/modules/wem-core/src/main/java/com/enonic/wem/core/schema/content/ContentTypeRegistryImpl.java,11
xp,com.enonic.wem.core.schema.content,GetRootContentTypesCommand,0,0,3,0,20,5,0,1,-1.0,1,3,/temp/xp/modules/wem-core/src/main/java/com/enonic/wem/core/schema/content/GetRootContentTypesCommand.java,8
xp,com.enonic.wem.core.schema.content,GetAllContentTypesCommand,1,0,4,0,24,5,0,1,0.75,1,4,/temp/xp/modules/wem-core/src/main/java/com/enonic/wem/core/schema/content/GetAllContentTypesCommand.java,8
xp,com.enonic.wem.core.schema.content,ValidateContentTypeCommand,2,0,4,0,22,4,0,0,0.0,0,4,/temp/xp/modules/wem-core/src/main/java/com/enonic/wem/core/schema/content/ValidateContentTypeCommand.java,10
xp,com.enonic.wem.core.schema.content.serializer,FormItemJsonSerializerTest,5,0,6,4,96,6,0,0,0.3333333333333333,0,9,/temp/xp/modules/wem-core/src/test/java/com/enonic/wem/core/schema/content/serializer/FormItemJsonSerializerTest.java,30
xp,com.enonic.wem.core.schema.content.serializer,InputJsonSerializer,13,8,6,2,77,11,0,0,0.0,1,6,/temp/xp/modules/wem-core/src/main/java/com/enonic/wem/core/schema/content/serializer/InputJsonSerializer.java,15
xp,com.enonic.wem.core.schema.content.serializer,LayoutJsonSerializer,5,2,5,1,42,8,0,0,0.0,1,4,/temp/xp/modules/wem-core/src/main/java/com/enonic/wem/core/schema/content/serializer/LayoutJsonSerializer.java,17
xp,com.enonic.wem.core.schema.content.serializer,ContentTypeSerializer,0,0,2,2,4,2,0,0,-1.0,0,1,/temp/xp/modules/wem-core/src/main/java/com/enonic/wem/core/schema/content/serializer/ContentTypeSerializer.java,7
xp,com.enonic.wem.core.schema.content.serializer,OccurrencesJsonSerializer,0,0,3,2,29,6,0,0,-1.0,2,1,/temp/xp/modules/wem-core/src/main/java/com/enonic/wem/core/schema/content/serializer/OccurrencesJsonSerializer.java,14
xp,com.enonic.wem.core.schema.content.serializer,InputTypeConfigJsonSerializer,0,0,2,1,17,2,0,0,-1.0,1,1,/temp/xp/modules/wem-core/src/main/java/com/enonic/wem/core/schema/content/serializer/InputTypeConfigJsonSerializer.java,9
xp,com.enonic.wem.core.schema.content.serializer,InputTypeJsonSerializer,0,0,3,3,14,3,0,0,-1.0,1,4,/temp/xp/modules/wem-core/src/main/java/com/enonic/wem/core/schema/content/serializer/InputTypeJsonSerializer.java,14
xp,com.enonic.wem.core.schema.content.serializer,FormItemJsonSerializer,4,0,4,4,62,14,0,0,0.0,2,6,/temp/xp/modules/wem-core/src/main/java/com/enonic/wem/core/schema/content/serializer/FormItemJsonSerializer.java,18
xp,com.enonic.wem.core.schema.content.serializer,FormItemsJsonSerializer,1,0,5,5,35,7,0,0,0.0,4,1,/temp/xp/modules/wem-core/src/main/java/com/enonic/wem/core/schema/content/serializer/FormItemsJsonSerializer.java,16
xp,com.enonic.wem.core.schema.content.serializer,FormItemSetJsonSerializer,9,6,4,2,49,6,0,0,0.0,1,4,/temp/xp/modules/wem-core/src/main/java/com/enonic/wem/core/schema/content/serializer/FormItemSetJsonSerializer.java,15
xp,com.enonic.wem.core.schema.content.serializer,MixinReferenceJsonSerializer,3,1,3,1,20,3,0,0,0.6666666666666666,1,3,/temp/xp/modules/wem-core/src/main/java/com/enonic/wem/core/schema/content/serializer/MixinReferenceJsonSerializer.java,13
xp,com.enonic.wem.core.form,FormItemsDataSerializer,0,0,2,2,14,4,0,0,-1.0,1,3,/temp/xp/modules/wem-core/src/main/java/com/enonic/wem/core/form/FormItemsDataSerializer.java,10
xp,com.enonic.wem.core.form,FormItemDataSerializer,1,0,18,3,167,36,0,0,0.1111111111111111,0,12,/temp/xp/modules/wem-core/src/main/java/com/enonic/wem/core/form/FormItemDataSerializer.java,25
xp,com.enonic.wem.core.form,FormDataSerializer,2,0,3,3,17,3,0,0,0.0,1,4,/temp/xp/modules/wem-core/src/main/java/com/enonic/wem/core/form/FormDataSerializer.java,8
xp,com.enonic.wem.core.security,UserNodeTranslatorTest,2,0,2,2,29,2,0,0,0.0,0,11,/temp/xp/modules/wem-core/src/test/java/com/enonic/wem/core/security/UserNodeTranslatorTest.java,20
xp,com.enonic.wem.core.security,PrincipalKeyNodeTranslatorTest,2,0,3,3,27,3,0,0,1.0,0,9,/temp/xp/modules/wem-core/src/test/java/com/enonic/wem/core/security/PrincipalKeyNodeTranslatorTest.java,19
xp,com.enonic.wem.core.security,GroupNodeTranslatorTest,2,0,2,2,25,2,0,0,0.0,0,11,/temp/xp/modules/wem-core/src/test/java/com/enonic/wem/core/security/GroupNodeTranslatorTest.java,20
xp,com.enonic.wem.core.security,PrincipalIndexConfigFactory,0,0,1,1,5,1,0,0,-1.0,1,3,/temp/xp/modules/wem-core/src/main/java/com/enonic/wem/core/security/PrincipalIndexConfigFactory.java,16
xp,com.enonic.wem.core.security,PrincipalKeyNodeTranslator,0,0,4,3,31,8,0,0,-1.0,5,9,/temp/xp/modules/wem-core/src/main/java/com/enonic/wem/core/security/PrincipalKeyNodeTranslator.java,18
xp,com.enonic.wem.core.security,UserStoreNodeTranslator,2,0,14,0,126,30,0,0,0.6428571428571429,2,17,/temp/xp/modules/wem-core/src/main/java/com/enonic/wem/core/security/UserStoreNodeTranslator.java,39
xp,com.enonic.wem.core.security,PrincipalIndexPath,7,7,0,0,9,0,0,0,-1.0,1,1,/temp/xp/modules/wem-core/src/main/java/com/enonic/wem/core/security/PrincipalIndexPath.java,5
xp,com.enonic.wem.core.security,PrincipalSerializer,0,0,0,0,2,0,0,0,-1.0,0,0,/temp/xp/modules/wem-core/src/main/java/com/enonic/wem/core/security/PrincipalSerializer.java,3
xp,com.enonic.wem.core.security,UserStorePropertyNames,1,1,0,0,3,0,0,0,-1.0,1,0,/temp/xp/modules/wem-core/src/main/java/com/enonic/wem/core/security/UserStorePropertyNames.java,3
xp,com.enonic.wem.core.security,PrincipalNodeTranslator,0,0,16,2,0,27,0,0,-1.0,3,19,/temp/xp/modules/wem-core/src/main/java/com/enonic/wem/core/security/PrincipalNodeTranslator.java,37
xp,com.enonic.wem.core.security,PrincipalQueryNodeQueryTranslator,1,0,2,1,30,6,0,0,0.0,1,7,/temp/xp/modules/wem-core/src/main/java/com/enonic/wem/core/security/PrincipalQueryNodeQueryTranslator.java,26
xp,com.enonic.wem.core.security,SecurityInitializer,4,1,8,3,77,12,0,0,0.0,1,17,/temp/xp/modules/wem-core/src/main/java/com/enonic/wem/core/security/SecurityInitializer.java,26
xp,com.enonic.wem.core.security,PrincipalPropertyNames,7,7,0,0,9,0,0,0,-1.0,6,0,/temp/xp/modules/wem-core/src/main/java/com/enonic/wem/core/security/PrincipalPropertyNames.java,3
xp,com.enonic.wem.core.security,SecurityServiceImpl,2,0,38,29,385,59,0,0,0.0,1,51,/temp/xp/modules/wem-core/src/main/java/com/enonic/wem/core/security/SecurityServiceImpl.java,74
xp,com.enonic.wem.core.security,UserSerializer,0,0,0,0,2,0,0,0,-1.0,0,0,/temp/xp/modules/wem-core/src/main/java/com/enonic/wem/core/security/UserSerializer.java,3
xp,com.enonic.wem.core.relationship,RelationshipJsonSerializerTest,1,0,5,5,68,5,0,0,0.4,0,6,/temp/xp/modules/wem-core/src/test/java/com/enonic/wem/core/relationship/RelationshipJsonSerializerTest.java,24
xp,com.enonic.wem.core.relationship,RelationshipJsonSerializer,4,0,9,7,95,23,0,0,0.3333333333333333,1,5,/temp/xp/modules/wem-core/src/main/java/com/enonic/wem/core/relationship/RelationshipJsonSerializer.java,18
xp,com.enonic.wem.core.relationship,RelationshipServiceImpl,0,0,4,4,12,4,0,0,-1.0,0,5,/temp/xp/modules/wem-core/src/main/java/com/enonic/wem/core/relationship/RelationshipServiceImpl.java,11
xp,com.enonic.wem.core.media,MediaInfoServiceTest,0,0,1,1,10,1,0,0,-1.0,0,2,/temp/xp/modules/wem-core/src/test/java/com/enonic/wem/core/media/MediaInfoServiceTest.java,9
xp,com.enonic.wem.core.media,MediaInfoService,3,0,4,4,45,6,0,0,0.0,2,2,/temp/xp/modules/wem-core/src/main/java/com/enonic/wem/core/media/MediaInfoService.java,21
xp,com.enonic.wem.core.media,MediaInfo,4,0,7,6,36,8,0,0,0.42857142857142855,3,1,/temp/xp/modules/wem-core/src/main/java/com/enonic/wem/core/media/MediaInfo.java,10
xp,com.enonic.wem.core.media,Builder,2,0,3,3,15,3,0,0,1.0,1,1,/temp/xp/modules/wem-core/src/main/java/com/enonic/wem/core/media/MediaInfo.java,43
xp,com.enonic.wem.core,AbstractSerializerTest,1,0,5,1,17,5,0,0,0.4,0,1,/temp/xp/modules/wem-core/src/test/java/com/enonic/wem/core/AbstractSerializerTest.java,10
xp,com.enonic.wem.core.image.filter,ImageFilterSetTest,0,0,2,2,16,2,0,0,-1.0,0,2,/temp/xp/modules/wem-core/src/test/java/com/enonic/wem/core/image/filter/ImageFilterSetTest.java,10
xp,com.enonic.wem.core.image.filter,AwtImageFilterTest,2,0,3,1,14,3,0,0,0.0,0,0,/temp/xp/modules/wem-core/src/test/java/com/enonic/wem/core/image/filter/AwtImageFilterTest.java,9
xp,com.enonic.wem.core.image.filter,OperationImageFilterTest,0,0,1,1,12,1,0,0,-1.0,0,1,/temp/xp/modules/wem-core/src/test/java/com/enonic/wem/core/image/filter/OperationImageFilterTest.java,11
xp,com.enonic.wem.core.image.filter,ImageFilterSet,1,0,3,3,18,5,0,1,0.0,2,1,/temp/xp/modules/wem-core/src/main/java/com/enonic/wem/core/image/filter/ImageFilterSet.java,11
xp,com.enonic.wem.core.image.filter,OperationImageFilter,1,0,2,2,9,2,0,1,0.0,1,0,/temp/xp/modules/wem-core/src/main/java/com/enonic/wem/core/image/filter/OperationImageFilter.java,10
xp,com.enonic.wem.core.image.filter,ImageFilterBuilder,0,0,1,0,3,1,1,0,-1.0,3,2,/temp/xp/modules/wem-core/src/main/java/com/enonic/wem/core/image/filter/ImageFilterBuilder.java,3
xp,com.enonic.wem.core.image.filter,ImageFilter,0,0,1,1,3,1,3,0,-1.0,13,0,/temp/xp/modules/wem-core/src/main/java/com/enonic/wem/core/image/filter/ImageFilter.java,9
xp,com.enonic.wem.core.image.filter,BuilderContext,2,0,2,2,10,2,0,0,0.0,31,0,/temp/xp/modules/wem-core/src/main/java/com/enonic/wem/core/image/filter/BuilderContext.java,7
xp,com.enonic.wem.core.image.filter,ImageFilterBuilderImpl,2,0,5,2,30,7,0,1,0.0,0,8,/temp/xp/modules/wem-core/src/main/java/com/enonic/wem/core/image/filter/ImageFilterBuilderImpl.java,13
xp,com.enonic.wem.core.image.filter,AwtImageFilter,1,0,3,2,18,3,0,1,0.0,0,1,/temp/xp/modules/wem-core/src/main/java/com/enonic/wem/core/image/filter/AwtImageFilter.java,17
xp,com.enonic.wem.core.image.filter.parser,FilterExprParserTest,0,0,6,5,34,6,0,0,-1.0,0,0,/temp/xp/modules/wem-core/src/test/java/com/enonic/wem/core/image/filter/parser/FilterExprParserTest.java,9
xp,com.enonic.wem.core.image.filter.parser,FilterExprParserContext,4,0,14,2,152,35,0,0,0.0,0,2,/temp/xp/modules/wem-core/src/main/java/com/enonic/wem/core/image/filter/parser/FilterExprParserContext.java,12
xp,com.enonic.wem.core.image.filter.parser,FilterExprParser,0,0,1,1,12,3,0,0,-1.0,1,1,/temp/xp/modules/wem-core/src/main/java/com/enonic/wem/core/image/filter/parser/FilterExprParser.java,7
xp,com.enonic.wem.core.image.filter.parser,FilterExpr,2,0,6,4,45,11,0,0,0.0,3,0,/temp/xp/modules/wem-core/src/main/java/com/enonic/wem/core/image/filter/parser/FilterExpr.java,7
xp,com.enonic.wem.core.image.filter.parser,FilterSetExpr,1,0,4,4,22,6,0,0,0.0,3,1,/temp/xp/modules/wem-core/src/main/java/com/enonic/wem/core/image/filter/parser/FilterSetExpr.java,10
xp,com.enonic.wem.core.image.filter.effect,BaseImageFilterTest,2,0,3,1,14,3,7,0,0.0,0,0,/temp/xp/modules/wem-core/src/test/java/com/enonic/wem/core/image/filter/effect/BaseImageFilterTest.java,13
xp,com.enonic.wem.core.image.filter.effect,ScaleSquareFilterTest,0,0,3,2,16,3,0,1,-1.0,0,2,/temp/xp/modules/wem-core/src/test/java/com/enonic/wem/core/image/filter/effect/ScaleSquareFilterTest.java,15
xp,com.enonic.wem.core.image.filter.effect,ScaleHeightFilterTest,0,0,3,2,16,3,0,1,-1.0,0,2,/temp/xp/modules/wem-core/src/test/java/com/enonic/wem/core/image/filter/effect/ScaleHeightFilterTest.java,15
xp,com.enonic.wem.core.image.filter.effect,RectBorderFilterTest,0,0,1,1,15,1,0,1,-1.0,0,2,/temp/xp/modules/wem-core/src/test/java/com/enonic/wem/core/image/filter/effect/RectBorderFilterTest.java,11
xp,com.enonic.wem.core.image.filter.effect,SepiaFilterTest,0,0,2,2,27,2,0,0,-1.0,0,2,/temp/xp/modules/wem-core/src/test/java/com/enonic/wem/core/image/filter/effect/SepiaFilterTest.java,13
xp,com.enonic.wem.core.image.filter.effect,ScaleWidthFilterTest,0,0,3,2,16,3,0,1,-1.0,0,2,/temp/xp/modules/wem-core/src/test/java/com/enonic/wem/core/image/filter/effect/ScaleWidthFilterTest.java,15
xp,com.enonic.wem.core.image.filter.effect,ScaleWideFilterTest,0,0,4,3,21,4,0,1,-1.0,0,2,/temp/xp/modules/wem-core/src/test/java/com/enonic/wem/core/image/filter/effect/ScaleWideFilterTest.java,15
xp,com.enonic.wem.core.image.filter.effect,ScaleMaxFilterTest,0,0,3,2,16,3,0,1,-1.0,0,2,/temp/xp/modules/wem-core/src/test/java/com/enonic/wem/core/image/filter/effect/ScaleMaxFilterTest.java,15
xp,com.enonic.wem.core.image.filter.effect,ScaleBlockFilterTest,0,0,3,1,18,3,0,1,-1.0,0,2,/temp/xp/modules/wem-core/src/test/java/com/enonic/wem/core/image/filter/effect/ScaleBlockFilterTest.java,11
xp,com.enonic.wem.core.image.filter.effect,SepiaFilter,1,0,2,2,26,4,0,0,0.0,1,0,/temp/xp/modules/wem-core/src/main/java/com/enonic/wem/core/image/filter/effect/SepiaFilter.java,10
xp,com.enonic.wem.core.image.filter.effect,ScaleHeightFilter,1,0,2,2,14,2,0,1,0.0,1,0,/temp/xp/modules/wem-core/src/main/java/com/enonic/wem/core/image/filter/effect/ScaleHeightFilter.java,9
xp,com.enonic.wem.core.image.filter.effect,BaseImageFilter,0,0,3,0,13,3,8,0,-1.0,0,1,/temp/xp/modules/wem-core/src/main/java/com/enonic/wem/core/image/filter/effect/BaseImageFilter.java,14
xp,com.enonic.wem.core.image.filter.effect,HSBColorizeFilter,3,0,2,2,27,2,0,0,0.0,0,0,/temp/xp/modules/wem-core/src/main/java/com/enonic/wem/core/image/filter/effect/HSBColorizeFilter.java,10
xp,com.enonic.wem.core.image.filter.effect,ScaleWidthFilter,1,0,2,2,14,2,0,1,0.0,1,0,/temp/xp/modules/wem-core/src/main/java/com/enonic/wem/core/image/filter/effect/ScaleWidthFilter.java,9
xp,com.enonic.wem.core.image.filter.effect,ColorizeFilter,3,0,2,2,34,5,0,0,0.0,0,0,/temp/xp/modules/wem-core/src/main/java/com/enonic/wem/core/image/filter/effect/ColorizeFilter.java,10
xp,com.enonic.wem.core.image.filter.effect,RectBorderFilter,2,0,2,2,23,3,0,1,0.0,1,0,/temp/xp/modules/wem-core/src/main/java/com/enonic/wem/core/image/filter/effect/RectBorderFilter.java,13
xp,com.enonic.wem.core.image.filter.effect,ScaleBlockFilter,4,0,2,2,46,5,0,1,0.0,1,0,/temp/xp/modules/wem-core/src/main/java/com/enonic/wem/core/image/filter/effect/ScaleBlockFilter.java,5
xp,com.enonic.wem.core.image.filter.effect,ScaleSquareFilter,1,0,2,2,20,3,0,1,0.0,1,0,/temp/xp/modules/wem-core/src/main/java/com/enonic/wem/core/image/filter/effect/ScaleSquareFilter.java,9
xp,com.enonic.wem.core.image.filter.effect,ScaleWideFilter,3,0,2,2,24,3,0,1,0.0,1,0,/temp/xp/modules/wem-core/src/main/java/com/enonic/wem/core/image/filter/effect/ScaleWideFilter.java,9
xp,com.enonic.wem.core.image.filter.effect,ScaleMaxFilter,1,0,2,2,15,2,0,1,0.0,1,0,/temp/xp/modules/wem-core/src/main/java/com/enonic/wem/core/image/filter/effect/ScaleMaxFilter.java,9
xp,com.enonic.wem.core.image.filter.effect,RoundedFilter,3,0,2,2,25,3,0,1,0.0,0,0,/temp/xp/modules/wem-core/src/main/java/com/enonic/wem/core/image/filter/effect/RoundedFilter.java,13
xp,com.enonic.wem.core.content,UpdateContentCommandTest,6,0,3,2,36,3,0,0,0.0,0,15,/temp/xp/modules/wem-core/src/test/java/com/enonic/wem/core/content/UpdateContentCommandTest.java,29
xp,com.enonic.wem.core.content,ContentAttachmentsNodeTranslator2Test,0,0,1,1,15,1,0,0,-1.0,0,5,/temp/xp/modules/wem-core/src/test/java/com/enonic/wem/core/content/ContentAttachmentsNodeTranslator2Test.java,14
xp,com.enonic.wem.core.content,GetNearestSiteCommandTest,1,0,5,5,43,5,0,0,0.0,0,6,/temp/xp/modules/wem-core/src/test/java/com/enonic/wem/core/content/GetNearestSiteCommandTest.java,15
xp,com.enonic.wem.core.content,ValidateContentDataCommandTest,2,0,3,3,29,3,0,0,0.0,0,12,/temp/xp/modules/wem-core/src/test/java/com/enonic/wem/core/content/ValidateContentDataCommandTest.java,26
xp,com.enonic.wem.core.content,ContentNodeTranslatorTest,2,0,8,8,82,8,0,0,0.0,0,38,/temp/xp/modules/wem-core/src/test/java/com/enonic/wem/core/content/ContentNodeTranslatorTest.java,48
xp,com.enonic.wem.core.content,ContentPathNameGeneratorTest,5,0,17,15,89,18,0,0,0.0,0,2,/temp/xp/modules/wem-core/src/test/java/com/enonic/wem/core/content/ContentPathNameGeneratorTest.java,7
xp,com.enonic.wem.core.content,SpecialCharacterTestStrings,3,3,0,0,5,0,0,0,-1.0,1,0,/temp/xp/modules/wem-core/src/test/java/com/enonic/wem/core/content/ContentPathNameGeneratorTest.java,159
xp,com.enonic.wem.core.content,ContentAttachmentNodeTranslatorTest,1,0,3,3,25,3,0,0,0.0,0,6,/temp/xp/modules/wem-core/src/test/java/com/enonic/wem/core/content/ContentAttachmentNodeTranslatorTest.java,11
xp,com.enonic.wem.core.content,ContentPathNameGenerator,5,0,11,1,106,30,0,0,0.18181818181818182,1,0,/temp/xp/modules/wem-core/src/main/java/com/enonic/wem/core/content/ContentPathNameGenerator.java,8
xp,com.enonic.wem.core.content,RenameContentCommand,2,0,7,3,39,7,0,1,0.42857142857142855,2,7,/temp/xp/modules/wem-core/src/main/java/com/enonic/wem/core/content/RenameContentCommand.java,15
xp,com.enonic.wem.core.content,Builder,1,0,3,2,13,3,0,1,0.6666666666666666,30,3,/temp/xp/modules/wem-core/src/main/java/com/enonic/wem/core/content/RenameContentCommand.java,58
xp,com.enonic.wem.core.content,FindContentByQueryCommand,2,0,7,3,34,7,0,1,0.5714285714285714,2,8,/temp/xp/modules/wem-core/src/main/java/com/enonic/wem/core/content/FindContentByQueryCommand.java,11
xp,com.enonic.wem.core.content,Builder,1,0,4,2,18,4,0,1,0.75,0,4,/temp/xp/modules/wem-core/src/main/java/com/enonic/wem/core/content/FindContentByQueryCommand.java,43
xp,com.enonic.wem.core.content,ContentAttachmentNodeTranslator,0,0,5,3,37,11,0,0,-1.0,2,5,/temp/xp/modules/wem-core/src/main/java/com/enonic/wem/core/content/ContentAttachmentNodeTranslator.java,7
xp,com.enonic.wem.core.content,ApplyContentPermissionsCommand,2,0,6,2,28,6,0,1,0.5,2,5,/temp/xp/modules/wem-core/src/main/java/com/enonic/wem/core/content/ApplyContentPermissionsCommand.java,8
xp,com.enonic.wem.core.content,Builder,1,0,3,1,13,3,0,1,1.0,0,3,/temp/xp/modules/wem-core/src/main/java/com/enonic/wem/core/content/ApplyContentPermissionsCommand.java,37
xp,com.enonic.wem.core.content,CreateMediaCommand,2,0,7,3,48,8,0,1,0.42857142857142855,2,11,/temp/xp/modules/wem-core/src/main/java/com/enonic/wem/core/content/CreateMediaCommand.java,14
xp,com.enonic.wem.core.content,Builder,1,0,3,2,15,3,0,1,0.6666666666666666,0,4,/temp/xp/modules/wem-core/src/main/java/com/enonic/wem/core/content/CreateMediaCommand.java,79
xp,com.enonic.wem.core.content,ContentQueryNodeQueryTranslator,0,0,3,1,22,5,0,0,-1.0,1,8,/temp/xp/modules/wem-core/src/main/java/com/enonic/wem/core/content/ContentQueryNodeQueryTranslator.java,12
xp,com.enonic.wem.core.content,CreateContentCommand,3,0,11,4,67,15,0,1,0.5454545454545454,3,9,/temp/xp/modules/wem-core/src/main/java/com/enonic/wem/core/content/CreateContentCommand.java,23
xp,com.enonic.wem.core.content,Builder,1,0,5,2,21,5,0,1,0.8,0,4,/temp/xp/modules/wem-core/src/main/java/com/enonic/wem/core/content/CreateContentCommand.java,97
xp,com.enonic.wem.core.content,ContentNodeTranslator,5,0,15,6,132,26,0,0,0.0,6,35,/temp/xp/modules/wem-core/src/main/java/com/enonic/wem/core/content/ContentNodeTranslator.java,41
xp,com.enonic.wem.core.content,FindContentVersionsCommand,6,0,9,6,52,9,0,1,0.4444444444444444,2,9,/temp/xp/modules/wem-core/src/main/java/com/enonic/wem/core/content/FindContentVersionsCommand.java,10
xp,com.enonic.wem.core.content,Builder,3,0,5,4,22,5,0,1,1.0,0,4,/temp/xp/modules/wem-core/src/main/java/com/enonic/wem/core/content/FindContentVersionsCommand.java,63
xp,com.enonic.wem.core.content,SiteDataSerializer,4,0,2,0,18,3,0,0,0.0,1,2,/temp/xp/modules/wem-core/src/main/java/com/enonic/wem/core/content/SiteDataSerializer.java,7
xp,com.enonic.wem.core.content,ContentInitializer,2,0,2,2,15,3,0,0,0.0,1,4,/temp/xp/modules/wem-core/src/main/java/com/enonic/wem/core/content/ContentInitializer.java,11
xp,com.enonic.wem.core.content,AbstractContentCommand,10,0,11,5,64,11,30,0,0.2727272727272727,31,11,/temp/xp/modules/wem-core/src/main/java/com/enonic/wem/core/content/AbstractContentCommand.java,16
xp,com.enonic.wem.core.content,Builder,5,0,8,5,43,8,0,0,0.25,0,6,/temp/xp/modules/wem-core/src/main/java/com/enonic/wem/core/content/AbstractContentCommand.java,51
xp,com.enonic.wem.core.content,ThumbnailFactory,1,0,1,0,15,1,0,0,0.0,2,1,/temp/xp/modules/wem-core/src/main/java/com/enonic/wem/core/content/ThumbnailFactory.java,14
xp,com.enonic.wem.core.content,ContentIndexConfigFactory,0,0,1,1,6,1,0,0,-1.0,1,5,/temp/xp/modules/wem-core/src/main/java/com/enonic/wem/core/content/ContentIndexConfigFactory.java,9
xp,com.enonic.wem.core.content,ContentServiceImpl,11,1,35,32,164,41,0,0,0.11428571428571428,2,59,/temp/xp/modules/wem-core/src/main/java/com/enonic/wem/core/content/ContentServiceImpl.java,68
xp,com.enonic.wem.core.content,ContentAttachmentsNodeTranslator2,0,0,3,1,26,6,0,0,-1.0,2,4,/temp/xp/modules/wem-core/src/main/java/com/enonic/wem/core/content/ContentAttachmentsNodeTranslator2.java,14
xp,com.enonic.wem.core.content,UpdateContentCommand,4,0,12,3,103,23,0,1,0.16666666666666666,3,15,/temp/xp/modules/wem-core/src/main/java/com/enonic/wem/core/content/UpdateContentCommand.java,31
xp,com.enonic.wem.core.content,Builder,1,0,3,2,13,3,0,1,0.6666666666666666,0,3,/temp/xp/modules/wem-core/src/main/java/com/enonic/wem/core/content/UpdateContentCommand.java,177
xp,com.enonic.wem.core.content,CompareContentsCommand,6,0,9,6,48,10,0,0,0.4444444444444444,2,8,/temp/xp/modules/wem-core/src/main/java/com/enonic/wem/core/content/CompareContentsCommand.java,17
xp,com.enonic.wem.core.content,Builder,3,0,5,4,22,5,0,0,1.0,0,5,/temp/xp/modules/wem-core/src/main/java/com/enonic/wem/core/content/CompareContentsCommand.java,60
xp,com.enonic.wem.core.content,GetContentByIdsCommand,4,0,9,4,55,10,0,1,0.2222222222222222,2,11,/temp/xp/modules/wem-core/src/main/java/com/enonic/wem/core/content/GetContentByIdsCommand.java,22
xp,com.enonic.wem.core.content,Builder,2,0,4,3,19,4,0,1,0.5,0,5,/temp/xp/modules/wem-core/src/main/java/com/enonic/wem/core/content/GetContentByIdsCommand.java,81
xp,com.enonic.wem.core.content,ContentTypeFromMimeTypeResolver,1,0,1,0,34,1,0,0,0.0,1,0,/temp/xp/modules/wem-core/src/main/java/com/enonic/wem/core/content/ContentTypeFromMimeTypeResolver.java,10
xp,com.enonic.wem.core.content,ValidateContentDataCommand,2,0,4,0,24,4,0,0,0.0,1,6,/temp/xp/modules/wem-core/src/main/java/com/enonic/wem/core/content/ValidateContentDataCommand.java,14
xp,com.enonic.wem.core.content,CompareContentCommand,6,0,8,7,42,8,0,0,0.375,2,7,/temp/xp/modules/wem-core/src/main/java/com/enonic/wem/core/content/CompareContentCommand.java,10
xp,com.enonic.wem.core.content,Builder,3,0,5,5,24,5,0,0,0.8,0,5,/temp/xp/modules/wem-core/src/main/java/com/enonic/wem/core/content/CompareContentCommand.java,39
xp,com.enonic.wem.core.content,CompareResultTranslator,0,0,3,2,15,4,0,0,-1.0,2,4,/temp/xp/modules/wem-core/src/main/java/com/enonic/wem/core/content/CompareResultTranslator.java,9
xp,com.enonic.wem.core.content,ContentPropertyNames,8,8,0,0,10,0,0,0,-1.0,4,0,/temp/xp/modules/wem-core/src/main/java/com/enonic/wem/core/content/ContentPropertyNames.java,3
xp,com.enonic.wem.core.content,ContentDataSerializer,3,0,3,2,72,16,0,0,0.0,1,12,/temp/xp/modules/wem-core/src/main/java/com/enonic/wem/core/content/ContentDataSerializer.java,16
xp,com.enonic.wem.core.content,ContentNodeHelper,2,0,3,3,18,4,0,0,0.0,4,4,/temp/xp/modules/wem-core/src/main/java/com/enonic/wem/core/content/ContentNodeHelper.java,10
xp,com.enonic.wem.core.content,PushContentCommand,4,0,7,4,39,7,0,1,0.42857142857142855,2,6,/temp/xp/modules/wem-core/src/main/java/com/enonic/wem/core/content/PushContentCommand.java,12
xp,com.enonic.wem.core.content,Builder,2,0,4,3,21,4,0,1,0.5,0,5,/temp/xp/modules/wem-core/src/main/java/com/enonic/wem/core/content/PushContentCommand.java,42
xp,com.enonic.wem.core.content,GetContentByPathCommand,2,0,6,3,32,7,0,1,0.3333333333333333,2,7,/temp/xp/modules/wem-core/src/main/java/com/enonic/wem/core/content/GetContentByPathCommand.java,12
xp,com.enonic.wem.core.content,Builder,1,0,3,2,14,3,0,1,0.6666666666666666,0,3,/temp/xp/modules/wem-core/src/main/java/com/enonic/wem/core/content/GetContentByPathCommand.java,42
xp,com.enonic.wem.core.content,GetNearestSiteCommand,4,0,8,5,51,12,0,0,0.5,3,5,/temp/xp/modules/wem-core/src/main/java/com/enonic/wem/core/content/GetNearestSiteCommand.java,9
xp,com.enonic.wem.core.content,Builder,2,0,4,3,17,4,0,0,1.0,0,4,/temp/xp/modules/wem-core/src/main/java/com/enonic/wem/core/content/GetNearestSiteCommand.java,62
xp,com.enonic.wem.core.content,ImageFormDataBuilder,2,0,3,0,16,3,0,0,0.0,0,1,/temp/xp/modules/wem-core/src/main/java/com/enonic/wem/core/content/ImageFormDataBuilder.java,6
xp,com.enonic.wem.core.content,ContentDuplicateNameResolver,0,0,0,0,2,0,0,0,-1.0,0,0,/temp/xp/modules/wem-core/src/main/java/com/enonic/wem/core/content/ContentDuplicateNameResolver.java,3
xp,com.enonic.wem.core.content,FindContentByParentCommand,2,0,6,3,39,7,0,1,0.3333333333333333,2,11,/temp/xp/modules/wem-core/src/main/java/com/enonic/wem/core/content/FindContentByParentCommand.java,14
xp,com.enonic.wem.core.content,Builder,1,0,3,2,14,3,0,1,0.6666666666666666,0,3,/temp/xp/modules/wem-core/src/main/java/com/enonic/wem/core/content/FindContentByParentCommand.java,64
xp,com.enonic.wem.core.content,DeleteContentCommand,2,0,7,3,38,7,0,1,0.42857142857142855,2,7,/temp/xp/modules/wem-core/src/main/java/com/enonic/wem/core/content/DeleteContentCommand.java,15
xp,com.enonic.wem.core.content,Builder,1,0,3,2,14,3,0,1,0.6666666666666666,0,4,/temp/xp/modules/wem-core/src/main/java/com/enonic/wem/core/content/DeleteContentCommand.java,54
xp,com.enonic.wem.core.content,GetContentByIdCommand,2,0,8,5,43,8,0,1,0.375,3,7,/temp/xp/modules/wem-core/src/main/java/com/enonic/wem/core/content/GetContentByIdCommand.java,14
xp,com.enonic.wem.core.content,Builder,1,0,4,3,17,4,0,1,0.75,0,3,/temp/xp/modules/wem-core/src/main/java/com/enonic/wem/core/content/GetContentByIdCommand.java,54
xp,com.enonic.wem.core.content,GetContentByPathsCommand,2,0,7,3,39,7,0,1,0.2857142857142857,2,9,/temp/xp/modules/wem-core/src/main/java/com/enonic/wem/core/content/GetContentByPathsCommand.java,15
xp,com.enonic.wem.core.content,Builder,1,0,3,2,14,3,0,1,0.6666666666666666,0,3,/temp/xp/modules/wem-core/src/main/java/com/enonic/wem/core/content/GetContentByPathsCommand.java,55
xp,com.enonic.wem.core.content,GetActiveContentVersionsCommand,4,0,7,5,41,8,0,1,0.5714285714285714,2,11,/temp/xp/modules/wem-core/src/main/java/com/enonic/wem/core/content/GetActiveContentVersionsCommand.java,15
xp,com.enonic.wem.core.content,Builder,2,0,4,3,17,4,0,1,1.0,0,5,/temp/xp/modules/wem-core/src/main/java/com/enonic/wem/core/content/GetActiveContentVersionsCommand.java,57
xp,com.enonic.wem.core.content,ContentVersionFactory,2,0,5,3,25,6,0,0,0.0,2,11,/temp/xp/modules/wem-core/src/main/java/com/enonic/wem/core/content/ContentVersionFactory.java,14
xp,com.enonic.wem.core.content.page,PageDataSerializerTest,2,0,1,1,17,1,0,0,0.0,0,8,/temp/xp/modules/wem-core/src/test/java/com/enonic/wem/core/content/page/PageDataSerializerTest.java,15
xp,com.enonic.wem.core.content.page,GetPageDescriptorsByModuleCommand,3,0,4,3,30,6,0,1,0.0,0,6,/temp/xp/modules/wem-core/src/main/java/com/enonic/wem/core/content/page/GetPageDescriptorsByModuleCommand.java,17
xp,com.enonic.wem.core.content.page,CreatePageTemplateCommand,9,0,10,10,53,10,0,0,0.0,0,13,/temp/xp/modules/wem-core/src/main/java/com/enonic/wem/core/content/page/CreatePageTemplateCommand.java,21
xp,com.enonic.wem.core.content.page,AbstractGetPageDescriptorCommand,0,0,1,0,12,1,3,0,-1.0,0,7,/temp/xp/modules/wem-core/src/main/java/com/enonic/wem/core/content/page/AbstractGetPageDescriptorCommand.java,11
xp,com.enonic.wem.core.content.page,DeletePageCommand,4,0,8,5,39,8,0,0,0.5,2,4,/temp/xp/modules/wem-core/src/main/java/com/enonic/wem/core/content/page/DeletePageCommand.java,10
xp,com.enonic.wem.core.content.page,Builder,2,0,5,3,22,5,0,0,0.4,5,3,/temp/xp/modules/wem-core/src/main/java/com/enonic/wem/core/content/page/DeletePageCommand.java,37
xp,com.enonic.wem.core.content.page,GetPageTemplateByKeyCommand,2,0,3,3,15,3,0,0,0.0,0,2,/temp/xp/modules/wem-core/src/main/java/com/enonic/wem/core/content/page/GetPageTemplateByKeyCommand.java,7
xp,com.enonic.wem.core.content.page,GetPageDescriptorsByModulesCommand,3,0,4,3,32,7,0,1,0.0,0,7,/temp/xp/modules/wem-core/src/main/java/com/enonic/wem/core/content/page/GetPageDescriptorsByModulesCommand.java,18
xp,com.enonic.wem.core.content.page,PageTemplateFormDataBuilder,1,0,2,0,14,4,0,0,0.0,0,2,/temp/xp/modules/wem-core/src/main/java/com/enonic/wem/core/content/page/PageTemplateFormDataBuilder.java,8
xp,com.enonic.wem.core.content.page,GetDefaultPageTemplateCommand,3,0,4,4,23,4,0,0,0.0,0,6,/temp/xp/modules/wem-core/src/main/java/com/enonic/wem/core/content/page/GetDefaultPageTemplateCommand.java,10
xp,com.enonic.wem.core.content.page,PageDataSerializer,5,3,3,3,41,10,0,0,0.0,2,6,/temp/xp/modules/wem-core/src/main/java/com/enonic/wem/core/content/page/PageDataSerializer.java,13
xp,com.enonic.wem.core.content.page,GetPageDescriptorCommand,1,0,2,2,15,2,0,1,0.0,0,1,/temp/xp/modules/wem-core/src/main/java/com/enonic/wem/core/content/page/GetPageDescriptorCommand.java,8
xp,com.enonic.wem.core.content.page,PageComponentServiceImpl,2,0,3,3,13,3,0,0,0.0,0,4,/temp/xp/modules/wem-core/src/main/java/com/enonic/wem/core/content/page/PageComponentServiceImpl.java,10
xp,com.enonic.wem.core.content.page,UpdatePageCommand,4,0,8,5,49,11,0,0,0.5,2,7,/temp/xp/modules/wem-core/src/main/java/com/enonic/wem/core/content/page/UpdatePageCommand.java,14
xp,com.enonic.wem.core.content.page,Builder,2,0,5,3,22,5,0,0,0.6,0,4,/temp/xp/modules/wem-core/src/main/java/com/enonic/wem/core/content/page/UpdatePageCommand.java,61
xp,com.enonic.wem.core.content.page,PageDescriptorServiceImpl,1,0,4,4,15,4,0,0,0.5,0,4,/temp/xp/modules/wem-core/src/main/java/com/enonic/wem/core/content/page/PageDescriptorServiceImpl.java,11
xp,com.enonic.wem.core.content.page,GetPageTemplateBySiteCommand,2,0,3,3,24,5,0,0,0.0,1,8,/temp/xp/modules/wem-core/src/main/java/com/enonic/wem/core/content/page/GetPageTemplateBySiteCommand.java,13
xp,com.enonic.wem.core.content.page,GetPageComponentByNameCommand,4,0,7,5,52,9,0,0,0.0,0,11,/temp/xp/modules/wem-core/src/main/java/com/enonic/wem/core/content/page/GetPageComponentByNameCommand.java,19
xp,com.enonic.wem.core.content.page,CreatePageCommand,4,0,8,5,39,8,0,0,0.5,2,5,/temp/xp/modules/wem-core/src/main/java/com/enonic/wem/core/content/page/CreatePageCommand.java,13
xp,com.enonic.wem.core.content.page,Builder,2,0,5,3,22,5,0,0,0.6,0,4,/temp/xp/modules/wem-core/src/main/java/com/enonic/wem/core/content/page/CreatePageCommand.java,49
xp,com.enonic.wem.core.content.page,PageTemplateServiceImpl,2,0,6,6,24,6,0,0,0.0,0,6,/temp/xp/modules/wem-core/src/main/java/com/enonic/wem/core/content/page/PageTemplateServiceImpl.java,16
xp,com.enonic.wem.core.content.page,PageServiceImpl,1,0,4,4,15,4,0,0,0.0,0,7,/temp/xp/modules/wem-core/src/main/java/com/enonic/wem/core/content/page/PageServiceImpl.java,10
xp,com.enonic.wem.core.schema.mixin.dao,MixinDaoImpl,1,0,4,4,15,4,0,1,0.0,0,3,/temp/xp/modules/wem-core/src/main/java/com/enonic/wem/core/schema/mixin/dao/MixinDaoImpl.java,9
xp,com.enonic.wem.core.schema.mixin.dao,MixinDao,0,0,3,0,5,3,1,0,-1.0,3,2,/temp/xp/modules/wem-core/src/main/java/com/enonic/wem/core/schema/mixin/dao/MixinDao.java,8
xp,com.enonic.wem.core.schema.metadata,CoreMetadataSchemasProvider,4,0,4,1,33,6,0,0,0.5,0,8,/temp/xp/modules/wem-core/src/main/java/com/enonic/wem/core/schema/metadata/CoreMetadataSchemasProvider.java,19
xp,com.enonic.wem.core.schema.metadata,ModuleMetadataProvider,1,0,2,2,9,2,0,0,0.0,1,0,/temp/xp/modules/wem-core/src/main/java/com/enonic/wem/core/schema/metadata/ModuleMetadataProvider.java,7
xp,com.enonic.wem.core.schema.metadata,MetadataSchemaServiceImpl,1,0,5,5,18,5,0,0,0.0,0,4,/temp/xp/modules/wem-core/src/main/java/com/enonic/wem/core/schema/metadata/MetadataSchemaServiceImpl.java,11
xp,com.enonic.wem.core.schema.metadata,MetadataRegistryImpl,0,0,4,4,15,4,0,0,-1.0,0,3,/temp/xp/modules/wem-core/src/main/java/com/enonic/wem/core/schema/metadata/MetadataRegistryImpl.java,11
xp,com.enonic.wem.core.schema.metadata,MetadataLoader,5,0,5,1,47,6,0,0,0.6,0,10,/temp/xp/modules/wem-core/src/main/java/com/enonic/wem/core/schema/metadata/MetadataLoader.java,26
xp,com.enonic.wem.core.schema.metadata,GetMetadataSchemaCommand,2,0,4,1,30,6,0,0,0.0,0,3,/temp/xp/modules/wem-core/src/main/java/com/enonic/wem/core/schema/metadata/GetMetadataSchemaCommand.java,8
xp,com.enonic.wem.core.schema.metadata,GetMetadataSchemasCommand,2,0,5,0,37,8,0,0,0.0,0,5,/temp/xp/modules/wem-core/src/main/java/com/enonic/wem/core/schema/metadata/GetMetadataSchemasCommand.java,16
xp,com.enonic.wem.core.schema.metadata.dao,MetadataSchemaDaoImpl,1,0,4,4,15,4,0,1,0.0,0,3,/temp/xp/modules/wem-core/src/main/java/com/enonic/wem/core/schema/metadata/dao/MetadataSchemaDaoImpl.java,9
xp,com.enonic.wem.core.schema.metadata.dao,MetadataSchemaDao,0,0,3,0,5,3,1,0,-1.0,3,2,/temp/xp/modules/wem-core/src/main/java/com/enonic/wem/core/schema/metadata/dao/MetadataSchemaDao.java,8
xp,com.enonic.wem.core.schema,IconDao,2,0,1,1,19,2,0,0,0.0,4,3,/temp/xp/modules/wem-core/src/main/java/com/enonic/wem/core/schema/IconDao.java,17
xp,com.enonic.wem.core.schema,BaseRegistry,6,0,13,7,72,18,0,0,0.0,0,1,/temp/xp/modules/wem-core/src/main/java/com/enonic/wem/core/schema/BaseRegistry.java,16
xp,com.enonic.wem.core.schema,SchemaModuleListener,2,0,5,2,39,7,0,0,0.0,0,10,/temp/xp/modules/wem-core/src/main/java/com/enonic/wem/core/schema/SchemaModuleListener.java,24
xp,com.enonic.wem.core.schema.content.dao,ContentTypeDao,0,0,3,0,5,3,1,0,-1.0,12,2,/temp/xp/modules/wem-core/src/main/java/com/enonic/wem/core/schema/content/dao/ContentTypeDao.java,8
xp,com.enonic.wem.core.schema.content.dao,ContentTypeDaoImpl,1,0,4,4,15,4,0,1,0.0,0,3,/temp/xp/modules/wem-core/src/main/java/com/enonic/wem/core/schema/content/dao/ContentTypeDaoImpl.java,9
xp,com.enonic.wem.core.initializer,StartupInitializerImpl,4,0,11,7,51,13,0,1,0.18181818181818182,0,6,/temp/xp/modules/wem-core/src/main/java/com/enonic/wem/core/initializer/StartupInitializerImpl.java,11
xp,com.enonic.wem.core.initializer,StartupInitializer,0,0,2,2,4,2,1,0,-1.0,1,0,/temp/xp/modules/wem-core/src/main/java/com/enonic/wem/core/initializer/StartupInitializer.java,3
xp,com.enonic.wem.core.image,ImageHelper,0,0,9,8,70,13,0,0,-1.0,3,0,/temp/xp/modules/wem-core/src/main/java/com/enonic/wem/core/image/ImageHelper.java,20
xp,com.enonic.wem.core.image.filter.command,HSBAdjustFilterCommand,0,0,2,1,11,2,0,1,-1.0,0,1,/temp/xp/modules/wem-core/src/main/java/com/enonic/wem/core/image/filter/command/HSBAdjustFilterCommand.java,11
xp,com.enonic.wem.core.image.filter.command,ScaleWideFilterCommand,0,0,2,1,8,2,0,1,-1.0,0,1,/temp/xp/modules/wem-core/src/main/java/com/enonic/wem/core/image/filter/command/ScaleWideFilterCommand.java,10
xp,com.enonic.wem.core.image.filter.command,Rotate270Command,0,0,2,1,8,2,0,1,-1.0,0,1,/temp/xp/modules/wem-core/src/main/java/com/enonic/wem/core/image/filter/command/Rotate270Command.java,11
xp,com.enonic.wem.core.image.filter.command,RoundedFilterCommand,0,0,2,1,8,2,0,1,-1.0,0,1,/temp/xp/modules/wem-core/src/main/java/com/enonic/wem/core/image/filter/command/RoundedFilterCommand.java,10
xp,com.enonic.wem.core.image.filter.command,InvertFilterCommand,0,0,2,1,8,2,0,1,-1.0,0,1,/temp/xp/modules/wem-core/src/main/java/com/enonic/wem/core/image/filter/command/InvertFilterCommand.java,11
xp,com.enonic.wem.core.image.filter.command,RGBAdjustFilterCommand,0,0,2,1,11,2,0,1,-1.0,0,1,/temp/xp/modules/wem-core/src/main/java/com/enonic/wem/core/image/filter/command/RGBAdjustFilterCommand.java,11
xp,com.enonic.wem.core.image.filter.command,ColorizeFilterCommand,0,0,2,1,11,2,0,1,-1.0,0,1,/temp/xp/modules/wem-core/src/main/java/com/enonic/wem/core/image/filter/command/ColorizeFilterCommand.java,10
xp,com.enonic.wem.core.image.filter.command,FilterCommand,1,0,17,3,117,31,27,0,0.23529411764705882,2,1,/temp/xp/modules/wem-core/src/main/java/com/enonic/wem/core/image/filter/command/FilterCommand.java,14
xp,com.enonic.wem.core.image.filter.command,BumpFilterCommand,0,0,2,1,8,2,0,1,-1.0,0,1,/temp/xp/modules/wem-core/src/main/java/com/enonic/wem/core/image/filter/command/BumpFilterCommand.java,11
xp,com.enonic.wem.core.image.filter.command,ScaleHeightFilterCommand,0,0,2,1,8,2,0,1,-1.0,0,1,/temp/xp/modules/wem-core/src/main/java/com/enonic/wem/core/image/filter/command/ScaleHeightFilterCommand.java,10
xp,com.enonic.wem.core.image.filter.command,BorderFilterCommand,0,0,2,1,8,2,0,1,-1.0,0,1,/temp/xp/modules/wem-core/src/main/java/com/enonic/wem/core/image/filter/command/BorderFilterCommand.java,10
xp,com.enonic.wem.core.image.filter.command,EmbossFilterCommand,0,0,2,1,8,2,0,1,-1.0,0,1,/temp/xp/modules/wem-core/src/main/java/com/enonic/wem/core/image/filter/command/EmbossFilterCommand.java,11
xp,com.enonic.wem.core.image.filter.command,ScaleBlockFilterCommand,0,0,2,1,8,2,0,1,-1.0,0,1,/temp/xp/modules/wem-core/src/main/java/com/enonic/wem/core/image/filter/command/ScaleBlockFilterCommand.java,6
xp,com.enonic.wem.core.image.filter.command,Rotate90Command,0,0,2,1,8,2,0,1,-1.0,0,1,/temp/xp/modules/wem-core/src/main/java/com/enonic/wem/core/image/filter/command/Rotate90Command.java,11
xp,com.enonic.wem.core.image.filter.command,ScaleMaxFilterCommand,0,0,2,1,8,2,0,1,-1.0,0,1,/temp/xp/modules/wem-core/src/main/java/com/enonic/wem/core/image/filter/command/ScaleMaxFilterCommand.java,10
xp,com.enonic.wem.core.image.filter.command,BlurFilterCommand,0,0,2,1,10,2,0,1,-1.0,0,1,/temp/xp/modules/wem-core/src/main/java/com/enonic/wem/core/image/filter/command/BlurFilterCommand.java,11
xp,com.enonic.wem.core.image.filter.command,SepiaFilterCommand,0,0,2,1,9,2,0,1,-1.0,0,1,/temp/xp/modules/wem-core/src/main/java/com/enonic/wem/core/image/filter/command/SepiaFilterCommand.java,10
xp,com.enonic.wem.core.image.filter.command,SharpenFilterCommand,0,0,2,1,8,2,0,1,-1.0,0,1,/temp/xp/modules/wem-core/src/main/java/com/enonic/wem/core/image/filter/command/SharpenFilterCommand.java,11
xp,com.enonic.wem.core.image.filter.command,Rotate180Command,0,0,2,1,8,2,0,1,-1.0,0,1,/temp/xp/modules/wem-core/src/main/java/com/enonic/wem/core/image/filter/command/Rotate180Command.java,11
xp,com.enonic.wem.core.image.filter.command,FilterCommandRegistry,1,0,3,2,39,3,0,0,0.0,1,1,/temp/xp/modules/wem-core/src/main/java/com/enonic/wem/core/image/filter/command/FilterCommandRegistry.java,9
xp,com.enonic.wem.core.image.filter.command,FlipHorizontalCommand,0,0,2,1,8,2,0,1,-1.0,0,1,/temp/xp/modules/wem-core/src/main/java/com/enonic/wem/core/image/filter/command/FlipHorizontalCommand.java,11
xp,com.enonic.wem.core.image.filter.command,BlockFilterCommand,0,0,2,1,10,2,0,1,-1.0,0,1,/temp/xp/modules/wem-core/src/main/java/com/enonic/wem/core/image/filter/command/BlockFilterCommand.java,11
xp,com.enonic.wem.core.image.filter.command,HSBColorizeFilterCommand,0,0,2,1,8,2,0,1,-1.0,0,1,/temp/xp/modules/wem-core/src/main/java/com/enonic/wem/core/image/filter/command/HSBColorizeFilterCommand.java,10
xp,com.enonic.wem.core.image.filter.command,ScaleWidthFilterCommand,0,0,2,1,8,2,0,1,-1.0,0,1,/temp/xp/modules/wem-core/src/main/java/com/enonic/wem/core/image/filter/command/ScaleWidthFilterCommand.java,10
xp,com.enonic.wem.core.image.filter.command,ScaleSquareFilterCommand,0,0,2,1,8,2,0,1,-1.0,0,1,/temp/xp/modules/wem-core/src/main/java/com/enonic/wem/core/image/filter/command/ScaleSquareFilterCommand.java,10
xp,com.enonic.wem.core.image.filter.command,EdgeFilterCommand,0,0,2,1,8,2,0,1,-1.0,0,1,/temp/xp/modules/wem-core/src/main/java/com/enonic/wem/core/image/filter/command/EdgeFilterCommand.java,11
xp,com.enonic.wem.core.image.filter.command,GrayscaleFilterCommand,0,0,2,1,8,2,0,1,-1.0,0,1,/temp/xp/modules/wem-core/src/main/java/com/enonic/wem/core/image/filter/command/GrayscaleFilterCommand.java,11
xp,com.enonic.wem.core.image.filter.command,GammaFilterCommand,0,0,2,1,9,2,0,1,-1.0,0,1,/temp/xp/modules/wem-core/src/main/java/com/enonic/wem/core/image/filter/command/GammaFilterCommand.java,11
xp,com.enonic.wem.core.image.filter.command,FlipVerticalCommand,0,0,2,1,8,2,0,1,-1.0,0,1,/temp/xp/modules/wem-core/src/main/java/com/enonic/wem/core/image/filter/command/FlipVerticalCommand.java,11
xp,com.enonic.wem.core.content.page.layout,GetLayoutDescriptorCommand,1,0,2,2,15,2,0,1,0.0,0,1,/temp/xp/modules/wem-core/src/main/java/com/enonic/wem/core/content/page/layout/GetLayoutDescriptorCommand.java,8
xp,com.enonic.wem.core.content.page.layout,GetLayoutDescriptorsByModuleCommand,1,0,2,2,11,2,0,1,0.0,0,1,/temp/xp/modules/wem-core/src/main/java/com/enonic/wem/core/content/page/layout/GetLayoutDescriptorsByModuleCommand.java,7
xp,com.enonic.wem.core.content.page.layout,GetLayoutDescriptorsByModulesCommand,1,0,2,2,11,2,0,1,0.0,0,2,/temp/xp/modules/wem-core/src/main/java/com/enonic/wem/core/content/page/layout/GetLayoutDescriptorsByModulesCommand.java,7
xp,com.enonic.wem.core.content.page.layout,AbstractGetLayoutDescriptorCommand,2,0,5,1,52,10,3,0,0.4,0,11,/temp/xp/modules/wem-core/src/main/java/com/enonic/wem/core/content/page/layout/AbstractGetLayoutDescriptorCommand.java,23
xp,com.enonic.wem.core.content.page.layout,LayoutDescriptorServiceImpl,1,0,4,4,15,4,0,0,0.0,0,4,/temp/xp/modules/wem-core/src/main/java/com/enonic/wem/core/content/page/layout/LayoutDescriptorServiceImpl.java,11
xp,com.enonic.wem.core.content.page.part,AbstractGetPartDescriptorCommand,2,0,5,1,52,10,3,0,0.4,0,11,/temp/xp/modules/wem-core/src/main/java/com/enonic/wem/core/content/page/part/AbstractGetPartDescriptorCommand.java,23
xp,com.enonic.wem.core.content.page.part,PartDescriptorServiceImpl,1,0,4,4,15,4,0,0,0.0,0,4,/temp/xp/modules/wem-core/src/main/java/com/enonic/wem/core/content/page/part/PartDescriptorServiceImpl.java,11
xp,com.enonic.wem.core.content.page.part,GetPartDescriptorsByModulesCommand,1,0,2,2,11,2,0,1,0.0,0,2,/temp/xp/modules/wem-core/src/main/java/com/enonic/wem/core/content/page/part/GetPartDescriptorsByModulesCommand.java,7
xp,com.enonic.wem.core.content.page.part,GetPartDescriptorsByModuleCommand,1,0,2,2,11,2,0,1,0.0,0,1,/temp/xp/modules/wem-core/src/main/java/com/enonic/wem/core/content/page/part/GetPartDescriptorsByModuleCommand.java,7
xp,com.enonic.wem.core.content.page.part,GetPartDescriptorCommand,1,0,2,2,15,2,0,1,0.0,0,1,/temp/xp/modules/wem-core/src/main/java/com/enonic/wem/core/content/page/part/GetPartDescriptorCommand.java,8
xp,com.enonic.wem.core.content.serializer,ThumbnailAttachmentSerializer,1,1,2,2,18,4,0,0,1.0,3,3,/temp/xp/modules/wem-core/src/main/java/com/enonic/wem/core/content/serializer/ThumbnailAttachmentSerializer.java,9
xp,com.enonic.wem.admin.rest.resource.auth,AuthResourceTest,3,0,5,4,43,5,0,0,0.0,0,9,/temp/xp/modules/wem-admin/src/test/java/com/enonic/wem/admin/rest/resource/auth/AuthResourceTest.java,22
xp,com.enonic.wem.admin.rest.resource.auth,UserJson,1,0,7,7,24,7,0,0,0.0,1,1,/temp/xp/modules/wem-admin/src/main/java/com/enonic/wem/admin/rest/resource/auth/UserJson.java,8
xp,com.enonic.wem.admin.rest.resource.auth,AuthResource,1,0,6,3,71,14,0,0,0.3333333333333333,1,11,/temp/xp/modules/wem-admin/src/main/java/com/enonic/wem/admin/rest/resource/auth/AuthResource.java,22
xp,com.enonic.wem.admin.rest.resource.auth,LoginJson,3,0,4,4,19,4,0,0,0.0,1,0,/temp/xp/modules/wem-admin/src/main/java/com/enonic/wem/admin/rest/resource/auth/LoginJson.java,7
xp,com.enonic.wem.admin.rest.resource.auth,LoginResultJson,1,0,3,3,13,3,0,0,0.0,1,3,/temp/xp/modules/wem-admin/src/main/java/com/enonic/wem/admin/rest/resource/auth/LoginResultJson.java,6
xp,com.enonic.wem.admin.rest.resource.schema.mixin,MixinResourceTest,6,0,8,5,57,8,0,0,0.0,0,9,/temp/xp/modules/wem-admin/src/test/java/com/enonic/wem/admin/rest/resource/schema/mixin/MixinResourceTest.java,33
xp,com.enonic.wem.admin.rest.resource.schema.mixin,MixinIconUrlResolver,2,1,3,3,17,3,0,0,0.0,3,4,/temp/xp/modules/wem-admin/src/main/java/com/enonic/wem/admin/rest/resource/schema/mixin/MixinIconUrlResolver.java,8
xp,com.enonic.wem.admin.rest.resource.schema.mixin,MixinResource,5,0,7,5,55,10,0,0,0.0,1,10,/temp/xp/modules/wem-admin/src/main/java/com/enonic/wem/admin/rest/resource/schema/mixin/MixinResource.java,31
xp,com.enonic.wem.admin.rest.resource.schema.mixin,MixinIconResolver,1,0,2,2,10,2,0,0,0.0,2,3,/temp/xp/modules/wem-admin/src/main/java/com/enonic/wem/admin/rest/resource/schema/mixin/MixinIconResolver.java,10
xp,com.enonic.wem.admin.rest.resource.schema.metadata,MetadataSchemaResourceTest,6,0,3,2,26,3,0,0,0.0,0,7,/temp/xp/modules/wem-admin/src/test/java/com/enonic/wem/admin/rest/resource/schema/metadata/MetadataSchemaResourceTest.java,22
xp,com.enonic.wem.admin.rest.resource.schema.metadata,MetadataSchemaResource,3,0,4,4,27,5,0,0,0.0,1,9,/temp/xp/modules/wem-admin/src/main/java/com/enonic/wem/admin/rest/resource/schema/metadata/MetadataSchemaResource.java,22
xp,com.enonic.wem.admin.rest.resource.schema.metadata,MetadataSchemaIconUrlResolver,2,1,3,3,17,3,0,0,0.0,3,4,/temp/xp/modules/wem-admin/src/main/java/com/enonic/wem/admin/rest/resource/schema/metadata/MetadataSchemaIconUrlResolver.java,8
xp,com.enonic.wem.admin.rest.resource.schema.metadata,MetadataSchemaIconResolver,1,0,2,2,10,2,0,0,0.0,2,3,/temp/xp/modules/wem-admin/src/main/java/com/enonic/wem/admin/rest/resource/schema/metadata/MetadataSchemaIconResolver.java,10
xp,com.enonic.wem.admin.rest.resource.schema.relationship,RelationshipTypeResourceTest,2,0,8,5,56,8,0,0,0.0,0,9,/temp/xp/modules/wem-admin/src/test/java/com/enonic/wem/admin/rest/resource/schema/relationship/RelationshipTypeResourceTest.java,28
xp,com.enonic.wem.admin.rest.resource.schema.relationship,RelationshipTypeIconUrlResolver,2,1,3,3,17,3,0,0,0.0,3,4,/temp/xp/modules/wem-admin/src/main/java/com/enonic/wem/admin/rest/resource/schema/relationship/RelationshipTypeIconUrlResolver.java,8
xp,com.enonic.wem.admin.rest.resource.schema.relationship,RelationshipTypeIconResolver,1,0,2,2,11,2,0,0,0.0,2,4,/temp/xp/modules/wem-admin/src/main/java/com/enonic/wem/admin/rest/resource/schema/relationship/RelationshipTypeIconResolver.java,10
xp,com.enonic.wem.admin.rest.resource.schema.relationship,RelationshipTypeResource,5,0,7,6,56,10,0,0,0.0,1,11,/temp/xp/modules/wem-admin/src/main/java/com/enonic/wem/admin/rest/resource/schema/relationship/RelationshipTypeResource.java,31
xp,com.enonic.wem.admin.rest.resource.schema.content,ContentTypeResourceTest,4,0,10,7,78,10,0,0,0.2,0,12,/temp/xp/modules/wem-admin/src/test/java/com/enonic/wem/admin/rest/resource/schema/content/ContentTypeResourceTest.java,41
xp,com.enonic.wem.admin.rest.resource.schema.content,ContentTypeIconResolver,1,0,5,3,31,8,0,0,0.0,3,4,/temp/xp/modules/wem-admin/src/main/java/com/enonic/wem/admin/rest/resource/schema/content/ContentTypeIconResolver.java,10
xp,com.enonic.wem.admin.rest.resource.schema.content,ContentTypeIconUrlResolver,2,1,3,3,17,3,0,0,0.0,6,4,/temp/xp/modules/wem-admin/src/main/java/com/enonic/wem/admin/rest/resource/schema/content/ContentTypeIconUrlResolver.java,8
xp,com.enonic.wem.admin.rest.resource.schema.content,ContentTypeResource,4,0,6,5,47,9,0,0,0.0,1,12,/temp/xp/modules/wem-admin/src/main/java/com/enonic/wem/admin/rest/resource/schema/content/ContentTypeResource.java,32
xp,com.enonic.wem.admin.rest.resource.status,StatusResourceTest,0,0,2,1,10,2,0,0,-1.0,0,1,/temp/xp/modules/wem-admin/src/test/java/com/enonic/wem/admin/rest/resource/status/StatusResourceTest.java,8
xp,com.enonic.wem.admin.rest.resource.status,StatusResource,0,0,1,1,8,1,0,0,-1.0,0,3,/temp/xp/modules/wem-admin/src/main/java/com/enonic/wem/admin/rest/resource/status/StatusResource.java,12
xp,com.enonic.wem.admin.rest.resource.status,InfoResource,1,0,3,2,22,4,0,0,0.0,0,0,/temp/xp/modules/wem-admin/src/main/java/com/enonic/wem/admin/rest/resource/status/InfoResource.java,23
xp,com.enonic.wem.admin.rest.resource.status,StatusResult,2,0,4,4,16,4,0,0,0.5,1,0,/temp/xp/modules/wem-admin/src/main/java/com/enonic/wem/admin/rest/resource/status/StatusResult.java,3
xp,com.enonic.wem.admin.rest.resource,MockRestResponse,2,0,5,5,19,5,0,0,0.4,6,0,/temp/xp/modules/wem-admin/src/test/java/com/enonic/wem/admin/rest/resource/MockRestResponse.java,5
xp,com.enonic.wem.admin.rest.resource,RestRequestBuilder,5,0,10,8,80,13,0,0,0.0,1,2,/temp/xp/modules/wem-admin/src/test/java/com/enonic/wem/admin/rest/resource/RestRequestBuilder.java,17
xp,com.enonic.wem.admin.rest.resource,AbstractResourceTest,1,0,12,1,67,15,0,0,0.25,0,9,/temp/xp/modules/wem-admin/src/test/java/com/enonic/wem/admin/rest/resource/AbstractResourceTest.java,31
xp,com.enonic.wem.admin.rest.resource,BaseImageHelper,0,0,6,2,39,7,0,0,-1.0,0,1,/temp/xp/modules/wem-admin/src/main/java/com/enonic/wem/admin/rest/resource/BaseImageHelper.java,13
xp,com.enonic.wem.admin.rest.resource,ResourceConstants,1,1,0,0,3,0,0,0,-1.0,22,0,/temp/xp/modules/wem-admin/src/main/java/com/enonic/wem/admin/rest/resource/ResourceConstants.java,3
xp,com.enonic.wem.admin.rest.resource.security,SecurityResourceTest,5,0,21,18,180,21,0,0,0.0,0,27,/temp/xp/modules/wem-admin/src/test/java/com/enonic/wem/admin/rest/resource/security/SecurityResourceTest.java,49
xp,com.enonic.wem.admin.rest.resource.security,SecurityResource,1,0,17,15,179,36,0,0,0.0,1,29,/temp/xp/modules/wem-admin/src/main/java/com/enonic/wem/admin/rest/resource/security/SecurityResource.java,63
xp,com.enonic.wem.admin.rest.resource.relationship,RelationshipResourceTest,1,0,7,6,43,7,0,0,0.42857142857142855,0,10,/temp/xp/modules/wem-admin/src/test/java/com/enonic/wem/admin/rest/resource/relationship/RelationshipResourceTest.java,26
xp,com.enonic.wem.admin.rest.resource.relationship,RelationshipResource,1,0,4,4,36,6,0,0,0.0,1,11,/temp/xp/modules/wem-admin/src/main/java/com/enonic/wem/admin/rest/resource/relationship/RelationshipResource.java,29
xp,com.enonic.wem.admin.rest.resource.module,ModuleResourceTest,2,0,9,7,59,9,0,0,0.0,0,8,/temp/xp/modules/wem-admin/src/test/java/com/enonic/wem/admin/rest/resource/module/ModuleResourceTest.java,23
xp,com.enonic.wem.admin.rest.resource.module,ModuleResource,2,0,9,9,46,13,0,0,0.2222222222222222,1,6,/temp/xp/modules/wem-admin/src/main/java/com/enonic/wem/admin/rest/resource/module/ModuleResource.java,25
xp,com.enonic.wem.admin.rest.resource.content,ContentResourceTest,5,0,41,36,334,41,0,0,0.04878048780487805,0,48,/temp/xp/modules/wem-admin/src/test/java/com/enonic/wem/admin/rest/resource/content/ContentResourceTest.java,77
xp,com.enonic.wem.admin.rest.resource.content,ResolvedImage,2,0,5,0,20,5,0,0,0.4,2,0,/temp/xp/modules/wem-admin/src/main/java/com/enonic/wem/admin/rest/resource/content/ResolvedImage.java,6
xp,com.enonic.wem.admin.rest.resource.content,ContentIconResource,3,0,5,3,63,15,0,0,0.0,0,12,/temp/xp/modules/wem-admin/src/main/java/com/enonic/wem/admin/rest/resource/content/ContentIconResource.java,33
xp,com.enonic.wem.admin.rest.resource.content,ContentPrincipalsResolver,2,0,3,2,30,8,0,0,0.0,11,4,/temp/xp/modules/wem-admin/src/main/java/com/enonic/wem/admin/rest/resource/content/ContentPrincipalsResolver.java,18
xp,com.enonic.wem.admin.rest.resource.content,GetNearestSiteJson,1,0,2,0,9,2,0,0,0.0,1,1,/temp/xp/modules/wem-admin/src/main/java/com/enonic/wem/admin/rest/resource/content/GetNearestSiteJson.java,9
xp,com.enonic.wem.admin.rest.resource.content,ContentImageResource,4,0,8,4,74,18,0,0,0.0,0,13,/temp/xp/modules/wem-admin/src/main/java/com/enonic/wem/admin/rest/resource/content/ContentImageResource.java,31
xp,com.enonic.wem.admin.rest.resource.content,ContentResource,11,1,26,23,214,41,0,0,0.07692307692307693,1,55,/temp/xp/modules/wem-admin/src/main/java/com/enonic/wem/admin/rest/resource/content/ContentResource.java,98
xp,com.enonic.wem.admin.rest.resource.content,ContentImageHelper,0,0,1,1,0,4,0,0,-1.0,2,2,/temp/xp/modules/wem-admin/src/main/java/com/enonic/wem/admin/rest/resource/content/ContentImageHelper.java,10
xp,com.enonic.wem.admin.rest.resource.content,ImageFilter,0,0,0,0,1,0,0,0,-1.0,2,0,/temp/xp/modules/wem-admin/src/main/java/com/enonic/wem/admin/rest/resource/content/ContentImageHelper.java,13
xp,com.enonic.wem.admin.rest.resource.content,ContentIconUrlResolver,3,0,2,2,25,5,0,0,0.0,15,9,/temp/xp/modules/wem-admin/src/main/java/com/enonic/wem/admin/rest/resource/content/ContentIconUrlResolver.java,13
xp,com.enonic.wem.admin.rest.resource.content,FindContentByQuertResultJsonFactory,0,0,4,1,34,9,0,0,-1.0,1,12,/temp/xp/modules/wem-admin/src/main/java/com/enonic/wem/admin/rest/resource/content/FindContentByQuertResultJsonFactory.java,17
xp,com.enonic.wem.admin.rest.resource.content,Expand,0,0,1,1,4,1,0,0,-1.0,2,0,/temp/xp/modules/wem-admin/src/main/java/com/enonic/wem/admin/rest/resource/content/Expand.java,3
xp,com.enonic.wem.admin.rest.resource.content.page,PageResourceTest,1,0,7,4,44,7,0,0,0.2857142857142857,0,19,/temp/xp/modules/wem-admin/src/test/java/com/enonic/wem/admin/rest/resource/content/page/PageResourceTest.java,34
xp,com.enonic.wem.admin.rest.resource.content.page,CreatePageJson,1,0,2,2,9,2,0,0,0.0,1,5,/temp/xp/modules/wem-admin/src/main/java/com/enonic/wem/admin/rest/resource/content/page/CreatePageJson.java,19
xp,com.enonic.wem.admin.rest.resource.content.page,CreatePageResult,0,0,0,0,2,0,0,0,-1.0,0,0,/temp/xp/modules/wem-admin/src/main/java/com/enonic/wem/admin/rest/resource/content/page/CreatePageResult.java,4
xp,com.enonic.wem.admin.rest.resource.content.page,PageDescriptorResource,1,0,4,4,21,4,0,0,0.0,0,9,/temp/xp/modules/wem-admin/src/main/java/com/enonic/wem/admin/rest/resource/content/page/PageDescriptorResource.java,23
xp,com.enonic.wem.admin.rest.resource.content.page,PageResource,4,0,8,7,36,8,0,0,0.0,1,13,/temp/xp/modules/wem-admin/src/main/java/com/enonic/wem/admin/rest/resource/content/page/PageResource.java,26
xp,com.enonic.wem.admin.rest.resource.content.page,PageTemplateResource,5,0,11,10,76,16,0,0,0.0,0,17,/temp/xp/modules/wem-admin/src/main/java/com/enonic/wem/admin/rest/resource/content/page/PageTemplateResource.java,33
xp,com.enonic.wem.admin.rest.resource.content.page,UpdatePageJson,1,0,3,3,14,3,0,0,0.6666666666666666,1,6,/temp/xp/modules/wem-admin/src/main/java/com/enonic/wem/admin/rest/resource/content/page/UpdatePageJson.java,23
xp,com.enonic.wem.admin.rest.resource.content.page.layout,LayoutDescriptorResourceTest,1,0,3,2,27,3,0,0,0.0,0,8,/temp/xp/modules/wem-admin/src/test/java/com/enonic/wem/admin/rest/resource/content/page/layout/LayoutDescriptorResourceTest.java,21
xp,com.enonic.wem.admin.rest.resource.content.page.layout,GetByModulesParams,1,0,2,2,9,2,0,0,0.0,1,1,/temp/xp/modules/wem-admin/src/main/java/com/enonic/wem/admin/rest/resource/content/page/layout/GetByModulesParams.java,13
xp,com.enonic.wem.admin.rest.resource.content.page.layout,LayoutDescriptorResource,1,0,4,4,19,4,0,0,0.0,1,7,/temp/xp/modules/wem-admin/src/main/java/com/enonic/wem/admin/rest/resource/content/page/layout/LayoutDescriptorResource.java,21
xp,com.enonic.wem.admin.rest.resource.blob,BlobResourceTest,1,0,2,1,18,2,0,0,0.0,0,3,/temp/xp/modules/wem-admin/src/test/java/com/enonic/wem/admin/rest/resource/blob/BlobResourceTest.java,14
xp,com.enonic.wem.admin.rest.resource.blob,BlobResource,1,0,4,3,37,7,0,0,0.0,1,5,/temp/xp/modules/wem-admin/src/main/java/com/enonic/wem/admin/rest/resource/blob/BlobResource.java,31
xp,com.enonic.wem.admin.rest.resource.blob,UploadResult,1,0,3,1,20,4,0,0,0.0,0,1,/temp/xp/modules/wem-admin/src/main/java/com/enonic/wem/admin/rest/resource/blob/UploadResult.java,10
xp,com.enonic.wem.admin.rest.resource.blob,UploadItem,8,0,11,11,52,11,0,0,0.2727272727272727,3,2,/temp/xp/modules/wem-admin/src/main/java/com/enonic/wem/admin/rest/resource/blob/UploadItem.java,5
xp,com.enonic.wem.admin.rest.resource.blob,Builder,4,0,5,5,25,5,0,0,1.0,1,2,/temp/xp/modules/wem-admin/src/main/java/com/enonic/wem/admin/rest/resource/blob/UploadItem.java,48
xp,com.enonic.wem.admin.json.form,FormItemJsonTest,1,0,5,5,34,5,0,0,0.0,0,9,/temp/xp/modules/wem-admin/src/test/java/com/enonic/wem/admin/json/form/FormItemJsonTest.java,20
xp,com.enonic.wem.admin.app,MainResource,2,0,5,5,20,5,0,0,0.0,0,3,/temp/xp/modules/wem-admin/src/main/java/com/enonic/wem/admin/app/MainResource.java,13
xp,com.enonic.wem.admin.app,ResourceHandler,2,0,4,2,34,8,0,0,0.0,1,2,/temp/xp/modules/wem-admin/src/main/java/com/enonic/wem/admin/app/ResourceHandler.java,13
xp,com.enonic.wem.admin.app,ResourceLocator,4,0,8,6,61,17,0,0,0.0,2,0,/temp/xp/modules/wem-admin/src/main/java/com/enonic/wem/admin/app/ResourceLocator.java,18
xp,com.enonic.wem.admin.app,MustacheCompiler,2,0,4,3,22,4,0,0,0.75,1,0,/temp/xp/modules/wem-admin/src/main/java/com/enonic/wem/admin/app/MustacheCompiler.java,13
xp,com.enonic.wem.admin.app,AppHtmlHandler,1,0,2,2,14,2,0,0,0.0,1,2,/temp/xp/modules/wem-admin/src/main/java/com/enonic/wem/admin/app/AppHtmlHandler.java,11
xp,com.enonic.wem.admin.status,GCStatusInfoBuilder,0,0,2,2,16,3,0,1,-1.0,0,0,/temp/xp/modules/wem-admin/src/main/java/com/enonic/wem/admin/status/GCStatusInfoBuilder.java,9
xp,com.enonic.wem.admin.status,StatusInfoBuilder,1,0,5,4,16,5,5,0,0.0,0,0,/temp/xp/modules/wem-admin/src/main/java/com/enonic/wem/admin/status/StatusInfoBuilder.java,5
xp,com.enonic.wem.admin.status,PropertiesStatusInfoBuilder,0,0,2,2,11,3,0,1,-1.0,0,0,/temp/xp/modules/wem-admin/src/main/java/com/enonic/wem/admin/status/PropertiesStatusInfoBuilder.java,9
xp,com.enonic.wem.admin.status,OSStatusInfoBuilder,0,0,2,2,13,2,0,1,-1.0,0,0,/temp/xp/modules/wem-admin/src/main/java/com/enonic/wem/admin/status/OSStatusInfoBuilder.java,8
xp,com.enonic.wem.admin.status,MemoryStatusInfoBuilder,0,0,3,2,16,3,0,1,-1.0,0,0,/temp/xp/modules/wem-admin/src/main/java/com/enonic/wem/admin/status/MemoryStatusInfoBuilder.java,9
xp,com.enonic.wem.admin.status,JVMStatusInfoBuilder,0,0,2,2,13,2,0,1,-1.0,0,0,/temp/xp/modules/wem-admin/src/main/java/com/enonic/wem/admin/status/JVMStatusInfoBuilder.java,8
xp,com.enonic.wem.admin.rest.resource.schema,IconUrlResolver,0,0,1,0,12,3,0,0,-1.0,0,2,/temp/xp/modules/wem-admin/src/main/java/com/enonic/wem/admin/rest/resource/schema/IconUrlResolver.java,8
xp,com.enonic.wem.admin.rest.resource.schema,SchemaImageHelper,2,0,3,3,14,3,0,0,0.0,3,0,/temp/xp/modules/wem-admin/src/main/java/com/enonic/wem/admin/rest/resource/schema/SchemaImageHelper.java,7
xp,com.enonic.wem.admin.rest.resource.tools,ToolsResource,2,0,6,5,26,6,0,0,0.0,0,4,/temp/xp/modules/wem-admin/src/main/java/com/enonic/wem/admin/rest/resource/tools/ToolsResource.java,15
xp,com.enonic.wem.admin.rest.resource.security.json,CreateRoleJson,2,0,3,3,15,3,0,0,0.0,1,3,/temp/xp/modules/wem-admin/src/main/java/com/enonic/wem/admin/rest/resource/security/json/CreateRoleJson.java,16
xp,com.enonic.wem.admin.rest.resource.security.json,DeletePrincipalJson,1,0,2,2,9,2,0,0,0.0,1,0,/temp/xp/modules/wem-admin/src/main/java/com/enonic/wem/admin/rest/resource/security/json/DeletePrincipalJson.java,6
xp,com.enonic.wem.admin.rest.resource.security.json,CreateUserJson,3,0,4,4,20,4,0,0,0.0,1,3,/temp/xp/modules/wem-admin/src/main/java/com/enonic/wem/admin/rest/resource/security/json/CreateUserJson.java,16
xp,com.enonic.wem.admin.rest.resource.security.json,CreateGroupJson,2,0,3,3,15,3,0,0,0.0,1,3,/temp/xp/modules/wem-admin/src/main/java/com/enonic/wem/admin/rest/resource/security/json/CreateGroupJson.java,16
xp,com.enonic.wem.admin.rest.resource.security.json,UserStoreJson,1,0,2,2,16,4,0,1,0.0,0,4,/temp/xp/modules/wem-admin/src/main/java/com/enonic/wem/admin/rest/resource/security/json/UserStoreJson.java,12
xp,com.enonic.wem.admin.rest.resource.security.json,RoleJson,2,0,2,2,12,2,0,1,0.0,0,2,/temp/xp/modules/wem-admin/src/main/java/com/enonic/wem/admin/rest/resource/security/json/RoleJson.java,12
xp,com.enonic.wem.admin.rest.resource.security.json,UpdateGroupJson,3,0,4,4,20,4,0,0,0.0,1,3,/temp/xp/modules/wem-admin/src/main/java/com/enonic/wem/admin/rest/resource/security/json/UpdateGroupJson.java,16
xp,com.enonic.wem.admin.rest.resource.security.json,EmailAvailabilityJson,1,0,2,2,9,2,0,0,0.0,0,0,/temp/xp/modules/wem-admin/src/main/java/com/enonic/wem/admin/rest/resource/security/json/EmailAvailabilityJson.java,3
xp,com.enonic.wem.admin.rest.resource.security.json,PrincipalJson,3,0,5,5,24,5,3,0,0.0,1,1,/temp/xp/modules/wem-admin/src/main/java/com/enonic/wem/admin/rest/resource/security/json/PrincipalJson.java,11
xp,com.enonic.wem.admin.rest.resource.security.json,UpdateUserJson,3,0,4,4,20,4,0,0,0.0,1,3,/temp/xp/modules/wem-admin/src/main/java/com/enonic/wem/admin/rest/resource/security/json/UpdateUserJson.java,16
xp,com.enonic.wem.admin.rest.resource.security.json,UserJson,2,0,6,6,24,6,0,1,0.0,0,3,/temp/xp/modules/wem-admin/src/main/java/com/enonic/wem/admin/rest/resource/security/json/UserJson.java,9
xp,com.enonic.wem.admin.rest.resource.security.json,DeletePrincipalResultJson,3,0,6,5,25,6,0,0,0.0,2,1,/temp/xp/modules/wem-admin/src/main/java/com/enonic/wem/admin/rest/resource/security/json/DeletePrincipalResultJson.java,6
xp,com.enonic.wem.admin.rest.resource.security.json,PrincipalsJson,1,0,2,2,14,4,0,0,0.0,1,1,/temp/xp/modules/wem-admin/src/main/java/com/enonic/wem/admin/rest/resource/security/json/PrincipalsJson.java,9
xp,com.enonic.wem.admin.rest.resource.security.json,UserStoreSummaryJson,1,0,3,3,12,3,1,0,0.0,0,1,/temp/xp/modules/wem-admin/src/main/java/com/enonic/wem/admin/rest/resource/security/json/UserStoreSummaryJson.java,5
xp,com.enonic.wem.admin.rest.resource.security.json,UserStoresJson,1,0,2,2,14,4,0,0,0.0,0,1,/temp/xp/modules/wem-admin/src/main/java/com/enonic/wem/admin/rest/resource/security/json/UserStoresJson.java,10
xp,com.enonic.wem.admin.rest.resource.security.json,DeletePrincipalsResultJson,1,0,3,3,12,3,0,0,0.0,1,1,/temp/xp/modules/wem-admin/src/main/java/com/enonic/wem/admin/rest/resource/security/json/DeletePrincipalsResultJson.java,7
xp,com.enonic.wem.admin.rest.resource.security.json,CreateUserStoreJson,1,0,2,2,11,2,0,0,0.0,1,3,/temp/xp/modules/wem-admin/src/main/java/com/enonic/wem/admin/rest/resource/security/json/CreateUserStoreJson.java,15
xp,com.enonic.wem.admin.rest.resource.security.json,GroupJson,2,0,2,2,12,2,0,1,0.0,0,2,/temp/xp/modules/wem-admin/src/main/java/com/enonic/wem/admin/rest/resource/security/json/GroupJson.java,12
xp,com.enonic.wem.admin.rest.resource.security.json,UserStoreAccessControlEntryJson,2,0,5,5,22,5,0,0,0.0,0,5,/temp/xp/modules/wem-admin/src/main/java/com/enonic/wem/admin/rest/resource/security/json/UserStoreAccessControlEntryJson.java,14
xp,com.enonic.wem.admin.rest.resource.security.json,UpdateRoleJson,3,0,4,4,20,4,0,0,0.0,1,3,/temp/xp/modules/wem-admin/src/main/java/com/enonic/wem/admin/rest/resource/security/json/UpdateRoleJson.java,16
xp,com.enonic.wem.admin.rest.resource.security.json,UpdateUserStoreJson,1,0,2,2,11,2,0,0,0.0,1,3,/temp/xp/modules/wem-admin/src/main/java/com/enonic/wem/admin/rest/resource/security/json/UpdateUserStoreJson.java,15
xp,com.enonic.wem.admin.rest.resource.security.json,UserStoreKeyJson,1,0,3,3,12,3,0,0,0.0,0,1,/temp/xp/modules/wem-admin/src/main/java/com/enonic/wem/admin/rest/resource/security/json/UserStoreKeyJson.java,8
xp,com.enonic.wem.admin.rest.resource.relationship.json,RelationshipKeyParam,3,0,9,9,33,9,0,0,0.3333333333333333,1,3,/temp/xp/modules/wem-admin/src/main/java/com/enonic/wem/admin/rest/resource/relationship/json/RelationshipKeyParam.java,7
xp,com.enonic.wem.admin.rest.resource.relationship.json,RelationshipListJson,1,0,3,3,16,4,0,0,0.0,0,1,/temp/xp/modules/wem-admin/src/main/java/com/enonic/wem/admin/rest/resource/relationship/json/RelationshipListJson.java,10
xp,com.enonic.wem.admin.rest.resource.relationship.json,UpdateRelationshipJson,3,0,4,4,19,4,0,0,0.0,0,1,/temp/xp/modules/wem-admin/src/main/java/com/enonic/wem/admin/rest/resource/relationship/json/UpdateRelationshipJson.java,5
xp,com.enonic.wem.admin.rest.resource.relationship.json,RelationshipCreateParams,4,0,8,8,30,8,0,0,0.5,1,0,/temp/xp/modules/wem-admin/src/main/java/com/enonic/wem/admin/rest/resource/relationship/json/RelationshipCreateParams.java,7
xp,com.enonic.wem.admin.rest.resource.relationship.json,RelationshipJson,1,0,13,13,43,13,0,0,0.23076923076923078,0,1,/temp/xp/modules/wem-admin/src/main/java/com/enonic/wem/admin/rest/resource/relationship/json/RelationshipJson.java,11
xp,com.enonic.wem.admin.rest.resource.relationship.json,CreateRelationshipJson,3,0,4,4,19,4,0,0,0.0,0,1,/temp/xp/modules/wem-admin/src/main/java/com/enonic/wem/admin/rest/resource/relationship/json/CreateRelationshipJson.java,5
xp,com.enonic.wem.admin.rest.resource.relationship.json,RelationshipUpdateParams,3,0,8,8,27,8,0,0,0.625,1,1,/temp/xp/modules/wem-admin/src/main/java/com/enonic/wem/admin/rest/resource/relationship/json/RelationshipUpdateParams.java,8
xp,com.enonic.wem.admin.rest.resource.ui,BackgroundImageResource,0,0,2,1,12,2,0,0,-1.0,0,1,/temp/xp/modules/wem-admin/src/main/java/com/enonic/wem/admin/rest/resource/ui/BackgroundImageResource.java,12
xp,com.enonic.wem.admin.rest.resource.export,ExportResource,1,0,3,3,18,3,0,0,0.0,0,6,/temp/xp/modules/wem-admin/src/main/java/com/enonic/wem/admin/rest/resource/export/ExportResource.java,18
xp,com.enonic.wem.admin.rest.resource.module.json,ModuleInstallParams,1,0,2,2,9,2,0,0,0.0,1,0,/temp/xp/modules/wem-admin/src/main/java/com/enonic/wem/admin/rest/resource/module/json/ModuleInstallParams.java,6
xp,com.enonic.wem.admin.rest.resource.module.json,ModuleSuccessJson,0,0,0,0,2,0,0,0,-1.0,0,0,/temp/xp/modules/wem-admin/src/main/java/com/enonic/wem/admin/rest/resource/module/json/ModuleSuccessJson.java,3
xp,com.enonic.wem.admin.rest.resource.module.json,ModuleListParams,1,0,2,2,12,3,0,0,0.0,1,1,/temp/xp/modules/wem-admin/src/main/java/com/enonic/wem/admin/rest/resource/module/json/ModuleListParams.java,11
xp,com.enonic.wem.admin.rest.resource.module.json,ListModuleJson,1,0,3,3,16,4,0,0,0.0,0,1,/temp/xp/modules/wem-admin/src/main/java/com/enonic/wem/admin/rest/resource/module/json/ListModuleJson.java,11
xp,com.enonic.wem.admin.rest.resource.content.page.part,GetByModulesParams,1,0,2,2,9,2,0,0,0.0,2,1,/temp/xp/modules/wem-admin/src/main/java/com/enonic/wem/admin/rest/resource/content/page/part/GetByModulesParams.java,13
xp,com.enonic.wem.admin.rest.resource.content.page.part,PartDescriptorResource,1,0,4,4,19,4,0,0,0.0,0,7,/temp/xp/modules/wem-admin/src/main/java/com/enonic/wem/admin/rest/resource/content/page/part/PartDescriptorResource.java,21
xp,com.enonic.wem.admin.rest.resource.content.json,ReorderChildrenJson,1,0,2,2,9,2,0,0,0.0,1,0,/temp/xp/modules/wem-admin/src/main/java/com/enonic/wem/admin/rest/resource/content/json/ReorderChildrenJson.java,9
xp,com.enonic.wem.admin.rest.resource.content.json,DateRangeJson,1,0,2,2,9,2,0,0,0.0,0,1,/temp/xp/modules/wem-admin/src/main/java/com/enonic/wem/admin/rest/resource/content/json/DateRangeJson.java,8
xp,com.enonic.wem.admin.rest.resource.content.json,DateHistogramAggregationQueryJson,1,0,2,2,16,4,0,1,0.0,0,1,/temp/xp/modules/wem-admin/src/main/java/com/enonic/wem/admin/rest/resource/content/json/DateHistogramAggregationQueryJson.java,10
xp,com.enonic.wem.admin.rest.resource.content.json,ContentQueryJson,2,0,3,2,25,7,0,0,0.0,1,3,/temp/xp/modules/wem-admin/src/main/java/com/enonic/wem/admin/rest/resource/content/json/ContentQueryJson.java,14
xp,com.enonic.wem.admin.rest.resource.content.json,SetChildOrderJson,2,0,3,3,14,3,0,0,0.0,1,1,/temp/xp/modules/wem-admin/src/main/java/com/enonic/wem/admin/rest/resource/content/json/SetChildOrderJson.java,6
xp,com.enonic.wem.admin.rest.resource.content.json,TermsAggregationQueryJson,1,0,2,2,16,4,0,1,0.0,0,1,/temp/xp/modules/wem-admin/src/main/java/com/enonic/wem/admin/rest/resource/content/json/TermsAggregationQueryJson.java,10
xp,com.enonic.wem.admin.rest.resource.content.json,DeleteContentResultJson,4,0,8,8,35,8,0,0,0.375,1,1,/temp/xp/modules/wem-admin/src/main/java/com/enonic/wem/admin/rest/resource/content/json/DeleteContentResultJson.java,9
xp,com.enonic.wem.admin.rest.resource.content.json,Success,1,0,2,2,9,2,1,0,0.0,0,1,/temp/xp/modules/wem-admin/src/main/java/com/enonic/wem/admin/rest/resource/content/json/DeleteContentResultJson.java,35
xp,com.enonic.wem.admin.rest.resource.content.json,Failure,1,0,2,2,10,2,0,1,0.0,0,1,/temp/xp/modules/wem-admin/src/main/java/com/enonic/wem/admin/rest/resource/content/json/DeleteContentResultJson.java,51
xp,com.enonic.wem.admin.rest.resource.content.json,AggregationsContentListJson,1,0,3,2,14,3,0,1,0.0,0,7,/temp/xp/modules/wem-admin/src/main/java/com/enonic/wem/admin/rest/resource/content/json/AggregationsContentListJson.java,14
xp,com.enonic.wem.admin.rest.resource.content.json,ReorderChildJson,2,0,3,3,14,3,0,0,0.0,0,0,/temp/xp/modules/wem-admin/src/main/java/com/enonic/wem/admin/rest/resource/content/json/ReorderChildJson.java,6
xp,com.enonic.wem.admin.rest.resource.content.json,CreateContentJson,2,0,4,3,33,6,0,0,0.0,1,8,/temp/xp/modules/wem-admin/src/main/java/com/enonic/wem/admin/rest/resource/content/json/CreateContentJson.java,23
xp,com.enonic.wem.admin.rest.resource.content.json,ContentNameJson,1,0,2,2,9,2,0,0,0.0,0,0,/temp/xp/modules/wem-admin/src/main/java/com/enonic/wem/admin/rest/resource/content/json/ContentNameJson.java,3
xp,com.enonic.wem.admin.rest.resource.content.json,ContentSummaryQueryResultJson,2,0,5,5,23,5,0,1,0.4,2,5,/temp/xp/modules/wem-admin/src/main/java/com/enonic/wem/admin/rest/resource/content/json/ContentSummaryQueryResultJson.java,13
xp,com.enonic.wem.admin.rest.resource.content.json,Builder,2,0,3,3,14,3,0,1,0.6666666666666666,6,5,/temp/xp/modules/wem-admin/src/main/java/com/enonic/wem/admin/rest/resource/content/json/ContentSummaryQueryResultJson.java,27
xp,com.enonic.wem.admin.rest.resource.content.json,DynamicOrderExprJson,3,0,4,4,21,4,0,1,0.5,0,2,/temp/xp/modules/wem-admin/src/main/java/com/enonic/wem/admin/rest/resource/content/json/DynamicOrderExprJson.java,10
xp,com.enonic.wem.admin.rest.resource.content.json,PrincipalJson,2,0,4,4,18,4,0,0,0.0,1,1,/temp/xp/modules/wem-admin/src/main/java/com/enonic/wem/admin/rest/resource/content/json/PrincipalJson.java,8
xp,com.enonic.wem.admin.rest.resource.content.json,UpdateContentJson,3,0,5,3,38,7,0,0,0.0,1,12,/temp/xp/modules/wem-admin/src/main/java/com/enonic/wem/admin/rest/resource/content/json/UpdateContentJson.java,24
xp,com.enonic.wem.admin.rest.resource.content.json,AbstractAggregationContentListJson,1,0,4,3,20,6,3,0,0.5,0,7,/temp/xp/modules/wem-admin/src/main/java/com/enonic/wem/admin/rest/resource/content/json/AbstractAggregationContentListJson.java,19
xp,com.enonic.wem.admin.rest.resource.content.json,GetContentVersionsJson,3,0,4,4,19,4,0,0,0.0,1,0,/temp/xp/modules/wem-admin/src/main/java/com/enonic/wem/admin/rest/resource/content/json/GetContentVersionsJson.java,6
xp,com.enonic.wem.admin.rest.resource.content.json,ContentIdQueryResultJson,1,0,4,4,19,4,0,1,0.75,2,4,/temp/xp/modules/wem-admin/src/main/java/com/enonic/wem/admin/rest/resource/content/json/ContentIdQueryResultJson.java,12
xp,com.enonic.wem.admin.rest.resource.content.json,Builder,1,0,2,2,10,2,0,1,1.0,0,5,/temp/xp/modules/wem-admin/src/main/java/com/enonic/wem/admin/rest/resource/content/json/ContentIdQueryResultJson.java,26
xp,com.enonic.wem.admin.rest.resource.content.json,AccessControlEntryJson,2,0,7,6,34,9,0,0,0.0,0,5,/temp/xp/modules/wem-admin/src/main/java/com/enonic/wem/admin/rest/resource/content/json/AccessControlEntryJson.java,17
xp,com.enonic.wem.admin.rest.resource.content.json,FieldOrderExprJson,3,0,5,5,25,5,0,1,0.0,0,3,/temp/xp/modules/wem-admin/src/main/java/com/enonic/wem/admin/rest/resource/content/json/FieldOrderExprJson.java,11
xp,com.enonic.wem.admin.rest.resource.content.json,AggregationContentSummaryListJson,0,0,3,2,11,3,0,1,-1.0,0,5,/temp/xp/modules/wem-admin/src/main/java/com/enonic/wem/admin/rest/resource/content/json/AggregationContentSummaryListJson.java,12
xp,com.enonic.wem.admin.rest.resource.content.json,UpdateAttachmentsJson,1,0,2,2,13,3,0,0,0.0,1,2,/temp/xp/modules/wem-admin/src/main/java/com/enonic/wem/admin/rest/resource/content/json/UpdateAttachmentsJson.java,13
xp,com.enonic.wem.admin.rest.resource.content.json,HistogramAggregationQueryJson,1,0,2,2,22,6,0,1,0.0,0,1,/temp/xp/modules/wem-admin/src/main/java/com/enonic/wem/admin/rest/resource/content/json/HistogramAggregationQueryJson.java,10
xp,com.enonic.wem.admin.rest.resource.content.json,AggregationQueryJson,0,0,1,1,3,1,4,0,-1.0,0,0,/temp/xp/modules/wem-admin/src/main/java/com/enonic/wem/admin/rest/resource/content/json/AggregationQueryJson.java,9
xp,com.enonic.wem.admin.rest.resource.content.json,AbstractContentQueryResultJson,5,0,8,7,32,8,6,0,0.5,8,5,/temp/xp/modules/wem-admin/src/main/java/com/enonic/wem/admin/rest/resource/content/json/AbstractContentQueryResultJson.java,14
xp,com.enonic.wem.admin.rest.resource.content.json,Builder,2,0,4,4,14,4,0,0,1.0,0,5,/temp/xp/modules/wem-admin/src/main/java/com/enonic/wem/admin/rest/resource/content/json/AbstractContentQueryResultJson.java,28
xp,com.enonic.wem.admin.rest.resource.content.json,OrderExprJson,0,0,1,1,3,1,2,0,-1.0,0,0,/temp/xp/modules/wem-admin/src/main/java/com/enonic/wem/admin/rest/resource/content/json/OrderExprJson.java,8
xp,com.enonic.wem.admin.rest.resource.content.json,PublishContentJson,1,0,2,1,9,2,0,0,0.0,1,1,/temp/xp/modules/wem-admin/src/main/java/com/enonic/wem/admin/rest/resource/content/json/PublishContentJson.java,8
xp,com.enonic.wem.admin.rest.resource.content.json,DateRangeAggregationQueryJson,1,0,2,2,13,3,0,1,0.0,0,1,/temp/xp/modules/wem-admin/src/main/java/com/enonic/wem/admin/rest/resource/content/json/DateRangeAggregationQueryJson.java,11
xp,com.enonic.wem.admin.rest.resource.content.json,ThumbnailJson,1,0,5,5,19,5,0,0,0.0,1,1,/temp/xp/modules/wem-admin/src/main/java/com/enonic/wem/admin/rest/resource/content/json/ThumbnailJson.java,11
xp,com.enonic.wem.admin.rest.resource.content.json,CompareContentsJson,1,1,2,2,9,2,0,0,0.0,1,0,/temp/xp/modules/wem-admin/src/main/java/com/enonic/wem/admin/rest/resource/content/json/CompareContentsJson.java,5
xp,com.enonic.wem.admin.rest.resource.content.json,DeleteContentJson,1,0,2,2,9,2,0,0,0.0,1,0,/temp/xp/modules/wem-admin/src/main/java/com/enonic/wem/admin/rest/resource/content/json/DeleteContentJson.java,6
xp,com.enonic.wem.admin.rest.resource.content.json,ValidateContentJson,4,0,6,6,34,8,0,0,0.3333333333333333,0,2,/temp/xp/modules/wem-admin/src/main/java/com/enonic/wem/admin/rest/resource/content/json/ValidateContentJson.java,11
xp,com.enonic.wem.admin.rest.resource.content.json,ErrorJson,2,0,3,3,14,3,0,0,0.0,0,1,/temp/xp/modules/wem-admin/src/main/java/com/enonic/wem/admin/rest/resource/content/json/ValidateContentJson.java,41
xp,com.enonic.wem.admin.rest.resource.content.json,DuplicateContentJson,1,0,2,2,9,2,0,0,0.0,1,1,/temp/xp/modules/wem-admin/src/main/java/com/enonic/wem/admin/rest/resource/content/json/DuplicateContentJson.java,6
xp,com.enonic.wem.admin.rest.resource.content.json,AggregationContentIdListJson,0,0,3,2,11,3,0,1,-1.0,0,5,/temp/xp/modules/wem-admin/src/main/java/com/enonic/wem/admin/rest/resource/content/json/AggregationContentIdListJson.java,12
xp,com.enonic.wem.admin.rest.resource.content.json,ChildOrderJson,2,0,4,4,31,8,0,0,0.0,2,1,/temp/xp/modules/wem-admin/src/main/java/com/enonic/wem/admin/rest/resource/content/json/ChildOrderJson.java,15
xp,com.enonic.wem.admin.rest.resource.content.json,ContentQueryResultJson,3,0,5,5,25,5,0,1,0.4,2,6,/temp/xp/modules/wem-admin/src/main/java/com/enonic/wem/admin/rest/resource/content/json/ContentQueryResultJson.java,14
xp,com.enonic.wem.admin.rest.resource.content.json,Builder,3,0,3,3,16,3,0,1,0.6666666666666666,0,7,/temp/xp/modules/wem-admin/src/main/java/com/enonic/wem/admin/rest/resource/content/json/ContentQueryResultJson.java,29
xp,com.enonic.wem.admin.rest.resource.content.json,ApplyContentPermissionsJson,2,0,4,2,25,5,0,0,0.5,1,3,/temp/xp/modules/wem-admin/src/main/java/com/enonic/wem/admin/rest/resource/content/json/ApplyContentPermissionsJson.java,14
xp,com.enonic.wem.admin.rest.resource.content.json.filter,BooleanFilterJson,1,0,2,2,19,5,0,1,0.0,0,1,/temp/xp/modules/wem-admin/src/main/java/com/enonic/wem/admin/rest/resource/content/json/filter/BooleanFilterJson.java,10
xp,com.enonic.wem.admin.rest.resource.content.json.filter,RangeFilterJson,1,0,2,2,16,4,0,1,0.0,0,2,/temp/xp/modules/wem-admin/src/main/java/com/enonic/wem/admin/rest/resource/content/json/filter/RangeFilterJson.java,13
xp,com.enonic.wem.admin.rest.resource.content.json.filter,FilterJson,0,0,1,1,3,1,2,0,-1.0,0,0,/temp/xp/modules/wem-admin/src/main/java/com/enonic/wem/admin/rest/resource/content/json/filter/FilterJson.java,9
xp,com.enonic.wem.admin.rest.multipart,MultipartFormReader,1,0,4,3,23,4,0,0,0.5,1,2,/temp/xp/modules/wem-admin/src/main/java/com/enonic/wem/admin/rest/multipart/MultipartFormReader.java,23
xp,com.enonic.wem.admin.rest.multipart,MultipartForm,0,0,2,2,4,2,1,0,-1.0,3,0,/temp/xp/modules/wem-admin/src/main/java/com/enonic/wem/admin/rest/multipart/MultipartForm.java,5
xp,com.enonic.wem.admin.rest.multipart,MultipartFormContext,2,0,5,5,20,5,0,0,0.6,1,0,/temp/xp/modules/wem-admin/src/main/java/com/enonic/wem/admin/rest/multipart/MultipartFormContext.java,10
xp,com.enonic.wem.admin.rest.multipart,MultipartFormImpl,1,0,4,4,21,6,0,1,0.0,0,0,/temp/xp/modules/wem-admin/src/main/java/com/enonic/wem/admin/rest/multipart/MultipartFormImpl.java,10
xp,com.enonic.wem.admin.rest.provider,JsonSerializableProvider,1,0,4,4,16,4,0,0,0.75,1,2,/temp/xp/modules/wem-admin/src/main/java/com/enonic/wem/admin/rest/provider/JsonSerializableProvider.java,23
xp,com.enonic.wem.admin.rest.provider,RenderedImageProvider,0,0,5,3,25,7,0,0,-1.0,0,0,/temp/xp/modules/wem-admin/src/main/java/com/enonic/wem/admin/rest/provider/RenderedImageProvider.java,22
xp,com.enonic.wem.admin.rest.provider,JsonObjectProvider,0,0,1,1,5,1,0,0,-1.0,1,1,/temp/xp/modules/wem-admin/src/main/java/com/enonic/wem/admin/rest/provider/JsonObjectProvider.java,10
xp,com.enonic.wem.admin.rest.exception,NotFoundWebException,0,0,1,1,5,1,0,0,-1.0,0,0,/temp/xp/modules/wem-admin/src/main/java/com/enonic/wem/admin/rest/exception/NotFoundWebException.java,6
xp,com.enonic.wem.admin.json.schema.mixin,MixinListJson,2,0,2,2,15,3,0,0,0.0,0,2,/temp/xp/modules/wem-admin/src/main/java/com/enonic/wem/admin/json/schema/mixin/MixinListJson.java,11
xp,com.enonic.wem.admin.json.schema.mixin,MixinJson,2,0,12,12,45,13,0,0,0.25,0,3,/temp/xp/modules/wem-admin/src/main/java/com/enonic/wem/admin/json/schema/mixin/MixinJson.java,15
xp,com.enonic.wem.admin.json.schema.metadata,MetadataSchemaJson,2,0,12,12,41,12,0,0,0.25,0,2,/temp/xp/modules/wem-admin/src/main/java/com/enonic/wem/admin/json/schema/metadata/MetadataSchemaJson.java,10
xp,com.enonic.wem.admin.json.schema.metadata,MetadataSchemaListJson,2,0,2,2,15,3,0,0,0.0,0,2,/temp/xp/modules/wem-admin/src/main/java/com/enonic/wem/admin/json/schema/metadata/MetadataSchemaListJson.java,11
xp,com.enonic.wem.admin.json.schema.relationship,RelationshipTypeConfigJson,1,0,2,2,10,2,0,0,0.0,0,4,/temp/xp/modules/wem-admin/src/main/java/com/enonic/wem/admin/json/schema/relationship/RelationshipTypeConfigJson.java,8
xp,com.enonic.wem.admin.json.schema.relationship,RelationshipTypeJson,4,0,13,13,54,15,0,0,0.23076923076923078,0,2,/temp/xp/modules/wem-admin/src/main/java/com/enonic/wem/admin/json/schema/relationship/RelationshipTypeJson.java,12
xp,com.enonic.wem.admin.json.schema.relationship,RelationshipTypeListJson,1,0,3,3,16,4,0,0,0.0,0,2,/temp/xp/modules/wem-admin/src/main/java/com/enonic/wem/admin/json/schema/relationship/RelationshipTypeListJson.java,11
xp,com.enonic.wem.admin.json.schema.content,ContentTypeConfigListJson,1,0,3,3,16,4,0,1,0.0,0,1,/temp/xp/modules/wem-admin/src/main/java/com/enonic/wem/admin/json/schema/content/ContentTypeConfigListJson.java,10
xp,com.enonic.wem.admin.json.schema.content,ContentTypeJson,1,0,2,2,10,2,0,1,0.0,0,3,/temp/xp/modules/wem-admin/src/main/java/com/enonic/wem/admin/json/schema/content/ContentTypeJson.java,7
xp,com.enonic.wem.admin.json.schema.content,ContentTypeSummaryListJson,1,0,3,3,16,4,0,1,0.0,0,2,/temp/xp/modules/wem-admin/src/main/java/com/enonic/wem/admin/json/schema/content/ContentTypeSummaryListJson.java,11
xp,com.enonic.wem.admin.json.schema.content,ContentTypeList,0,0,0,0,2,0,3,0,-1.0,0,0,/temp/xp/modules/wem-admin/src/main/java/com/enonic/wem/admin/json/schema/content/ContentTypeList.java,3
xp,com.enonic.wem.admin.json.schema.content,ContentTypeListJson,1,0,3,3,16,4,0,1,0.0,0,2,/temp/xp/modules/wem-admin/src/main/java/com/enonic/wem/admin/json/schema/content/ContentTypeListJson.java,11
xp,com.enonic.wem.admin.json.schema.content,ContentTypeSummaryJson,2,0,16,16,53,16,1,0,0.1875,0,2,/temp/xp/modules/wem-admin/src/main/java/com/enonic/wem/admin/json/schema/content/ContentTypeSummaryJson.java,10
xp,com.enonic.wem.admin.json.schema.content,ContentTypeConfigJson,1,0,2,2,10,2,0,0,0.0,0,4,/temp/xp/modules/wem-admin/src/main/java/com/enonic/wem/admin/json/schema/content/ContentTypeConfigJson.java,8
xp,com.enonic.wem.admin.json.aggregation,BucketJson,2,0,3,3,14,3,1,0,0.0,0,1,/temp/xp/modules/wem-admin/src/main/java/com/enonic/wem/admin/json/aggregation/BucketJson.java,8
xp,com.enonic.wem.admin.json.aggregation,BucketAggregationJson,1,0,2,2,19,4,0,1,0.0,0,1,/temp/xp/modules/wem-admin/src/main/java/com/enonic/wem/admin/json/aggregation/BucketAggregationJson.java,9
xp,com.enonic.wem.admin.json.aggregation,AggregationJson,1,0,2,2,9,2,1,0,0.0,2,1,/temp/xp/modules/wem-admin/src/main/java/com/enonic/wem/admin/json/aggregation/AggregationJson.java,8
xp,com.enonic.wem.admin.json.aggregation,DateRangeBucketJson,2,0,3,3,15,3,0,1,0.0,0,1,/temp/xp/modules/wem-admin/src/main/java/com/enonic/wem/admin/json/aggregation/DateRangeBucketJson.java,7
xp,com.enonic.wem.admin.json,DateTimeSerializer,0,0,4,4,21,5,0,0,-1.0,0,0,/temp/xp/modules/wem-admin/src/main/java/com/enonic/wem/admin/json/DateTimeSerializer.java,16
xp,com.enonic.wem.admin.json,JsonErrorResult,0,0,3,2,10,3,0,2,-1.0,0,0,/temp/xp/modules/wem-admin/src/main/java/com/enonic/wem/admin/json/JsonErrorResult.java,7
xp,com.enonic.wem.admin.json,ChangeTraceableJson,0,0,4,4,6,4,0,0,-1.0,0,0,/temp/xp/modules/wem-admin/src/main/java/com/enonic/wem/admin/json/ChangeTraceableJson.java,6
xp,com.enonic.wem.admin.json,ItemJson,0,0,2,2,4,2,0,0,-1.0,0,0,/temp/xp/modules/wem-admin/src/main/java/com/enonic/wem/admin/json/ItemJson.java,4
xp,com.enonic.wem.admin.json,JsonResult,5,0,12,6,56,13,1,1,0.25,0,2,/temp/xp/modules/wem-admin/src/main/java/com/enonic/wem/admin/json/JsonResult.java,8
xp,com.enonic.wem.admin.json,JsonResultBuilder,2,0,2,2,14,2,0,0,0.0,1,0,/temp/xp/modules/wem-admin/src/main/java/com/enonic/wem/admin/json/JsonResult.java,79
xp,com.enonic.wem.admin.json,JsonSerializable,0,0,1,1,3,1,1,0,-1.0,1,0,/temp/xp/modules/wem-admin/src/main/java/com/enonic/wem/admin/json/JsonSerializable.java,5
xp,com.enonic.wem.admin.json,ObjectMapperHelper,0,0,1,1,13,1,0,0,-1.0,4,0,/temp/xp/modules/wem-admin/src/main/java/com/enonic/wem/admin/json/ObjectMapperHelper.java,11
xp,com.enonic.wem.admin.json.system,SystemInfoJson,3,0,6,6,23,6,0,0,0.5,0,0,/temp/xp/modules/wem-admin/src/main/java/com/enonic/wem/admin/json/system/SystemInfoJson.java,3
xp,com.enonic.wem.admin.json.module,ModuleJson,3,0,15,15,58,17,0,0,0.2,0,1,/temp/xp/modules/wem-admin/src/main/java/com/enonic/wem/admin/json/module/ModuleJson.java,15
xp,com.enonic.wem.admin.json.content,GetActiveContentVersionsResultJson,1,0,2,2,11,3,0,0,0.0,0,1,/temp/xp/modules/wem-admin/src/main/java/com/enonic/wem/admin/json/content/GetActiveContentVersionsResultJson.java,10
xp,com.enonic.wem.admin.json.content,ContentTypeFilterJson,3,0,5,4,47,12,0,0,0.0,0,1,/temp/xp/modules/wem-admin/src/main/java/com/enonic/wem/admin/json/content/ContentTypeFilterJson.java,13
xp,com.enonic.wem.admin.json.content,ContentIdJson,1,0,2,2,9,2,1,0,0.0,1,1,/temp/xp/modules/wem-admin/src/main/java/com/enonic/wem/admin/json/content/ContentIdJson.java,5
xp,com.enonic.wem.admin.json.content,ContentListMetaDataJson,2,0,4,3,17,4,0,0,0.5,1,1,/temp/xp/modules/wem-admin/src/main/java/com/enonic/wem/admin/json/content/ContentListMetaDataJson.java,6
xp,com.enonic.wem.admin.json.content,ContentThumbnailJson,3,0,4,3,19,4,0,0,0.0,1,1,/temp/xp/modules/wem-admin/src/main/java/com/enonic/wem/admin/json/content/ContentThumbnailJson.java,6
xp,com.enonic.wem.admin.json.content,ActiveContentVersionEntryJson,2,0,3,3,14,3,0,0,0.0,0,2,/temp/xp/modules/wem-admin/src/main/java/com/enonic/wem/admin/json/content/ActiveContentVersionEntryJson.java,5
xp,com.enonic.wem.admin.json.content,CompareContentResultsJson,1,0,2,2,11,3,0,0,0.0,0,1,/temp/xp/modules/wem-admin/src/main/java/com/enonic/wem/admin/json/content/CompareContentResultsJson.java,10
xp,com.enonic.wem.admin.json.content,ReorderChildrenResultJson,1,0,2,2,9,2,0,0,0.0,0,1,/temp/xp/modules/wem-admin/src/main/java/com/enonic/wem/admin/json/content/ReorderChildrenResultJson.java,5
xp,com.enonic.wem.admin.json.content,ContentSummaryListJson,0,0,3,2,11,3,0,1,-1.0,0,5,/temp/xp/modules/wem-admin/src/main/java/com/enonic/wem/admin/json/content/ContentSummaryListJson.java,8
xp,com.enonic.wem.admin.json.content,ContentListJson,0,0,3,2,11,3,0,1,-1.0,0,7,/temp/xp/modules/wem-admin/src/main/java/com/enonic/wem/admin/json/content/ContentListJson.java,10
xp,com.enonic.wem.admin.json.content,MetadataJson,2,0,5,5,21,5,0,0,0.0,0,3,/temp/xp/modules/wem-admin/src/main/java/com/enonic/wem/admin/json/content/MetadataJson.java,14
xp,com.enonic.wem.admin.json.content,AbstractContentListJson,5,0,5,4,28,6,3,0,0.0,0,7,/temp/xp/modules/wem-admin/src/main/java/com/enonic/wem/admin/json/content/AbstractContentListJson.java,15
xp,com.enonic.wem.admin.json.content,CompareContentResultJson,2,0,3,3,14,3,0,0,0.0,0,1,/temp/xp/modules/wem-admin/src/main/java/com/enonic/wem/admin/json/content/CompareContentResultJson.java,5
xp,com.enonic.wem.admin.json.content,ContentVersionsJson,1,0,2,2,11,3,0,0,0.0,0,1,/temp/xp/modules/wem-admin/src/main/java/com/enonic/wem/admin/json/content/ContentVersionsJson.java,10
xp,com.enonic.wem.admin.json.content,ContentVersionJson,5,0,6,6,29,6,0,0,0.0,1,1,/temp/xp/modules/wem-admin/src/main/java/com/enonic/wem/admin/json/content/ContentVersionJson.java,7
xp,com.enonic.wem.admin.json.content,ContentJson,7,0,9,8,51,11,0,2,0.0,1,10,/temp/xp/modules/wem-admin/src/main/java/com/enonic/wem/admin/json/content/ContentJson.java,22
xp,com.enonic.wem.admin.json.content,ContentSummaryJson,7,0,19,19,73,19,1,1,0.10526315789473684,1,4,/temp/xp/modules/wem-admin/src/main/java/com/enonic/wem/admin/json/content/ContentSummaryJson.java,11
xp,com.enonic.wem.admin.json.content,GetContentVersionsResultJson,5,0,6,6,31,7,0,0,0.0,0,1,/temp/xp/modules/wem-admin/src/main/java/com/enonic/wem/admin/json/content/GetContentVersionsResultJson.java,10
xp,com.enonic.wem.admin.json.content,ContentIdListJson,0,0,3,2,11,3,0,1,-1.0,0,4,/temp/xp/modules/wem-admin/src/main/java/com/enonic/wem/admin/json/content/ContentIdListJson.java,7
xp,com.enonic.wem.admin.json.content.site,ModuleConfigJson,2,0,6,5,28,7,0,0,0.0,0,4,/temp/xp/modules/wem-admin/src/main/java/com/enonic/wem/admin/json/content/site/ModuleConfigJson.java,17
xp,com.enonic.wem.admin.json.content.page,PageDescriptorListJson,1,0,2,2,13,3,0,0,0.0,0,1,/temp/xp/modules/wem-admin/src/main/java/com/enonic/wem/admin/json/content/page/PageDescriptorListJson.java,8
xp,com.enonic.wem.admin.json.content.page,PageComponentJsonSerializer,0,0,5,1,29,9,0,0,-1.0,1,6,/temp/xp/modules/wem-admin/src/main/java/com/enonic/wem/admin/json/content/page/PageComponentJsonSerializer.java,13
xp,com.enonic.wem.admin.json.content.page,AbstractPageComponentJson,1,0,3,2,12,3,1,0,0.0,1,0,/temp/xp/modules/wem-admin/src/main/java/com/enonic/wem/admin/json/content/page/AbstractPageComponentJson.java,14
xp,com.enonic.wem.admin.json.content.page,DescriptorJson,2,0,5,5,21,5,0,0,0.0,0,2,/temp/xp/modules/wem-admin/src/main/java/com/enonic/wem/admin/json/content/page/DescriptorJson.java,10
xp,com.enonic.wem.admin.json.content.page,PageJson,3,0,5,5,22,5,0,0,0.0,1,3,/temp/xp/modules/wem-admin/src/main/java/com/enonic/wem/admin/json/content/page/PageJson.java,12
xp,com.enonic.wem.admin.json.content.page,PageDescriptorJson,5,0,8,8,40,9,0,0,0.0,1,3,/temp/xp/modules/wem-admin/src/main/java/com/enonic/wem/admin/json/content/page/PageDescriptorJson.java,15
xp,com.enonic.wem.admin.json.content.page,AbstractDescriptorBasedPageComponentJson,1,0,3,2,13,3,0,1,0.6666666666666666,0,1,/temp/xp/modules/wem-admin/src/main/java/com/enonic/wem/admin/json/content/page/AbstractDescriptorBasedPageComponentJson.java,10
xp,com.enonic.wem.admin.json.content.page.region,PageRegionsJson,2,0,4,4,30,7,0,0,0.0,1,1,/temp/xp/modules/wem-admin/src/main/java/com/enonic/wem/admin/json/content/page/region/PageRegionsJson.java,14
xp,com.enonic.wem.admin.json.content.page.region,RegionJson,2,0,5,5,27,7,0,0,0.0,0,2,/temp/xp/modules/wem-admin/src/main/java/com/enonic/wem/admin/json/content/page/region/RegionJson.java,16
xp,com.enonic.wem.admin.json.content.page.region,RegionDescriptorJson,1,0,2,2,9,2,0,0,0.0,0,1,/temp/xp/modules/wem-admin/src/main/java/com/enonic/wem/admin/json/content/page/region/RegionDescriptorJson.java,6
xp,com.enonic.wem.admin.json.content.page.layout,LayoutComponentJson,2,0,3,3,17,3,0,0,0.0,0,5,/temp/xp/modules/wem-admin/src/main/java/com/enonic/wem/admin/json/content/page/layout/LayoutComponentJson.java,18
xp,com.enonic.wem.admin.json.content.page.layout,LayoutRegionsJson,2,0,4,4,30,7,0,0,0.0,1,1,/temp/xp/modules/wem-admin/src/main/java/com/enonic/wem/admin/json/content/page/layout/LayoutRegionsJson.java,15
xp,com.enonic.wem.admin.json.content.page.layout,LayoutDescriptorJson,3,0,4,4,24,5,0,0,0.0,0,2,/temp/xp/modules/wem-admin/src/main/java/com/enonic/wem/admin/json/content/page/layout/LayoutDescriptorJson.java,13
xp,com.enonic.wem.admin.json.content.page.layout,LayoutDescriptorsJson,2,0,2,2,15,3,0,0,0.0,0,1,/temp/xp/modules/wem-admin/src/main/java/com/enonic/wem/admin/json/content/page/layout/LayoutDescriptorsJson.java,11
xp,com.enonic.wem.admin.json.content.page.text,TextComponentJson,1,0,3,3,14,3,0,0,0.0,0,2,/temp/xp/modules/wem-admin/src/main/java/com/enonic/wem/admin/json/content/page/text/TextComponentJson.java,12
xp,com.enonic.wem.admin.json.content.page.image,ImageComponentJson,2,0,4,4,20,4,0,0,0.0,0,4,/temp/xp/modules/wem-admin/src/main/java/com/enonic/wem/admin/json/content/page/image/ImageComponentJson.java,18
xp,com.enonic.wem.admin.json.content.page.part,PartDescriptorJson,2,0,3,3,15,3,0,0,0.0,0,1,/temp/xp/modules/wem-admin/src/main/java/com/enonic/wem/admin/json/content/page/part/PartDescriptorJson.java,7
xp,com.enonic.wem.admin.json.content.page.part,PartDescriptorsJson,2,0,2,2,15,3,0,0,0.0,0,1,/temp/xp/modules/wem-admin/src/main/java/com/enonic/wem/admin/json/content/page/part/PartDescriptorsJson.java,11
xp,com.enonic.wem.admin.json.content.page.part,PartComponentJson,1,0,2,2,11,2,0,0,0.0,0,4,/temp/xp/modules/wem-admin/src/main/java/com/enonic/wem/admin/json/content/page/part/PartComponentJson.java,17
xp,com.enonic.wem.admin.json.content.attachment,AttachmentListJson,0,0,1,1,9,2,0,0,-1.0,1,1,/temp/xp/modules/wem-admin/src/main/java/com/enonic/wem/admin/json/content/attachment/AttachmentListJson.java,10
xp,com.enonic.wem.admin.json.content.attachment,AttachmentJson,1,0,8,8,27,8,0,0,0.0,0,1,/temp/xp/modules/wem-admin/src/main/java/com/enonic/wem/admin/json/content/attachment/AttachmentJson.java,11
xp,com.enonic.wem.admin.json.icon,ThumbnailJson,1,0,6,6,21,6,0,0,0.0,0,1,/temp/xp/modules/wem-admin/src/main/java/com/enonic/wem/admin/json/icon/ThumbnailJson.java,11
xp,com.enonic.wem.launcher.config,ConfigLoaderTest,3,1,4,3,32,4,0,0,0.0,0,2,/temp/xp/modules/wem-launcher/src/test/java/com/enonic/wem/launcher/config/ConfigLoaderTest.java,15
xp,com.enonic.wem.launcher.config,ConfigPropertiesTest,0,0,4,4,35,4,0,0,-1.0,0,1,/temp/xp/modules/wem-launcher/src/test/java/com/enonic/wem/launcher/config/ConfigPropertiesTest.java,11
xp,com.enonic.wem.launcher.config,ConfigProperties,0,0,3,3,13,4,0,0,-1.0,4,0,/temp/xp/modules/wem-launcher/src/main/java/com/enonic/wem/launcher/config/ConfigProperties.java,8
xp,com.enonic.wem.launcher.config,ConfigLoader,3,0,5,2,32,6,0,0,0.0,2,2,/temp/xp/modules/wem-launcher/src/main/java/com/enonic/wem/launcher/config/ConfigLoader.java,19
xp,com.enonic.wem.launcher.home,HomeResolverTest,4,1,7,6,55,9,0,0,0.0,0,3,/temp/xp/modules/wem-launcher/src/test/java/com/enonic/wem/launcher/home/HomeResolverTest.java,16
xp,com.enonic.wem.launcher.home,HomeResolver,1,0,4,2,28,7,0,0,0.0,2,2,/temp/xp/modules/wem-launcher/src/main/java/com/enonic/wem/launcher/home/HomeResolver.java,11
xp,com.enonic.wem.launcher.home,HomeDir,1,0,3,3,12,3,0,0,0.0,5,0,/temp/xp/modules/wem-launcher/src/main/java/com/enonic/wem/launcher/home/HomeDir.java,5
xp,com.enonic.wem.launcher.provision,ArtifactResolverTest,4,1,6,5,52,7,0,0,0.0,0,1,/temp/xp/modules/wem-launcher/src/test/java/com/enonic/wem/launcher/provision/ArtifactResolverTest.java,14
xp,com.enonic.wem.launcher.provision,ArtifactResolver,2,0,5,3,53,11,0,0,0.0,2,0,/temp/xp/modules/wem-launcher/src/main/java/com/enonic/wem/launcher/provision/ArtifactResolver.java,13
xp,com.enonic.wem.launcher.provision,ProvisionActivator,2,0,9,2,54,14,0,0,0.0,0,1,/temp/xp/modules/wem-launcher/src/main/java/com/enonic/wem/launcher/provision/ProvisionActivator.java,19
xp,com.enonic.wem.launcher.util,SystemProperties,1,0,4,4,20,5,0,0,0.0,3,0,/temp/xp/modules/wem-launcher/src/main/java/com/enonic/wem/launcher/util/SystemProperties.java,8
xp,com.enonic.wem.launcher.util,BannerBuilder,4,0,4,2,25,4,0,0,0.0,0,1,/temp/xp/modules/wem-launcher/src/main/java/com/enonic/wem/launcher/util/BannerBuilder.java,12
xp,com.enonic.wem.launcher,SharedConstants,3,3,0,0,5,0,1,0,-1.0,0,0,/temp/xp/modules/wem-launcher/src/main/java/com/enonic/wem/launcher/SharedConstants.java,5
xp,com.enonic.wem.launcher,LauncherMain,0,0,1,1,7,1,0,0,-1.0,0,0,/temp/xp/modules/wem-launcher/src/main/java/com/enonic/wem/launcher/LauncherMain.java,3
xp,com.enonic.wem.launcher,Launcher,4,0,7,2,46,7,0,1,0.0,0,5,/temp/xp/modules/wem-launcher/src/main/java/com/enonic/wem/launcher/Launcher.java,21
xp,com.enonic.wem.launcher,LauncherException,0,0,1,1,5,1,0,0,-1.0,0,0,/temp/xp/modules/wem-launcher/src/main/java/com/enonic/wem/launcher/LauncherException.java,3
xp,com.enonic.xp.portal.url,PageUrlBuilderTest,0,0,1,1,6,1,0,1,-1.0,0,1,/temp/xp/modules/portal-api/src/test/java/com/enonic/xp/portal/url/PageUrlBuilderTest.java,7
xp,com.enonic.xp.portal.url,AssetUrlBuilderTest,0,0,2,2,10,2,0,1,-1.0,0,1,/temp/xp/modules/portal-api/src/test/java/com/enonic/xp/portal/url/AssetUrlBuilderTest.java,7
xp,com.enonic.xp.portal.url,AttachmentUrlBuilderTest,0,0,1,1,6,1,0,1,-1.0,0,1,/temp/xp/modules/portal-api/src/test/java/com/enonic/xp/portal/url/AttachmentUrlBuilderTest.java,7
xp,com.enonic.xp.portal.url,GeneralUrlBuilderTest,0,0,1,1,6,1,0,1,-1.0,0,1,/temp/xp/modules/portal-api/src/test/java/com/enonic/xp/portal/url/GeneralUrlBuilderTest.java,7
xp,com.enonic.xp.portal.url,ComponentUrlBuilderTest,0,0,1,1,6,1,0,1,-1.0,0,1,/temp/xp/modules/portal-api/src/test/java/com/enonic/xp/portal/url/ComponentUrlBuilderTest.java,7
xp,com.enonic.xp.portal.url,ImageUrlBuilderTest,0,0,4,4,18,4,0,1,-1.0,0,1,/temp/xp/modules/portal-api/src/test/java/com/enonic/xp/portal/url/ImageUrlBuilderTest.java,7
xp,com.enonic.xp.portal.url,ServiceUrlBuilderTest,0,0,1,1,6,1,0,1,-1.0,0,1,/temp/xp/modules/portal-api/src/test/java/com/enonic/xp/portal/url/ServiceUrlBuilderTest.java,7
xp,com.enonic.xp.portal.url,AbstractUrlBuilderTest,1,0,1,1,14,1,7,0,0.0,0,7,/temp/xp/modules/portal-api/src/test/java/com/enonic/xp/portal/url/AbstractUrlBuilderTest.java,13
xp,com.enonic.xp.portal.url,PortalUrlBuildersHelper,0,0,11,9,68,15,0,0,-1.0,17,7,/temp/xp/modules/portal-api/src/main/java/com/enonic/xp/portal/url/PortalUrlBuildersHelper.java,10
xp,com.enonic.xp.portal.url,GeneralUrlBuilder,1,0,2,1,13,3,0,1,0.0,3,0,/temp/xp/modules/portal-api/src/main/java/com/enonic/xp/portal/url/GeneralUrlBuilder.java,7
xp,com.enonic.xp.portal.url,AssetUrlBuilder,2,0,4,3,22,4,0,1,0.0,3,1,/temp/xp/modules/portal-api/src/main/java/com/enonic/xp/portal/url/AssetUrlBuilder.java,9
xp,com.enonic.xp.portal.url,PageUrlBuilder,0,0,1,0,5,1,0,1,-1.0,3,0,/temp/xp/modules/portal-api/src/main/java/com/enonic/xp/portal/url/PageUrlBuilder.java,6
xp,com.enonic.xp.portal.url,PortalUrlBuilders,1,0,15,13,53,15,0,0,0.3333333333333333,2,10,/temp/xp/modules/portal-api/src/main/java/com/enonic/xp/portal/url/PortalUrlBuilders.java,8
xp,com.enonic.xp.portal.url,PortalUrlBuilder,5,0,19,12,105,25,7,0,0.10526315789473684,1,3,/temp/xp/modules/portal-api/src/main/java/com/enonic/xp/portal/url/PortalUrlBuilder.java,21
xp,com.enonic.xp.portal.url,ImageUrlBuilder,5,0,10,9,61,15,0,1,0.0,4,2,/temp/xp/modules/portal-api/src/main/java/com/enonic/xp/portal/url/ImageUrlBuilder.java,11
xp,com.enonic.xp.portal.url,ComponentUrlBuilder,1,0,2,1,13,2,0,1,0.0,3,0,/temp/xp/modules/portal-api/src/main/java/com/enonic/xp/portal/url/ComponentUrlBuilder.java,7
xp,com.enonic.xp.portal.url,AttachmentUrlBuilder,0,0,1,0,5,1,0,1,-1.0,3,0,/temp/xp/modules/portal-api/src/main/java/com/enonic/xp/portal/url/AttachmentUrlBuilder.java,6
xp,com.enonic.xp.portal.url,ServiceUrlBuilder,2,0,4,3,22,4,0,1,0.0,3,1,/temp/xp/modules/portal-api/src/main/java/com/enonic/xp/portal/url/ServiceUrlBuilder.java,9
xp,com.enonic.xp.portal.view,ViewModel,3,0,7,7,26,7,0,0,0.42857142857142855,3,1,/temp/xp/modules/portal-api/src/main/java/com/enonic/xp/portal/view/ViewModel.java,9
xp,com.enonic.xp.portal.view,ViewService,0,0,1,1,3,1,0,0,-1.0,0,1,/temp/xp/modules/portal-api/src/main/java/com/enonic/xp/portal/view/ViewService.java,3
xp,com.enonic.xp.portal.view,ViewProcessor,0,0,2,2,4,2,0,0,-1.0,1,1,/temp/xp/modules/portal-api/src/main/java/com/enonic/xp/portal/view/ViewProcessor.java,3
xp,com.enonic.xp.portal,PortalContextAccessor,1,0,3,3,12,3,0,0,0.0,7,1,/temp/xp/modules/portal-api/src/main/java/com/enonic/xp/portal/PortalContextAccessor.java,3
xp,com.enonic.xp.portal,RenderMode,1,0,4,3,22,5,0,0,0.5,19,0,/temp/xp/modules/portal-api/src/main/java/com/enonic/xp/portal/RenderMode.java,4
xp,com.enonic.xp.portal,PortalContext,0,0,9,9,11,9,0,1,-1.0,26,3,/temp/xp/modules/portal-api/src/main/java/com/enonic/xp/portal/PortalContext.java,10
xp,com.enonic.xp.portal,PortalRequest,0,0,5,5,7,5,1,0,-1.0,7,1,/temp/xp/modules/portal-api/src/main/java/com/enonic/xp/portal/PortalRequest.java,7
xp,com.enonic.xp.portal,PortalResponse,7,2,11,11,47,13,0,0,0.45454545454545453,14,0,/temp/xp/modules/portal-api/src/main/java/com/enonic/xp/portal/PortalResponse.java,7
xp,com.enonic.xp.portal.postprocess,PostProcessInjection,0,0,1,1,4,1,0,0,-1.0,2,2,/temp/xp/modules/portal-api/src/main/java/com/enonic/xp/portal/postprocess/PostProcessInjection.java,5
xp,com.enonic.xp.portal.postprocess,Tag,0,0,0,0,1,0,0,0,-1.0,3,0,/temp/xp/modules/portal-api/src/main/java/com/enonic/xp/portal/postprocess/PostProcessInjection.java,7
xp,com.enonic.xp.portal.postprocess,PostProcessInstruction,0,0,1,1,3,1,0,0,-1.0,1,1,/temp/xp/modules/portal-api/src/main/java/com/enonic/xp/portal/postprocess/PostProcessInstruction.java,5
xp,com.enonic.xp.admin.event.impl,EventServletTest,1,0,4,4,43,4,0,0,0.0,0,2,/temp/xp/modules/admin-event/src/test/java/com/enonic/xp/admin/event/impl/EventServletTest.java,14
xp,com.enonic.xp.admin.event.impl,EventListenerImplTest,2,0,3,3,21,3,0,0,0.0,0,5,/temp/xp/modules/admin-event/src/test/java/com/enonic/xp/admin/event/impl/EventListenerImplTest.java,17
xp,com.enonic.xp.admin.event.impl,TestEvent,0,0,0,0,2,0,0,0,-1.0,1,0,/temp/xp/modules/admin-event/src/test/java/com/enonic/xp/admin/event/impl/EventListenerImplTest.java,54
xp,com.enonic.xp.admin.event.impl,EventWebSocket,2,0,6,6,24,7,0,0,0.0,3,1,/temp/xp/modules/admin-event/src/main/java/com/enonic/xp/admin/event/impl/EventWebSocket.java,11
xp,com.enonic.xp.admin.event.impl,EventJsonWrapper,2,0,3,3,14,3,0,0,0.0,0,2,/temp/xp/modules/admin-event/src/main/java/com/enonic/xp/admin/event/impl/EventJsonWrapper.java,6
xp,com.enonic.xp.admin.event.impl,WebSocketManager,0,0,3,0,5,3,1,0,-1.0,3,1,/temp/xp/modules/admin-event/src/main/java/com/enonic/xp/admin/event/impl/WebSocketManager.java,3
xp,com.enonic.xp.admin.event.impl,EventListenerImpl,2,0,5,3,47,12,0,0,0.0,1,4,/temp/xp/modules/admin-event/src/main/java/com/enonic/xp/admin/event/impl/EventListenerImpl.java,27
xp,com.enonic.xp.admin.event.impl,EventServlet,4,0,8,6,56,12,0,1,0.375,1,1,/temp/xp/modules/admin-event/src/main/java/com/enonic/xp/admin/event/impl/EventServlet.java,25
xp,com.enonic.xp.admin.event.impl.json,ContentTypeDeletedEventJson,1,0,2,2,9,2,0,1,0.0,0,1,/temp/xp/modules/admin-event/src/main/java/com/enonic/xp/admin/event/impl/json/ContentTypeDeletedEventJson.java,5
xp,com.enonic.xp.admin.event.impl.json,EventJson,0,0,0,0,5,0,6,0,-1.0,2,0,/temp/xp/modules/admin-event/src/main/java/com/enonic/xp/admin/event/impl/json/EventJson.java,3
xp,com.enonic.xp.admin.event.impl.json,ContentPublishedEventJson,1,0,2,2,9,2,0,1,0.0,0,1,/temp/xp/modules/admin-event/src/main/java/com/enonic/xp/admin/event/impl/json/ContentPublishedEventJson.java,5
xp,com.enonic.xp.admin.event.impl.json,ModuleUpdatedEventJson,2,0,3,3,14,3,0,1,0.0,0,1,/temp/xp/modules/admin-event/src/main/java/com/enonic/xp/admin/event/impl/json/ModuleUpdatedEventJson.java,5
xp,com.enonic.xp.admin.event.impl.json,ContentCreatedEventJson,1,0,2,2,9,2,0,1,0.0,0,1,/temp/xp/modules/admin-event/src/main/java/com/enonic/xp/admin/event/impl/json/ContentCreatedEventJson.java,5
xp,com.enonic.xp.admin.event.impl.json,ContentTypeUpdatedEventJson,2,0,3,3,14,3,0,1,0.0,0,1,/temp/xp/modules/admin-event/src/main/java/com/enonic/xp/admin/event/impl/json/ContentTypeUpdatedEventJson.java,7
xp,com.enonic.xp.admin.event.impl.json,ContentUpdatedEventJson,1,0,2,2,9,2,0,1,0.0,0,1,/temp/xp/modules/admin-event/src/main/java/com/enonic/xp/admin/event/impl/json/ContentUpdatedEventJson.java,5
xp,com.enonic.xp.admin.event.impl.json,ObjectMapperHelper,0,0,1,1,13,1,0,0,-1.0,1,0,/temp/xp/modules/admin-event/src/main/java/com/enonic/xp/admin/event/impl/json/ObjectMapperHelper.java,11
xp,com.enonic.wem.event.internal,EventPublisherImplTest,1,0,5,5,48,5,0,0,0.0,0,4,/temp/xp/modules/wem-event/src/test/java/com/enonic/wem/event/internal/EventPublisherImplTest.java,15
xp,com.enonic.wem.event.internal,TestEvent,0,0,0,0,2,0,0,0,-1.0,1,0,/temp/xp/modules/wem-event/src/test/java/com/enonic/wem/event/internal/EventPublisherImplTest.java,94
xp,com.enonic.wem.event.internal,EventPublisherImpl,2,0,5,4,26,6,0,0,0.0,1,2,/temp/xp/modules/wem-event/src/main/java/com/enonic/wem/event/internal/EventPublisherImpl.java,18
xp,com.enonic.xp.portal.thymeleaf.impl,RenderViewHandlerTest,0,0,6,4,43,6,0,0,-1.0,0,8,/temp/xp/modules/portal-thymeleaf/src/test/java/com/enonic/xp/portal/thymeleaf/impl/RenderViewHandlerTest.java,23
xp,com.enonic.xp.portal.thymeleaf.impl,RenderViewHandler,1,0,3,3,15,3,0,0,0.6666666666666666,0,4,/temp/xp/modules/portal-thymeleaf/src/main/java/com/enonic/xp/portal/thymeleaf/impl/RenderViewHandler.java,9
xp,com.enonic.xp.portal.thymeleaf.impl,ThymeleafResourceResolver,0,0,2,2,15,2,0,0,-1.0,0,2,/temp/xp/modules/portal-thymeleaf/src/main/java/com/enonic/xp/portal/thymeleaf/impl/ThymeleafResourceResolver.java,12
xp,com.enonic.xp.portal.thymeleaf.impl,ComponentProcessor,0,0,4,2,22,4,0,0,-1.0,0,0,/temp/xp/modules/portal-thymeleaf/src/main/java/com/enonic/xp/portal/thymeleaf/impl/ComponentProcessor.java,17
xp,com.enonic.xp.portal.thymeleaf.impl,ThymeleafViewFunctions,0,0,9,7,30,9,0,0,-1.0,0,3,/temp/xp/modules/portal-thymeleaf/src/main/java/com/enonic/xp/portal/thymeleaf/impl/ThymeleafViewFunctions.java,12
xp,com.enonic.xp.portal.thymeleaf.impl,ThymeleafProcessor,3,0,6,4,41,8,0,0,0.3333333333333333,2,2,/temp/xp/modules/portal-thymeleaf/src/main/java/com/enonic/xp/portal/thymeleaf/impl/ThymeleafProcessor.java,14
xp,com.enonic.xp.portal.thymeleaf.impl,ExtensionDialectImpl,0,0,2,2,10,2,0,0,-1.0,0,0,/temp/xp/modules/portal-thymeleaf/src/main/java/com/enonic/xp/portal/thymeleaf/impl/ExtensionDialectImpl.java,10
xp,com.enonic.xp.portal.thymeleaf.impl,ThymeleafProcessorFactory,1,0,2,2,18,2,0,0,0.0,1,1,/temp/xp/modules/portal-thymeleaf/src/main/java/com/enonic/xp/portal/thymeleaf/impl/ThymeleafProcessorFactory.java,11
xp,com.enonic.xp.portal.thymeleaf.impl,StandardDialectImpl,0,0,1,1,5,1,0,0,-1.0,0,0,/temp/xp/modules/portal-thymeleaf/src/main/java/com/enonic/xp/portal/thymeleaf/impl/StandardDialectImpl.java,5
xp,com.enonic.wem.export.internal,MockNodeTree,3,0,6,5,39,10,0,0,0.0,1,1,/temp/xp/modules/wem-export/src/test/java/com/enonic/wem/export/internal/MockNodeTree.java,10
xp,com.enonic.wem.export.internal,NodeImportPathResolverTest,0,0,3,3,15,3,0,0,-1.0,0,2,/temp/xp/modules/wem-export/src/test/java/com/enonic/wem/export/internal/NodeImportPathResolverTest.java,12
xp,com.enonic.wem.export.internal,NodeServiceMock,5,0,23,23,112,27,0,0,0.7391304347826086,2,26,/temp/xp/modules/wem-export/src/test/java/com/enonic/wem/export/internal/NodeServiceMock.java,48
xp,com.enonic.wem.export.internal,BatchedNodeExportCommandTest,2,1,8,6,78,8,0,0,0.0,0,11,/temp/xp/modules/wem-export/src/test/java/com/enonic/wem/export/internal/BatchedNodeExportCommandTest.java,26
xp,com.enonic.wem.export.internal,NodeImportCommandTest,2,1,12,8,110,14,0,0,0.0,0,8,/temp/xp/modules/wem-export/src/test/java/com/enonic/wem/export/internal/NodeImportCommandTest.java,28
xp,com.enonic.wem.export.internal,BatchedNodeExportCommand,15,0,21,10,130,26,0,0,0.19047619047619047,3,13,/temp/xp/modules/wem-export/src/main/java/com/enonic/wem/export/internal/BatchedNodeExportCommand.java,22
xp,com.enonic.wem.export.internal,Builder,7,0,9,8,42,9,0,0,1.0,5,5,/temp/xp/modules/wem-export/src/main/java/com/enonic/wem/export/internal/BatchedNodeExportCommand.java,175
xp,com.enonic.wem.export.internal,NodeImportCommand,16,0,20,10,131,27,0,0,0.2,3,13,/temp/xp/modules/wem-export/src/main/java/com/enonic/wem/export/internal/NodeImportCommand.java,23
xp,com.enonic.wem.export.internal,Builder,7,0,9,8,42,9,0,0,1.0,0,6,/temp/xp/modules/wem-export/src/main/java/com/enonic/wem/export/internal/NodeImportCommand.java,184
xp,com.enonic.wem.export.internal,ProcessNodeSettings,4,0,8,6,34,8,0,0,0.5,4,2,/temp/xp/modules/wem-export/src/main/java/com/enonic/wem/export/internal/ProcessNodeSettings.java,5
xp,com.enonic.wem.export.internal,Builder,2,0,4,3,17,4,0,0,1.0,0,3,/temp/xp/modules/wem-export/src/main/java/com/enonic/wem/export/internal/ProcessNodeSettings.java,32
xp,com.enonic.wem.export.internal.writer,NodeExportPathResolverTest,0,0,4,3,25,4,0,0,-1.0,0,2,/temp/xp/modules/wem-export/src/test/java/com/enonic/wem/export/internal/writer/NodeExportPathResolverTest.java,12
xp,com.enonic.wem.export.internal.writer,NodeExportPathResolver,4,4,6,6,27,6,0,0,1.0,5,2,/temp/xp/modules/wem-export/src/main/java/com/enonic/wem/export/internal/writer/NodeExportPathResolver.java,9
xp,com.enonic.wem.export.internal.writer,ExportWriter,0,0,3,3,5,3,1,0,-1.0,2,0,/temp/xp/modules/wem-export/src/main/java/com/enonic/wem/export/internal/writer/ExportWriter.java,7
xp,com.enonic.wem.export.internal.writer,FileExportWriter,0,0,4,3,32,4,0,1,-1.0,0,0,/temp/xp/modules/wem-export/src/main/java/com/enonic/wem/export/internal/writer/FileExportWriter.java,12
xp,com.enonic.wem.export.internal.xml.util,XmlDateTimeConverterTest,0,0,6,6,41,6,0,0,-1.0,0,1,/temp/xp/modules/wem-export/src/test/java/com/enonic/wem/export/internal/xml/util/XmlDateTimeConverterTest.java,16
xp,com.enonic.wem.export.internal.xml.util,XmlDateTimeConverter,1,0,12,10,78,17,0,0,0.75,6,0,/temp/xp/modules/wem-export/src/main/java/com/enonic/wem/export/internal/xml/util/XmlDateTimeConverter.java,20
xp,com.enonic.wem.export.internal.xml.util,XmlStringEscaper,0,0,2,2,8,2,0,0,-1.0,3,0,/temp/xp/modules/wem-export/src/main/java/com/enonic/wem/export/internal/xml/util/XmlStringEscaper.java,5
xp,com.enonic.wem.export.internal.xml.serializer,BaseXmlSerializerTest,0,0,3,0,18,4,1,0,-1.0,0,1,/temp/xp/modules/wem-export/src/test/java/com/enonic/wem/export/internal/xml/serializer/BaseXmlSerializerTest.java,14
xp,com.enonic.wem.export.internal.xml.serializer,XmlNodeSerializerTest,0,0,1,1,32,1,0,1,-1.0,0,17,/temp/xp/modules/wem-export/src/test/java/com/enonic/wem/export/internal/xml/serializer/XmlNodeSerializerTest.java,28
xp,com.enonic.wem.export.internal.xml.serializer,XmlNodeSerializer,1,0,4,3,37,4,0,0,0.0,6,0,/temp/xp/modules/wem-export/src/main/java/com/enonic/wem/export/internal/xml/serializer/XmlNodeSerializer.java,16
xp,com.enonic.wem.export.internal.xml.mapper,HtmlPartPropertyMapper,0,0,1,0,8,1,0,0,-1.0,1,2,/temp/xp/modules/wem-export/src/main/java/com/enonic/wem/export/internal/xml/mapper/HtmlPartPropertyMapper.java,10
xp,com.enonic.wem.export.internal.xml.mapper,LocalDateTimePropertyMapper,0,0,1,0,8,1,0,0,-1.0,1,2,/temp/xp/modules/wem-export/src/main/java/com/enonic/wem/export/internal/xml/mapper/LocalDateTimePropertyMapper.java,10
xp,com.enonic.wem.export.internal.xml.mapper,XmlAttachedBinariesMapper,0,0,1,0,9,2,0,0,-1.0,1,2,/temp/xp/modules/wem-export/src/main/java/com/enonic/wem/export/internal/xml/mapper/XmlAttachedBinariesMapper.java,7
xp,com.enonic.wem.export.internal.xml.mapper,XmlAttachedBinaryMapper,0,0,1,0,8,1,0,0,-1.0,1,1,/temp/xp/modules/wem-export/src/main/java/com/enonic/wem/export/internal/xml/mapper/XmlAttachedBinaryMapper.java,6
xp,com.enonic.wem.export.internal.xml.mapper,XmlPropertyTreeMapper,0,0,2,1,23,4,0,0,-1.0,1,4,/temp/xp/modules/wem-export/src/main/java/com/enonic/wem/export/internal/xml/mapper/XmlPropertyTreeMapper.java,11
xp,com.enonic.wem.export.internal.xml.mapper,BooleanPropertyMapper,0,0,1,0,8,1,0,0,-1.0,1,1,/temp/xp/modules/wem-export/src/main/java/com/enonic/wem/export/internal/xml/mapper/BooleanPropertyMapper.java,9
xp,com.enonic.wem.export.internal.xml.mapper,XmlValuePropertyMapper,0,0,1,0,8,1,0,0,-1.0,1,2,/temp/xp/modules/wem-export/src/main/java/com/enonic/wem/export/internal/xml/mapper/XmlValuePropertyMapper.java,10
xp,com.enonic.wem.export.internal.xml.mapper,XmlPropertySetMapper,0,0,2,1,24,4,0,0,-1.0,1,4,/temp/xp/modules/wem-export/src/main/java/com/enonic/wem/export/internal/xml/mapper/XmlPropertySetMapper.java,13
xp,com.enonic.wem.export.internal.xml.mapper,LinkPropertyMapper,0,0,1,0,8,1,0,0,-1.0,1,1,/temp/xp/modules/wem-export/src/main/java/com/enonic/wem/export/internal/xml/mapper/LinkPropertyMapper.java,9
xp,com.enonic.wem.export.internal.xml.mapper,XmlNodeMapper,0,0,3,1,26,5,0,0,-1.0,2,3,/temp/xp/modules/wem-export/src/main/java/com/enonic/wem/export/internal/xml/mapper/XmlNodeMapper.java,7
xp,com.enonic.wem.export.internal.xml.mapper,TimePropertyMapper,0,0,1,0,8,1,0,0,-1.0,1,2,/temp/xp/modules/wem-export/src/main/java/com/enonic/wem/export/internal/xml/mapper/TimePropertyMapper.java,10
xp,com.enonic.wem.export.internal.xml.mapper,StringPropertyMapper,0,0,1,0,8,1,0,0,-1.0,1,1,/temp/xp/modules/wem-export/src/main/java/com/enonic/wem/export/internal/xml/mapper/StringPropertyMapper.java,9
xp,com.enonic.wem.export.internal.xml.mapper,BinaryReferencePropertyMapper,0,0,1,0,8,1,0,0,-1.0,1,1,/temp/xp/modules/wem-export/src/main/java/com/enonic/wem/export/internal/xml/mapper/BinaryReferencePropertyMapper.java,9
xp,com.enonic.wem.export.internal.xml.mapper,XmlPropertyMapper,0,0,2,1,56,16,0,0,-1.0,2,17,/temp/xp/modules/wem-export/src/main/java/com/enonic/wem/export/internal/xml/mapper/XmlPropertyMapper.java,11
xp,com.enonic.wem.export.internal.xml.mapper,DateTimePropertyMapper,0,0,1,0,8,1,0,0,-1.0,1,2,/temp/xp/modules/wem-export/src/main/java/com/enonic/wem/export/internal/xml/mapper/DateTimePropertyMapper.java,10
xp,com.enonic.wem.export.internal.xml.mapper,DatePropertyMapper,0,0,1,0,8,1,0,0,-1.0,1,2,/temp/xp/modules/wem-export/src/main/java/com/enonic/wem/export/internal/xml/mapper/DatePropertyMapper.java,10
xp,com.enonic.wem.export.internal.xml.mapper,ReferencePropertyMapper,0,0,1,0,8,1,0,0,-1.0,1,1,/temp/xp/modules/wem-export/src/main/java/com/enonic/wem/export/internal/xml/mapper/ReferencePropertyMapper.java,9
xp,com.enonic.wem.export.internal.xml.mapper,LongPropertyMapper,0,0,1,0,8,1,0,0,-1.0,1,1,/temp/xp/modules/wem-export/src/main/java/com/enonic/wem/export/internal/xml/mapper/LongPropertyMapper.java,9
xp,com.enonic.wem.export.internal.xml.mapper,DoublePropertyMapper,0,0,1,0,8,1,0,0,-1.0,1,1,/temp/xp/modules/wem-export/src/main/java/com/enonic/wem/export/internal/xml/mapper/DoublePropertyMapper.java,9
xp,com.enonic.wem.export.internal.xml.mapper,GeoPointPropertyMapper,0,0,1,0,8,1,0,0,-1.0,1,1,/temp/xp/modules/wem-export/src/main/java/com/enonic/wem/export/internal/xml/mapper/GeoPointPropertyMapper.java,9
xp,com.enonic.wem.export.internal.builder,CreateNodeParamsFactory,6,0,10,6,58,13,0,0,0.4,2,8,/temp/xp/modules/wem-export/src/main/java/com/enonic/wem/export/internal/builder/CreateNodeParamsFactory.java,13
xp,com.enonic.wem.export.internal.builder,Builder,3,0,5,4,22,5,0,0,1.0,1,3,/temp/xp/modules/wem-export/src/main/java/com/enonic/wem/export/internal/builder/CreateNodeParamsFactory.java,78
xp,com.enonic.wem.export.internal.builder,PropertyTreeXmlBuilder,0,0,15,1,95,30,0,0,-1.0,1,7,/temp/xp/modules/wem-export/src/main/java/com/enonic/wem/export/internal/builder/PropertyTreeXmlBuilder.java,30
xp,com.enonic.wem.export.internal.reader,FileExportReader,0,0,4,4,29,4,0,1,-1.0,0,0,/temp/xp/modules/wem-export/src/main/java/com/enonic/wem/export/internal/reader/FileExportReader.java,11
xp,com.enonic.wem.export.internal.reader,NodeImportPathException,0,0,1,1,5,1,0,0,-1.0,0,0,/temp/xp/modules/wem-export/src/main/java/com/enonic/wem/export/internal/reader/NodeImportPathException.java,3
xp,com.enonic.wem.export.internal.reader,ExportReaderException,0,0,1,1,5,1,0,0,-1.0,0,0,/temp/xp/modules/wem-export/src/main/java/com/enonic/wem/export/internal/reader/ExportReaderException.java,3
xp,com.enonic.wem.export.internal.reader,NodeImportPathResolver,0,0,4,4,18,5,0,0,-1.0,2,2,/temp/xp/modules/wem-export/src/main/java/com/enonic/wem/export/internal/reader/NodeImportPathResolver.java,11
xp,com.enonic.wem.export.internal.reader,ExportReader,0,0,4,4,6,4,1,0,-1.0,2,0,/temp/xp/modules/wem-export/src/main/java/com/enonic/wem/export/internal/reader/ExportReader.java,8
xp,com.enonic.wem.export,ExportServiceImpl,2,0,3,3,13,3,0,0,0.0,0,6,/temp/xp/modules/wem-export/src/main/java/com/enonic/wem/export/ExportServiceImpl.java,22
xp,com.enonic.wem.api.data,PropertyTreeSpeedTest,1,0,4,3,46,9,0,0,0.5,0,3,/temp/xp/modules/wem-api/src/test/java/com/enonic/wem/api/data/PropertyTreeSpeedTest.java,7
xp,com.enonic.wem.api.data,PropertyPathTest,0,0,10,10,52,10,0,0,-1.0,0,2,/temp/xp/modules/wem-api/src/test/java/com/enonic/wem/api/data/PropertyPathTest.java,10
xp,com.enonic.wem.api.data,PropertyTreeTest,0,0,24,24,239,24,0,0,-1.0,0,8,/temp/xp/modules/wem-api/src/test/java/com/enonic/wem/api/data/PropertyTreeTest.java,12
xp,com.enonic.wem.api.data,PropertySetJsonTest,1,0,3,3,32,3,0,0,0.0,0,5,/temp/xp/modules/wem-api/src/test/java/com/enonic/wem/api/data/PropertySetJsonTest.java,13
xp,com.enonic.wem.api.data,PropertySetTest,0,0,10,10,89,10,0,0,-1.0,0,5,/temp/xp/modules/wem-api/src/test/java/com/enonic/wem/api/data/PropertySetTest.java,7
xp,com.enonic.wem.api.data,PropertyArrayTest,0,0,8,8,61,8,0,0,-1.0,0,6,/temp/xp/modules/wem-api/src/test/java/com/enonic/wem/api/data/PropertyArrayTest.java,10
xp,com.enonic.wem.api.data,PropertyTreeJsonTest,1,0,5,4,83,5,0,0,0.0,0,12,/temp/xp/modules/wem-api/src/test/java/com/enonic/wem/api/data/PropertyTreeJsonTest.java,21
xp,com.enonic.wem.api.data,UsageTest,0,0,5,5,48,5,0,0,-1.0,0,3,/temp/xp/modules/wem-api/src/test/java/com/enonic/wem/api/data/UsageTest.java,9
xp,com.enonic.wem.api.data,ValueTest,0,0,2,2,20,2,0,0,-1.0,0,7,/temp/xp/modules/wem-api/src/test/java/com/enonic/wem/api/data/ValueTest.java,13
xp,com.enonic.wem.api.data,PropertyTest,0,0,7,7,49,7,0,0,-1.0,0,4,/temp/xp/modules/wem-api/src/test/java/com/enonic/wem/api/data/PropertyTest.java,10
xp,com.enonic.wem.api.data,PropertyVisitorTest,0,0,10,10,106,10,0,0,-1.0,0,8,/temp/xp/modules/wem-api/src/test/java/com/enonic/wem/api/data/PropertyVisitorTest.java,14
xp,com.enonic.wem.api.data,PropertyVisitor,2,0,5,5,28,8,0,0,0.0,2,5,/temp/xp/modules/wem-api/src/main/java/com/enonic/wem/api/data/PropertyVisitor.java,4
xp,com.enonic.wem.api.data,PropertyId,1,0,4,3,22,6,0,0,0.0,6,0,/temp/xp/modules/wem-api/src/main/java/com/enonic/wem/api/data/PropertyId.java,5
xp,com.enonic.wem.api.data,PropertyIdProvider,0,0,1,0,3,1,3,0,-1.0,4,1,/temp/xp/modules/wem-api/src/main/java/com/enonic/wem/api/data/PropertyIdProvider.java,3
xp,com.enonic.wem.api.data,PropertyTree,4,0,178,173,587,185,0,1,0.02247191011235955,119,13,/temp/xp/modules/wem-api/src/main/java/com/enonic/wem/api/data/PropertyTree.java,24
xp,com.enonic.wem.api.data,PredictivePropertyIdProvider,1,0,1,1,9,1,0,1,0.0,0,1,/temp/xp/modules/wem-api/src/main/java/com/enonic/wem/api/data/PropertyTree.java,27
xp,com.enonic.wem.api.data,DefaultPropertyIdProvider,0,0,1,1,8,1,0,1,-1.0,0,1,/temp/xp/modules/wem-api/src/main/java/com/enonic/wem/api/data/PropertyTree.java,43
xp,com.enonic.wem.api.data,PropertySetJsonSerializer,0,0,2,2,8,2,0,0,-1.0,1,1,/temp/xp/modules/wem-api/src/main/java/com/enonic/wem/api/data/PropertySetJsonSerializer.java,3
xp,com.enonic.wem.api.data,Property,5,0,33,28,162,47,0,0,0.0,73,11,/temp/xp/modules/wem-api/src/main/java/com/enonic/wem/api/data/Property.java,18
xp,com.enonic.wem.api.data,ValueTypes,17,16,2,1,44,2,0,0,0.0,42,1,/temp/xp/modules/wem-api/src/main/java/com/enonic/wem/api/data/ValueTypes.java,17
xp,com.enonic.wem.api.data,PropertyIdProviderAccessor,1,0,2,1,9,2,0,0,1.0,3,2,/temp/xp/modules/wem-api/src/main/java/com/enonic/wem/api/data/PropertyIdProviderAccessor.java,4
xp,com.enonic.wem.api.data,ValueTypeException,0,0,1,1,5,1,0,0,-1.0,1,0,/temp/xp/modules/wem-api/src/main/java/com/enonic/wem/api/data/ValueTypeException.java,3
xp,com.enonic.wem.api.data,ValueType,3,0,42,6,186,46,16,0,0.42857142857142855,13,4,/temp/xp/modules/wem-api/src/main/java/com/enonic/wem/api/data/ValueType.java,5
xp,com.enonic.wem.api.data,PropertySet,0,0,2,0,8,2,0,1,-1.0,51,2,/temp/xp/modules/wem-api/src/main/java/com/enonic/wem/api/data/ValueType.java,98
xp,com.enonic.wem.api.data,String,0,0,2,0,8,2,0,1,-1.0,3,2,/temp/xp/modules/wem-api/src/main/java/com/enonic/wem/api/data/ValueType.java,113
xp,com.enonic.wem.api.data,HtmlPart,0,0,2,0,8,2,0,1,-1.0,2,2,/temp/xp/modules/wem-api/src/main/java/com/enonic/wem/api/data/ValueType.java,128
xp,com.enonic.wem.api.data,Xml,0,0,2,0,8,2,0,1,-1.0,2,2,/temp/xp/modules/wem-api/src/main/java/com/enonic/wem/api/data/ValueType.java,143
xp,com.enonic.wem.api.data,Long,0,0,2,0,8,2,0,1,-1.0,4,2,/temp/xp/modules/wem-api/src/main/java/com/enonic/wem/api/data/ValueType.java,158
xp,com.enonic.wem.api.data,Double,0,0,2,0,8,2,0,1,-1.0,2,2,/temp/xp/modules/wem-api/src/main/java/com/enonic/wem/api/data/ValueType.java,173
xp,com.enonic.wem.api.data,Boolean,0,0,2,0,8,2,0,1,-1.0,4,2,/temp/xp/modules/wem-api/src/main/java/com/enonic/wem/api/data/ValueType.java,188
xp,com.enonic.wem.api.data,LocalDate,0,0,2,0,8,2,0,1,-1.0,12,2,/temp/xp/modules/wem-api/src/main/java/com/enonic/wem/api/data/ValueType.java,203
xp,com.enonic.wem.api.data,LocalDateTime,0,0,2,0,8,2,0,1,-1.0,6,2,/temp/xp/modules/wem-api/src/main/java/com/enonic/wem/api/data/ValueType.java,218
xp,com.enonic.wem.api.data,LocalTime,0,0,2,0,8,2,0,1,-1.0,4,2,/temp/xp/modules/wem-api/src/main/java/com/enonic/wem/api/data/ValueType.java,233
xp,com.enonic.wem.api.data,DateTime,0,0,2,0,8,2,0,1,-1.0,2,2,/temp/xp/modules/wem-api/src/main/java/com/enonic/wem/api/data/ValueType.java,248
xp,com.enonic.wem.api.data,GeoPoint,0,0,2,0,8,2,0,1,-1.0,15,2,/temp/xp/modules/wem-api/src/main/java/com/enonic/wem/api/data/ValueType.java,263
xp,com.enonic.wem.api.data,BinaryReference,0,0,2,0,8,2,0,1,-1.0,19,2,/temp/xp/modules/wem-api/src/main/java/com/enonic/wem/api/data/ValueType.java,278
xp,com.enonic.wem.api.data,ContentId,0,0,2,0,8,2,0,1,-1.0,7,2,/temp/xp/modules/wem-api/src/main/java/com/enonic/wem/api/data/ValueType.java,293
xp,com.enonic.wem.api.data,Reference,0,0,2,0,8,2,0,1,-1.0,11,2,/temp/xp/modules/wem-api/src/main/java/com/enonic/wem/api/data/ValueType.java,308
xp,com.enonic.wem.api.data,Link,0,0,2,0,8,2,0,1,-1.0,11,2,/temp/xp/modules/wem-api/src/main/java/com/enonic/wem/api/data/ValueType.java,323
xp,com.enonic.wem.api.data,PropertyTreeJson,0,0,2,2,16,4,0,0,-1.0,14,2,/temp/xp/modules/wem-api/src/main/java/com/enonic/wem/api/data/PropertyTreeJson.java,6
xp,com.enonic.wem.api.data,PropertyArrayJson,3,0,3,1,25,5,0,0,0.6666666666666666,3,4,/temp/xp/modules/wem-api/src/main/java/com/enonic/wem/api/data/PropertyArrayJson.java,9
xp,com.enonic.wem.api.data,PropertyPath,11,2,35,31,254,58,0,0,0.08571428571428572,28,1,/temp/xp/modules/wem-api/src/main/java/com/enonic/wem/api/data/PropertyPath.java,14
xp,com.enonic.wem.api.data,Element,5,0,10,10,80,16,0,0,0.2,1,0,/temp/xp/modules/wem-api/src/main/java/com/enonic/wem/api/data/PropertyPath.java,277
xp,com.enonic.wem.api.data,JavaTypeConverter,2,0,3,3,14,3,0,0,0.0,2,0,/temp/xp/modules/wem-api/src/main/java/com/enonic/wem/api/data/JavaTypeConverter.java,5
xp,com.enonic.wem.api.data,JavaTypeConverters,18,14,29,1,271,72,0,0,0.8275862068965517,17,8,/temp/xp/modules/wem-api/src/main/java/com/enonic/wem/api/data/JavaTypeConverters.java,19
xp,com.enonic.wem.api.data,PropertyArray,5,0,23,11,171,40,0,0,0.0,4,6,/temp/xp/modules/wem-api/src/main/java/com/enonic/wem/api/data/PropertyArray.java,13
xp,com.enonic.wem.api.data,PropertySet,4,0,186,173,943,268,0,0,0.7634408602150538,0,12,/temp/xp/modules/wem-api/src/main/java/com/enonic/wem/api/data/PropertySet.java,23
xp,com.enonic.wem.api.data,ValueAndPropertyIdJson,3,3,3,1,38,7,0,0,0.6666666666666666,0,8,/temp/xp/modules/wem-api/src/main/java/com/enonic/wem/api/data/ValueAndPropertyIdJson.java,9
xp,com.enonic.wem.api.data,Value,2,0,105,44,451,122,16,0,0.4857142857142857,99,24,/temp/xp/modules/wem-api/src/main/java/com/enonic/wem/api/data/Value.java,7
xp,com.enonic.wem.api.data,PropertySet,0,0,4,1,14,4,0,1,-1.0,0,4,/temp/xp/modules/wem-api/src/main/java/com/enonic/wem/api/data/Value.java,380
xp,com.enonic.wem.api.data,String,0,0,3,0,11,3,0,1,-1.0,0,4,/temp/xp/modules/wem-api/src/main/java/com/enonic/wem/api/data/Value.java,406
xp,com.enonic.wem.api.data,HtmlPart,0,0,3,0,11,3,0,1,-1.0,0,4,/temp/xp/modules/wem-api/src/main/java/com/enonic/wem/api/data/Value.java,426
xp,com.enonic.wem.api.data,Xml,0,0,3,0,11,3,0,1,-1.0,0,4,/temp/xp/modules/wem-api/src/main/java/com/enonic/wem/api/data/Value.java,446
xp,com.enonic.wem.api.data,Long,0,0,3,0,11,3,0,1,-1.0,0,4,/temp/xp/modules/wem-api/src/main/java/com/enonic/wem/api/data/Value.java,466
xp,com.enonic.wem.api.data,Double,0,0,3,0,11,3,0,1,-1.0,0,4,/temp/xp/modules/wem-api/src/main/java/com/enonic/wem/api/data/Value.java,486
xp,com.enonic.wem.api.data,Boolean,0,0,3,0,11,3,0,1,-1.0,0,4,/temp/xp/modules/wem-api/src/main/java/com/enonic/wem/api/data/Value.java,506
xp,com.enonic.wem.api.data,GeoPoint,0,0,4,0,14,4,0,1,-1.0,0,5,/temp/xp/modules/wem-api/src/main/java/com/enonic/wem/api/data/Value.java,526
xp,com.enonic.wem.api.data,ContentId,0,0,4,0,14,4,0,1,-1.0,0,5,/temp/xp/modules/wem-api/src/main/java/com/enonic/wem/api/data/Value.java,552
xp,com.enonic.wem.api.data,Reference,0,0,4,0,14,4,0,1,-1.0,0,5,/temp/xp/modules/wem-api/src/main/java/com/enonic/wem/api/data/Value.java,578
xp,com.enonic.wem.api.data,BinaryReference,0,0,4,0,14,4,0,1,-1.0,0,5,/temp/xp/modules/wem-api/src/main/java/com/enonic/wem/api/data/Value.java,604
xp,com.enonic.wem.api.data,Link,0,0,4,0,14,4,0,1,-1.0,0,5,/temp/xp/modules/wem-api/src/main/java/com/enonic/wem/api/data/Value.java,633
xp,com.enonic.wem.api.data,LocalDate,0,0,4,0,14,4,0,1,-1.0,0,4,/temp/xp/modules/wem-api/src/main/java/com/enonic/wem/api/data/Value.java,659
xp,com.enonic.wem.api.data,LocalDateTime,0,0,4,0,14,4,0,1,-1.0,0,4,/temp/xp/modules/wem-api/src/main/java/com/enonic/wem/api/data/Value.java,685
xp,com.enonic.wem.api.data,LocalTime,0,0,4,0,14,4,0,1,-1.0,0,4,/temp/xp/modules/wem-api/src/main/java/com/enonic/wem/api/data/Value.java,711
xp,com.enonic.wem.api.data,DateTime,0,0,4,0,14,4,0,1,-1.0,0,4,/temp/xp/modules/wem-api/src/main/java/com/enonic/wem/api/data/Value.java,737
xp,com.enonic.wem.api.resource,ResourceTest,1,1,4,3,39,4,0,0,0.75,0,4,/temp/xp/modules/wem-api/src/test/java/com/enonic/wem/api/resource/ResourceTest.java,16
xp,com.enonic.wem.api.resource,ResourceUrlTestHelper,0,0,3,1,21,3,0,0,-1.0,4,2,/temp/xp/modules/wem-api/src/test/java/com/enonic/wem/api/resource/ResourceUrlTestHelper.java,9
xp,com.enonic.wem.api.resource,MockUrlStreamHandlerFactory,2,0,7,4,70,18,0,1,0.42857142857142855,1,2,/temp/xp/modules/wem-api/src/test/java/com/enonic/wem/api/resource/MockUrlStreamHandlerFactory.java,10
xp,com.enonic.wem.api.resource,ResourceProblemExceptionTest,0,0,5,5,51,5,0,0,-1.0,0,2,/temp/xp/modules/wem-api/src/test/java/com/enonic/wem/api/resource/ResourceProblemExceptionTest.java,7
xp,com.enonic.wem.api.resource,MockUrlStreamHandler,1,0,2,1,14,3,0,0,0.0,0,2,/temp/xp/modules/wem-api/src/test/java/com/enonic/wem/api/resource/MockUrlStreamHandler.java,8
xp,com.enonic.wem.api.resource,ResourceUrlRegistry,0,0,3,3,5,3,1,0,-1.0,6,1,/temp/xp/modules/wem-api/src/test/java/com/enonic/wem/api/resource/ResourceUrlRegistry.java,6
xp,com.enonic.wem.api.resource,ResourceKey,4,0,15,13,70,18,0,0,0.0,57,1,/temp/xp/modules/wem-api/src/main/java/com/enonic/wem/api/resource/ResourceKey.java,10
xp,com.enonic.wem.api.resource,ResourceNotFoundException,1,0,2,2,10,2,0,0,0.0,0,1,/temp/xp/modules/wem-api/src/main/java/com/enonic/wem/api/resource/ResourceNotFoundException.java,5
xp,com.enonic.wem.api.resource,Resource,2,0,15,12,107,19,0,0,0.0,15,2,/temp/xp/modules/wem-api/src/main/java/com/enonic/wem/api/resource/Resource.java,15
xp,com.enonic.wem.api.resource,ResourceProblemException,8,0,14,11,78,19,0,0,0.14285714285714285,7,2,/temp/xp/modules/wem-api/src/main/java/com/enonic/wem/api/resource/ResourceProblemException.java,11
xp,com.enonic.wem.api.resource,Builder,5,0,7,6,40,9,0,0,0.42857142857142855,1,2,/temp/xp/modules/wem-api/src/main/java/com/enonic/wem/api/resource/ResourceProblemException.java,69
xp,com.enonic.wem.api.resource,ResourceUrlResolver,0,0,1,1,10,1,0,0,-1.0,2,1,/temp/xp/modules/wem-api/src/main/java/com/enonic/wem/api/resource/ResourceUrlResolver.java,7
xp,com.enonic.wem.api.schema.mixin,MixinTest,0,0,1,1,15,1,0,0,-1.0,0,3,/temp/xp/modules/wem-api/src/test/java/com/enonic/wem/api/schema/mixin/MixinTest.java,14
xp,com.enonic.wem.api.schema.mixin,MixinNameTest,0,0,5,5,20,5,0,0,-1.0,0,2,/temp/xp/modules/wem-api/src/test/java/com/enonic/wem/api/schema/mixin/MixinNameTest.java,7
xp,com.enonic.wem.api.schema.mixin,MixinRegistry,0,0,3,0,5,3,0,0,-1.0,1,4,/temp/xp/modules/wem-api/src/main/java/com/enonic/wem/api/schema/mixin/MixinRegistry.java,5
xp,com.enonic.wem.api.schema.mixin,MixinProvider,0,0,0,0,2,0,0,0,-1.0,0,0,/temp/xp/modules/wem-api/src/main/java/com/enonic/wem/api/schema/mixin/MixinProvider.java,5
xp,com.enonic.wem.api.schema.mixin,GetMixinParams,2,0,9,9,41,11,0,0,0.2222222222222222,6,1,/temp/xp/modules/wem-api/src/main/java/com/enonic/wem/api/schema/mixin/GetMixinParams.java,6
xp,com.enonic.wem.api.schema.mixin,GetMixinsParams,1,0,5,5,26,7,0,0,0.0,3,1,/temp/xp/modules/wem-api/src/main/java/com/enonic/wem/api/schema/mixin/GetMixinsParams.java,6
xp,com.enonic.wem.api.schema.mixin,MixinName,0,0,3,2,13,3,0,0,-1.0,23,1,/temp/xp/modules/wem-api/src/main/java/com/enonic/wem/api/schema/mixin/MixinName.java,9
xp,com.enonic.wem.api.schema.mixin,MixinNotFoundException,0,0,2,2,8,2,0,0,-1.0,0,2,/temp/xp/modules/wem-api/src/main/java/com/enonic/wem/api/schema/mixin/MixinNotFoundException.java,9
xp,com.enonic.wem.api.schema.mixin,MixinNames,0,0,16,12,61,16,0,0,-1.0,3,2,/temp/xp/modules/wem-api/src/main/java/com/enonic/wem/api/schema/mixin/MixinNames.java,14
xp,com.enonic.wem.api.schema.mixin,ParseFunction,0,0,1,1,5,1,0,0,-1.0,1,1,/temp/xp/modules/wem-api/src/main/java/com/enonic/wem/api/schema/mixin/MixinNames.java,102
xp,com.enonic.wem.api.schema.mixin,MixinService,0,0,4,0,6,4,0,0,-1.0,20,5,/temp/xp/modules/wem-api/src/main/java/com/enonic/wem/api/schema/mixin/MixinService.java,5
xp,com.enonic.wem.api.schema.mixin,Mixins,2,0,11,10,45,11,0,0,0.8181818181818182,9,4,/temp/xp/modules/wem-api/src/main/java/com/enonic/wem/api/schema/mixin/Mixins.java,15
xp,com.enonic.wem.api.schema.mixin,ToNameFunction,0,0,1,1,5,1,0,0,-1.0,1,2,/temp/xp/modules/wem-api/src/main/java/com/enonic/wem/api/schema/mixin/Mixins.java,58
xp,com.enonic.wem.api.schema.mixin,Builder,1,0,2,2,10,2,0,0,0.0,3,2,/temp/xp/modules/wem-api/src/main/java/com/enonic/wem/api/schema/mixin/Mixins.java,73
xp,com.enonic.wem.api.schema.mixin,Mixin,2,0,11,10,45,11,0,0,0.6363636363636364,25,4,/temp/xp/modules/wem-api/src/main/java/com/enonic/wem/api/schema/mixin/Mixin.java,7
xp,com.enonic.wem.api.schema.mixin,Builder,1,0,7,7,29,7,0,0,0.7142857142857143,0,5,/temp/xp/modules/wem-api/src/main/java/com/enonic/wem/api/schema/mixin/Mixin.java,33
xp,com.enonic.wem.api.schema.relationship,RelationshipTypeTest,0,0,1,1,16,1,0,0,-1.0,0,3,/temp/xp/modules/wem-api/src/test/java/com/enonic/wem/api/schema/relationship/RelationshipTypeTest.java,11
xp,com.enonic.wem.api.schema.relationship,RelationshipTypeNamesTest,0,0,5,5,20,5,0,0,-1.0,0,2,/temp/xp/modules/wem-api/src/test/java/com/enonic/wem/api/schema/relationship/RelationshipTypeNamesTest.java,8
xp,com.enonic.wem.api.schema.relationship,RelationshipTypeNotFoundException,0,0,2,2,8,2,0,0,-1.0,0,2,/temp/xp/modules/wem-api/src/main/java/com/enonic/wem/api/schema/relationship/RelationshipTypeNotFoundException.java,9
xp,com.enonic.wem.api.schema.relationship,RelationshipTypeName,5,5,4,2,21,4,0,0,1.0,47,1,/temp/xp/modules/wem-api/src/main/java/com/enonic/wem/api/schema/relationship/RelationshipTypeName.java,9
xp,com.enonic.wem.api.schema.relationship,RelationshipTypes,1,0,8,7,32,8,0,0,0.875,10,3,/temp/xp/modules/wem-api/src/main/java/com/enonic/wem/api/schema/relationship/RelationshipTypes.java,15
xp,com.enonic.wem.api.schema.relationship,ToNameFunction,0,0,1,1,5,1,0,0,-1.0,1,2,/temp/xp/modules/wem-api/src/main/java/com/enonic/wem/api/schema/relationship/RelationshipTypes.java,59
xp,com.enonic.wem.api.schema.relationship,RelationshipTypeService,0,0,3,0,5,3,0,0,-1.0,3,4,/temp/xp/modules/wem-api/src/main/java/com/enonic/wem/api/schema/relationship/RelationshipTypeService.java,5
xp,com.enonic.wem.api.schema.relationship,RelationshipTypeRegistry,0,0,3,0,5,3,0,0,-1.0,2,4,/temp/xp/modules/wem-api/src/main/java/com/enonic/wem/api/schema/relationship/RelationshipTypeRegistry.java,5
xp,com.enonic.wem.api.schema.relationship,RelationshipType,8,0,21,18,105,25,0,0,0.2857142857142857,20,4,/temp/xp/modules/wem-api/src/main/java/com/enonic/wem/api/schema/relationship/RelationshipType.java,14
xp,com.enonic.wem.api.schema.relationship,Builder,4,0,12,10,61,14,0,0,0.3333333333333333,1,3,/temp/xp/modules/wem-api/src/main/java/com/enonic/wem/api/schema/relationship/RelationshipType.java,93
xp,com.enonic.wem.api.schema.relationship,RelationshipTypeProvider,0,0,0,0,2,0,0,0,-1.0,0,0,/temp/xp/modules/wem-api/src/main/java/com/enonic/wem/api/schema/relationship/RelationshipTypeProvider.java,5
xp,com.enonic.wem.api.schema.relationship,GetRelationshipTypeParams,2,0,8,8,38,10,0,0,0.25,7,1,/temp/xp/modules/wem-api/src/main/java/com/enonic/wem/api/schema/relationship/GetRelationshipTypeParams.java,6
xp,com.enonic.wem.api.schema.relationship,RelationshipTypeNames,0,0,11,8,43,11,0,0,-1.0,2,2,/temp/xp/modules/wem-api/src/main/java/com/enonic/wem/api/schema/relationship/RelationshipTypeNames.java,14
xp,com.enonic.wem.api.schema.relationship,ParseFunction,0,0,1,1,5,1,0,0,-1.0,1,1,/temp/xp/modules/wem-api/src/main/java/com/enonic/wem/api/schema/relationship/RelationshipTypeNames.java,73
xp,com.enonic.wem.api.schema.content,ContentTypeNameTest,0,0,6,6,58,6,0,0,-1.0,0,2,/temp/xp/modules/wem-api/src/test/java/com/enonic/wem/api/schema/content/ContentTypeNameTest.java,10
xp,com.enonic.wem.api.schema.content,ContentTypeTest,0,0,4,4,36,4,0,0,-1.0,0,5,/temp/xp/modules/wem-api/src/test/java/com/enonic/wem/api/schema/content/ContentTypeTest.java,15
xp,com.enonic.wem.api.schema.content,ContentType,14,0,28,25,151,30,0,0,0.21428571428571427,44,4,/temp/xp/modules/wem-api/src/main/java/com/enonic/wem/api/schema/content/ContentType.java,12
xp,com.enonic.wem.api.schema.content,Builder,7,0,16,14,82,17,0,0,0.25,7,4,/temp/xp/modules/wem-api/src/main/java/com/enonic/wem/api/schema/content/ContentType.java,118
xp,com.enonic.wem.api.schema.content,ContentTypeDeletedEvent,1,0,2,2,9,2,0,0,0.0,1,1,/temp/xp/modules/wem-api/src/main/java/com/enonic/wem/api/schema/content/ContentTypeDeletedEvent.java,5
xp,com.enonic.wem.api.schema.content,ContentTypeNotFoundException,0,0,2,2,8,2,0,0,-1.0,0,2,/temp/xp/modules/wem-api/src/main/java/com/enonic/wem/api/schema/content/ContentTypeNotFoundException.java,9
xp,com.enonic.wem.api.schema.content,ContentTypeRegistry,0,0,3,0,5,3,0,0,-1.0,1,4,/temp/xp/modules/wem-api/src/main/java/com/enonic/wem/api/schema/content/ContentTypeRegistry.java,5
xp,com.enonic.wem.api.schema.content,ContentTypeName,20,0,46,44,162,46,0,0,0.30434782608695654,84,1,/temp/xp/modules/wem-api/src/main/java/com/enonic/wem/api/schema/content/ContentTypeName.java,9
xp,com.enonic.wem.api.schema.content,GetContentTypeParams,3,0,12,12,65,17,0,0,0.0,13,1,/temp/xp/modules/wem-api/src/main/java/com/enonic/wem/api/schema/content/GetContentTypeParams.java,5
xp,com.enonic.wem.api.schema.content,ContentTypeFilter,5,0,19,16,89,23,0,0,0.21052631578947367,3,4,/temp/xp/modules/wem-api/src/main/java/com/enonic/wem/api/schema/content/ContentTypeFilter.java,8
xp,com.enonic.wem.api.schema.content,AccessType,1,0,2,0,8,2,0,0,0.0,2,0,/temp/xp/modules/wem-api/src/main/java/com/enonic/wem/api/schema/content/ContentTypeFilter.java,11
xp,com.enonic.wem.api.schema.content,Builder,2,0,10,9,47,12,0,0,0.2,0,5,/temp/xp/modules/wem-api/src/main/java/com/enonic/wem/api/schema/content/ContentTypeFilter.java,81
xp,com.enonic.wem.api.schema.content,ValidateContentTypeParams,1,0,4,4,15,4,0,0,0.5,3,1,/temp/xp/modules/wem-api/src/main/java/com/enonic/wem/api/schema/content/ValidateContentTypeParams.java,5
xp,com.enonic.wem.api.schema.content,ContentTypeProvider,0,0,0,0,2,0,0,0,-1.0,0,0,/temp/xp/modules/wem-api/src/main/java/com/enonic/wem/api/schema/content/ContentTypeProvider.java,5
xp,com.enonic.wem.api.schema.content,GetChildContentTypesParams,1,0,5,5,26,7,0,0,0.0,4,1,/temp/xp/modules/wem-api/src/main/java/com/enonic/wem/api/schema/content/GetChildContentTypesParams.java,7
xp,com.enonic.wem.api.schema.content,GetAllContentTypesParams,1,0,2,2,10,2,0,0,0.0,6,0,/temp/xp/modules/wem-api/src/main/java/com/enonic/wem/api/schema/content/GetAllContentTypesParams.java,3
xp,com.enonic.wem.api.schema.content,ContentTypeNames,1,0,22,18,90,24,0,0,0.7272727272727273,24,3,/temp/xp/modules/wem-api/src/main/java/com/enonic/wem/api/schema/content/ContentTypeNames.java,15
xp,com.enonic.wem.api.schema.content,ParseFunction,0,0,1,1,5,1,0,0,-1.0,1,1,/temp/xp/modules/wem-api/src/main/java/com/enonic/wem/api/schema/content/ContentTypeNames.java,119
xp,com.enonic.wem.api.schema.content,Builder,1,0,3,3,16,4,0,0,0.0,0,3,/temp/xp/modules/wem-api/src/main/java/com/enonic/wem/api/schema/content/ContentTypeNames.java,134
xp,com.enonic.wem.api.schema.content,ContentTypes,2,0,11,10,45,11,0,0,0.5454545454545454,22,4,/temp/xp/modules/wem-api/src/main/java/com/enonic/wem/api/schema/content/ContentTypes.java,14
xp,com.enonic.wem.api.schema.content,ToNameFunction,0,0,1,1,5,1,0,0,-1.0,1,2,/temp/xp/modules/wem-api/src/main/java/com/enonic/wem/api/schema/content/ContentTypes.java,57
xp,com.enonic.wem.api.schema.content,Builder,1,0,2,2,10,2,0,0,0.0,0,3,/temp/xp/modules/wem-api/src/main/java/com/enonic/wem/api/schema/content/ContentTypes.java,72
xp,com.enonic.wem.api.schema.content,ContentTypeService,0,0,7,0,9,7,0,0,-1.0,21,8,/temp/xp/modules/wem-api/src/main/java/com/enonic/wem/api/schema/content/ContentTypeService.java,6
xp,com.enonic.wem.api.schema.content,ComputedDisplayName,1,0,0,0,3,0,0,0,-1.0,0,0,/temp/xp/modules/wem-api/src/main/java/com/enonic/wem/api/schema/content/ComputedDisplayName.java,4
xp,com.enonic.wem.api.schema.content,ContentTypeForms,4,3,1,1,12,1,0,0,0.0,3,3,/temp/xp/modules/wem-api/src/main/java/com/enonic/wem/api/schema/content/ContentTypeForms.java,10
xp,com.enonic.wem.api.schema.content,ContentTypeUpdatedEvent,2,0,3,3,14,3,0,0,0.0,1,1,/temp/xp/modules/wem-api/src/main/java/com/enonic/wem/api/schema/content/ContentTypeUpdatedEvent.java,7
xp,com.enonic.wem.api.schema.content,GetContentTypesParams,2,0,7,7,34,9,0,0,0.2857142857142857,5,1,/temp/xp/modules/wem-api/src/main/java/com/enonic/wem/api/schema/content/GetContentTypesParams.java,6
xp,com.enonic.wem.api.schema.content.validator,OccurrenceValidatorTest,2,0,21,21,208,21,0,0,0.0,0,11,/temp/xp/modules/wem-api/src/test/java/com/enonic/wem/api/schema/content/validator/OccurrenceValidatorTest.java,25
xp,com.enonic.wem.api.schema.content.validator,ContentTypeValidationResult,2,0,14,13,50,14,0,0,0.42857142857142855,2,2,/temp/xp/modules/wem-api/src/main/java/com/enonic/wem/api/schema/content/validator/ContentTypeValidationResult.java,8
xp,com.enonic.wem.api.schema.content.validator,Builder,1,0,2,2,10,2,0,0,0.0,3,2,/temp/xp/modules/wem-api/src/main/java/com/enonic/wem/api/schema/content/validator/ContentTypeValidationResult.java,76
xp,com.enonic.wem.api.schema.content.validator,ContentTypeSuperTypeValidator,3,0,7,5,39,10,0,0,0.2857142857142857,2,7,/temp/xp/modules/wem-api/src/main/java/com/enonic/wem/api/schema/content/validator/ContentTypeSuperTypeValidator.java,10
xp,com.enonic.wem.api.schema.content.validator,Builder,1,0,2,2,10,2,0,0,0.0,0,3,/temp/xp/modules/wem-api/src/main/java/com/enonic/wem/api/schema/content/validator/ContentTypeSuperTypeValidator.java,56
xp,com.enonic.wem.api.schema.content.validator,MaximumOccurrencesValidationError,0,0,2,2,8,2,0,1,-1.0,0,2,/temp/xp/modules/wem-api/src/main/java/com/enonic/wem/api/schema/content/validator/MaximumOccurrencesValidationError.java,6
xp,com.enonic.wem.api.schema.content.validator,DataValidationError,2,0,3,2,14,3,3,0,0.0,4,1,/temp/xp/modules/wem-api/src/main/java/com/enonic/wem/api/schema/content/validator/DataValidationError.java,7
xp,com.enonic.wem.api.schema.content.validator,MinimumOccurrencesValidator,1,0,6,0,65,19,0,0,0.0,1,5,/temp/xp/modules/wem-api/src/main/java/com/enonic/wem/api/schema/content/validator/MinimumOccurrencesValidator.java,20
xp,com.enonic.wem.api.schema.content.validator,CannotInheritFromFinalContentTypeException,0,0,1,0,5,1,0,1,-1.0,0,1,/temp/xp/modules/wem-api/src/main/java/com/enonic/wem/api/schema/content/validator/CannotInheritFromFinalContentTypeException.java,5
xp,com.enonic.wem.api.schema.content.validator,OccurrenceValidator,1,0,2,2,17,2,0,0,0.0,2,5,/temp/xp/modules/wem-api/src/main/java/com/enonic/wem/api/schema/content/validator/OccurrenceValidator.java,12
xp,com.enonic.wem.api.schema.content.validator,InvalidContentTypeException,1,0,5,3,24,5,1,0,0.0,0,2,/temp/xp/modules/wem-api/src/main/java/com/enonic/wem/api/schema/content/validator/InvalidContentTypeException.java,7
xp,com.enonic.wem.api.schema.content.validator,MaximumOccurrencesValidator,2,0,5,0,42,12,0,0,0.0,1,7,/temp/xp/modules/wem-api/src/main/java/com/enonic/wem/api/schema/content/validator/MaximumOccurrencesValidator.java,18
xp,com.enonic.wem.api.schema.content.validator,MissingRequiredValueValidationError,0,0,1,1,5,1,0,1,-1.0,0,2,/temp/xp/modules/wem-api/src/main/java/com/enonic/wem/api/schema/content/validator/MissingRequiredValueValidationError.java,6
xp,com.enonic.wem.api.schema.content.validator,DataValidationErrors,1,0,11,10,37,11,0,0,0.18181818181818182,7,1,/temp/xp/modules/wem-api/src/main/java/com/enonic/wem/api/schema/content/validator/DataValidationErrors.java,7
xp,com.enonic.wem.api.schema.content.validator,MinimumOccurrencesValidationError,0,0,2,2,8,2,0,1,-1.0,0,2,/temp/xp/modules/wem-api/src/main/java/com/enonic/wem/api/schema/content/validator/MinimumOccurrencesValidationError.java,6
xp,com.enonic.wem.api.schema.content.validator,ContentTypeValidationError,1,0,3,2,14,3,0,0,0.0,3,1,/temp/xp/modules/wem-api/src/main/java/com/enonic/wem/api/schema/content/validator/ContentTypeValidationError.java,5
xp,com.enonic.wem.api.index,PatternBasedIndexConfigDocumentOldShitTest,0,0,1,1,9,1,0,0,-1.0,0,3,/temp/xp/modules/wem-api/src/test/java/com/enonic/wem/api/index/PatternBasedIndexConfigDocumentOldShitTest.java,9
xp,com.enonic.wem.api.index,ChildOrderTest,0,0,3,3,21,3,0,0,-1.0,0,4,/temp/xp/modules/wem-api/src/test/java/com/enonic/wem/api/index/ChildOrderTest.java,11
xp,com.enonic.wem.api.index,IndexPath,3,0,10,8,50,13,0,0,0.2,28,2,/temp/xp/modules/wem-api/src/main/java/com/enonic/wem/api/index/IndexPath.java,9
xp,com.enonic.wem.api.index,IndexFieldNameNormalizer,2,0,3,2,16,3,0,0,0.6666666666666666,1,0,/temp/xp/modules/wem-api/src/main/java/com/enonic/wem/api/index/IndexPath.java,33
xp,com.enonic.wem.api.index,ChildOrder,5,0,15,13,78,21,0,0,0.2,43,6,/temp/xp/modules/wem-api/src/main/java/com/enonic/wem/api/index/ChildOrder.java,16
xp,com.enonic.wem.api.index,Builder,1,0,3,2,12,3,0,0,1.0,10,2,/temp/xp/modules/wem-api/src/main/java/com/enonic/wem/api/index/ChildOrder.java,103
xp,com.enonic.wem.api.index,PatternIndexConfigDocument,4,1,12,10,69,18,0,2,0.3333333333333333,11,5,/temp/xp/modules/wem-api/src/main/java/com/enonic/wem/api/index/PatternIndexConfigDocument.java,10
xp,com.enonic.wem.api.index,Builder,2,0,6,5,25,6,0,2,0.6666666666666666,0,6,/temp/xp/modules/wem-api/src/main/java/com/enonic/wem/api/index/PatternIndexConfigDocument.java,49
xp,com.enonic.wem.api.index,IndexDocumentItemPath,3,0,12,8,79,19,0,0,0.4166666666666667,1,3,/temp/xp/modules/wem-api/src/main/java/com/enonic/wem/api/index/IndexDocumentItemPath.java,15
xp,com.enonic.wem.api.index,Element,0,0,1,1,5,1,0,0,-1.0,2,0,/temp/xp/modules/wem-api/src/main/java/com/enonic/wem/api/index/IndexDocumentItemPath.java,105
xp,com.enonic.wem.api.index,Builder,1,0,4,4,17,4,0,0,0.5,0,3,/temp/xp/modules/wem-api/src/main/java/com/enonic/wem/api/index/IndexDocumentItemPath.java,114
xp,com.enonic.wem.api.index,IndexConfig,14,4,16,14,101,23,0,0,0.25,18,1,/temp/xp/modules/wem-api/src/main/java/com/enonic/wem/api/index/IndexConfig.java,3
xp,com.enonic.wem.api.index,Builder,5,0,7,6,32,7,0,0,1.0,0,2,/temp/xp/modules/wem-api/src/main/java/com/enonic/wem/api/index/IndexConfig.java,88
xp,com.enonic.wem.api.index,IndexConfigDocument,0,0,2,2,4,2,1,0,-1.0,9,2,/temp/xp/modules/wem-api/src/main/java/com/enonic/wem/api/index/IndexConfigDocument.java,5
xp,com.enonic.wem.api.index,AbstractIndexConfigDocument,2,0,3,2,16,3,2,1,0.0,2,1,/temp/xp/modules/wem-api/src/main/java/com/enonic/wem/api/index/AbstractIndexConfigDocument.java,3
xp,com.enonic.wem.api.index,Builder,1,0,1,1,7,1,0,0,0.0,0,0,/temp/xp/modules/wem-api/src/main/java/com/enonic/wem/api/index/AbstractIndexConfigDocument.java,19
xp,com.enonic.wem.api.index,PathIndexConfig,4,0,12,10,75,19,0,0,0.3333333333333333,4,3,/temp/xp/modules/wem-api/src/main/java/com/enonic/wem/api/index/PathIndexConfig.java,5
xp,com.enonic.wem.api.index,Builder,2,0,4,3,17,4,0,0,1.0,0,4,/temp/xp/modules/wem-api/src/main/java/com/enonic/wem/api/index/PathIndexConfig.java,39
xp,com.enonic.wem.api.form,FormItemTest,0,0,1,1,8,1,0,0,-1.0,0,3,/temp/xp/modules/wem-api/src/test/java/com/enonic/wem/api/form/FormItemTest.java,10
xp,com.enonic.wem.api.form,FieldSetTest,0,0,1,1,8,1,0,0,-1.0,0,2,/temp/xp/modules/wem-api/src/test/java/com/enonic/wem/api/form/FieldSetTest.java,11
xp,com.enonic.wem.api.form,LayoutTest,0,0,2,2,18,2,0,0,-1.0,0,3,/temp/xp/modules/wem-api/src/test/java/com/enonic/wem/api/form/LayoutTest.java,12
xp,com.enonic.wem.api.form,InputTest,0,0,3,3,28,3,0,0,-1.0,0,3,/temp/xp/modules/wem-api/src/test/java/com/enonic/wem/api/form/InputTest.java,12
xp,com.enonic.wem.api.form,OccurrencesTest,0,0,3,3,17,3,0,0,-1.0,0,0,/temp/xp/modules/wem-api/src/test/java/com/enonic/wem/api/form/OccurrencesTest.java,9
xp,com.enonic.wem.api.form,FormItemSetTest,0,0,8,8,72,8,0,0,-1.0,0,4,/temp/xp/modules/wem-api/src/test/java/com/enonic/wem/api/form/FormItemSetTest.java,13
xp,com.enonic.wem.api.form,MixinReferencesToFormItemsTransformTest,2,0,5,5,53,5,0,0,0.0,0,9,/temp/xp/modules/wem-api/src/test/java/com/enonic/wem/api/form/MixinReferencesToFormItemsTransformTest.java,18
xp,com.enonic.wem.api.form,FormItemPathTest,0,0,3,3,14,3,0,0,-1.0,0,1,/temp/xp/modules/wem-api/src/test/java/com/enonic/wem/api/form/FormItemPathTest.java,8
xp,com.enonic.wem.api.form,MixinReferencesToFormItemsTransformer,1,0,3,2,41,9,0,0,0.0,20,5,/temp/xp/modules/wem-api/src/main/java/com/enonic/wem/api/form/MixinReferencesToFormItemsTransformer.java,10
xp,com.enonic.wem.api.form,BreaksRequiredContractException,1,0,7,4,25,7,0,0,0.42857142857142855,0,4,/temp/xp/modules/wem-api/src/main/java/com/enonic/wem/api/form/BreaksRequiredContractException.java,7
xp,com.enonic.wem.api.form,FieldSet,5,0,20,17,91,25,0,2,0.25,16,5,/temp/xp/modules/wem-api/src/main/java/com/enonic/wem/api/form/FieldSet.java,11
xp,com.enonic.wem.api.form,Builder,3,0,7,5,35,9,0,0,0.42857142857142855,11,2,/temp/xp/modules/wem-api/src/main/java/com/enonic/wem/api/form/FieldSet.java,108
xp,com.enonic.wem.api.form,InputTypeJson,1,0,4,4,15,4,0,0,0.0,2,2,/temp/xp/modules/wem-api/src/main/java/com/enonic/wem/api/form/InputTypeJson.java,10
xp,com.enonic.wem.api.form,FormItemJsonFactory,0,0,1,1,17,5,0,0,-1.0,4,3,/temp/xp/modules/wem-api/src/main/java/com/enonic/wem/api/form/FormItemJsonFactory.java,3
xp,com.enonic.wem.api.form,InputJson,4,0,14,14,73,16,0,1,0.0,1,3,/temp/xp/modules/wem-api/src/main/java/com/enonic/wem/api/form/InputJson.java,11
xp,com.enonic.wem.api.form,InvalidValueException,0,0,4,2,14,4,0,0,-1.0,0,2,/temp/xp/modules/wem-api/src/main/java/com/enonic/wem/api/form/InvalidValueException.java,7
xp,com.enonic.wem.api.form,BreaksRegexValidationException,2,0,4,3,18,4,0,0,0.0,1,1,/temp/xp/modules/wem-api/src/main/java/com/enonic/wem/api/form/BreaksRegexValidationException.java,6
xp,com.enonic.wem.api.form,Input,19,0,39,38,209,47,0,1,0.15384615384615385,31,8,/temp/xp/modules/wem-api/src/main/java/com/enonic/wem/api/form/Input.java,14
xp,com.enonic.wem.api.form,Builder,10,0,18,18,98,21,0,0,0.2222222222222222,0,6,/temp/xp/modules/wem-api/src/main/java/com/enonic/wem/api/form/Input.java,215
xp,com.enonic.wem.api.form,MixinReferenceJson,1,0,4,4,15,4,0,1,0.0,0,2,/temp/xp/modules/wem-api/src/main/java/com/enonic/wem/api/form/MixinReferenceJson.java,5
xp,com.enonic.wem.api.form,LayoutJsonFactory,0,0,1,1,8,2,0,0,-1.0,1,2,/temp/xp/modules/wem-api/src/main/java/com/enonic/wem/api/form/LayoutJsonFactory.java,3
xp,com.enonic.wem.api.form,LayoutJson,1,0,3,3,12,3,1,1,0.0,0,0,/temp/xp/modules/wem-api/src/main/java/com/enonic/wem/api/form/LayoutJson.java,5
xp,com.enonic.wem.api.form,FormItemVisitor,1,0,3,3,24,7,0,0,0.0,0,3,/temp/xp/modules/wem-api/src/main/java/com/enonic/wem/api/form/FormItemVisitor.java,6
xp,com.enonic.wem.api.form,InvalidDataException,1,0,5,3,24,5,0,0,0.0,1,1,/temp/xp/modules/wem-api/src/main/java/com/enonic/wem/api/form/InvalidDataException.java,6
xp,com.enonic.wem.api.form,OccurrencesJson,1,0,5,5,18,5,0,0,0.0,2,1,/temp/xp/modules/wem-api/src/main/java/com/enonic/wem/api/form/OccurrencesJson.java,9
xp,com.enonic.wem.api.form,FormItemSet,13,0,44,43,209,54,0,1,0.13636363636363635,28,9,/temp/xp/modules/wem-api/src/main/java/com/enonic/wem/api/form/FormItemSet.java,11
xp,com.enonic.wem.api.form,Builder,7,0,17,17,93,22,0,0,0.17647058823529413,0,4,/temp/xp/modules/wem-api/src/main/java/com/enonic/wem/api/form/FormItemSet.java,211
xp,com.enonic.wem.api.form,Form,3,0,25,22,108,31,0,0,0.16,37,7,/temp/xp/modules/wem-api/src/main/java/com/enonic/wem/api/form/Form.java,12
xp,com.enonic.wem.api.form,Builder,2,0,6,4,31,8,0,0,0.3333333333333333,0,4,/temp/xp/modules/wem-api/src/main/java/com/enonic/wem/api/form/Form.java,139
xp,com.enonic.wem.api.form,FormItemSetJson,3,0,13,11,56,15,0,1,0.0,1,5,/temp/xp/modules/wem-api/src/main/java/com/enonic/wem/api/form/FormItemSetJson.java,12
xp,com.enonic.wem.api.form,Layout,0,0,4,2,12,4,1,1,-1.0,9,3,/temp/xp/modules/wem-api/src/main/java/com/enonic/wem/api/form/Layout.java,4
xp,com.enonic.wem.api.form,FormItem,2,0,17,12,88,26,4,0,0.17647058823529413,24,7,/temp/xp/modules/wem-api/src/main/java/com/enonic/wem/api/form/FormItem.java,13
xp,com.enonic.wem.api.form,FormItemType,0,0,1,1,18,5,0,0,-1.0,7,0,/temp/xp/modules/wem-api/src/main/java/com/enonic/wem/api/form/FormItemType.java,4
xp,com.enonic.wem.api.form,FormItems,3,0,19,8,129,34,0,0,0.15789473684210525,13,6,/temp/xp/modules/wem-api/src/main/java/com/enonic/wem/api/form/FormItems.java,10
xp,com.enonic.wem.api.form,Occurrences,4,0,16,14,73,18,0,0,0.25,11,1,/temp/xp/modules/wem-api/src/main/java/com/enonic/wem/api/form/Occurrences.java,8
xp,com.enonic.wem.api.form,Builder,2,0,5,3,21,5,0,0,0.4,0,2,/temp/xp/modules/wem-api/src/main/java/com/enonic/wem/api/form/Occurrences.java,91
xp,com.enonic.wem.api.form,FormJson,2,0,5,5,34,9,0,0,0.0,7,3,/temp/xp/modules/wem-api/src/main/java/com/enonic/wem/api/form/FormJson.java,11
xp,com.enonic.wem.api.form,FormItemPath,5,1,18,15,108,27,0,0,0.0,10,0,/temp/xp/modules/wem-api/src/main/java/com/enonic/wem/api/form/FormItemPath.java,12
xp,com.enonic.wem.api.form,MixinNotFound,1,0,1,1,7,1,0,0,0.0,0,1,/temp/xp/modules/wem-api/src/main/java/com/enonic/wem/api/form/MixinNotFound.java,6
xp,com.enonic.wem.api.form,MixinReference,3,0,17,16,72,19,0,1,0.47058823529411764,14,4,/temp/xp/modules/wem-api/src/main/java/com/enonic/wem/api/form/MixinReference.java,11
xp,com.enonic.wem.api.form,Builder,2,0,8,8,33,8,0,0,0.375,0,4,/temp/xp/modules/wem-api/src/main/java/com/enonic/wem/api/form/MixinReference.java,78
xp,com.enonic.wem.api.form,FormItemJson,0,0,2,2,4,2,4,0,-1.0,3,0,/temp/xp/modules/wem-api/src/main/java/com/enonic/wem/api/form/FormItemJson.java,7
xp,com.enonic.wem.api.form,FieldSetJson,2,0,7,5,37,9,0,2,0.0,1,3,/temp/xp/modules/wem-api/src/main/java/com/enonic/wem/api/form/FieldSetJson.java,12
xp,com.enonic.wem.api.form,ValidationRegex,2,0,5,5,33,9,0,0,0.0,3,2,/temp/xp/modules/wem-api/src/main/java/com/enonic/wem/api/form/ValidationRegex.java,10
xp,com.enonic.wem.api.form.inputtype,RelationshipConfigXmlSerializerTest,2,0,6,6,49,6,0,0,0.0,0,5,/temp/xp/modules/wem-api/src/test/java/com/enonic/wem/api/form/inputtype/RelationshipConfigXmlSerializerTest.java,17
xp,com.enonic.wem.api.form.inputtype,RelationshipTest,0,0,1,1,6,1,0,0,-1.0,0,3,/temp/xp/modules/wem-api/src/test/java/com/enonic/wem/api/form/inputtype/RelationshipTest.java,11
xp,com.enonic.wem.api.form.inputtype,XmlTest,0,0,2,2,8,2,0,0,-1.0,0,0,/temp/xp/modules/wem-api/src/test/java/com/enonic/wem/api/form/inputtype/XmlTest.java,9
xp,com.enonic.wem.api.form.inputtype,TextAreaTest,0,0,2,2,8,2,0,0,-1.0,0,0,/temp/xp/modules/wem-api/src/test/java/com/enonic/wem/api/form/inputtype/TextAreaTest.java,9
xp,com.enonic.wem.api.form.inputtype,ImageSelectorConfigXmlSerializerTest,2,0,6,6,49,6,0,0,0.0,0,5,/temp/xp/modules/wem-api/src/test/java/com/enonic/wem/api/form/inputtype/ImageSelectorConfigXmlSerializerTest.java,18
xp,com.enonic.wem.api.form.inputtype,InputTypeResolverTest,0,0,2,2,12,2,0,0,-1.0,0,4,/temp/xp/modules/wem-api/src/test/java/com/enonic/wem/api/form/inputtype/InputTypeResolverTest.java,11
xp,com.enonic.wem.api.form.inputtype,RelationshipConfigJsonSerializerTest,2,0,5,5,33,5,0,0,0.0,0,4,/temp/xp/modules/wem-api/src/test/java/com/enonic/wem/api/form/inputtype/RelationshipConfigJsonSerializerTest.java,17
xp,com.enonic.wem.api.form.inputtype,GeoPointTest,0,0,1,1,7,1,0,0,-1.0,0,3,/temp/xp/modules/wem-api/src/test/java/com/enonic/wem/api/form/inputtype/GeoPointTest.java,11
xp,com.enonic.wem.api.form.inputtype,InputTypeNameTest,0,0,3,3,16,3,0,0,-1.0,0,2,/temp/xp/modules/wem-api/src/test/java/com/enonic/wem/api/form/inputtype/InputTypeNameTest.java,10
xp,com.enonic.wem.api.form.inputtype,TextLineTest,0,0,3,3,16,3,0,0,-1.0,0,0,/temp/xp/modules/wem-api/src/test/java/com/enonic/wem/api/form/inputtype/TextLineTest.java,11
xp,com.enonic.wem.api.form.inputtype,ImageSelectorConfigJsonSerializerTest,2,0,5,5,33,5,0,0,0.0,0,4,/temp/xp/modules/wem-api/src/test/java/com/enonic/wem/api/form/inputtype/ImageSelectorConfigJsonSerializerTest.java,17
xp,com.enonic.wem.api.form.inputtype,ImageSelectorTest,0,0,1,1,6,1,0,0,-1.0,0,3,/temp/xp/modules/wem-api/src/test/java/com/enonic/wem/api/form/inputtype/ImageSelectorTest.java,11
xp,com.enonic.wem.api.form.inputtype,SingleSelectorTest,0,0,2,2,8,2,0,0,-1.0,0,0,/temp/xp/modules/wem-api/src/test/java/com/enonic/wem/api/form/inputtype/SingleSelectorTest.java,8
xp,com.enonic.wem.api.form.inputtype,HtmlAreaTest,0,0,2,2,8,2,0,0,-1.0,0,0,/temp/xp/modules/wem-api/src/test/java/com/enonic/wem/api/form/inputtype/HtmlAreaTest.java,9
xp,com.enonic.wem.api.form.inputtype,TextArea,0,0,4,3,17,5,0,1,-1.0,0,3,/temp/xp/modules/wem-api/src/main/java/com/enonic/wem/api/form/inputtype/TextArea.java,9
xp,com.enonic.wem.api.form.inputtype,ComboBox,0,0,6,5,23,7,0,1,-1.0,0,7,/temp/xp/modules/wem-api/src/main/java/com/enonic/wem/api/form/inputtype/ComboBox.java,10
xp,com.enonic.wem.api.form.inputtype,Time,0,0,4,4,12,4,0,1,-1.0,0,4,/temp/xp/modules/wem-api/src/main/java/com/enonic/wem/api/form/inputtype/Time.java,9
xp,com.enonic.wem.api.form.inputtype,InputTypeResolver,2,0,4,4,26,6,0,0,0.75,4,4,/temp/xp/modules/wem-api/src/main/java/com/enonic/wem/api/form/inputtype/InputTypeResolver.java,4
xp,com.enonic.wem.api.form.inputtype,InputTypeExtensions,0,0,1,1,3,1,0,0,-1.0,2,1,/temp/xp/modules/wem-api/src/main/java/com/enonic/wem/api/form/inputtype/InputTypeExtensions.java,3
xp,com.enonic.wem.api.form.inputtype,ImageSelectorConfigJsonSerializer,1,1,2,2,21,4,0,1,1.0,2,2,/temp/xp/modules/wem-api/src/main/java/com/enonic/wem/api/form/inputtype/ImageSelectorConfigJsonSerializer.java,13
xp,com.enonic.wem.api.form.inputtype,AbstractInputTypeConfigJsonSerializer,0,0,3,3,7,3,4,0,-1.0,6,0,/temp/xp/modules/wem-api/src/main/java/com/enonic/wem/api/form/inputtype/AbstractInputTypeConfigJsonSerializer.java,7
xp,com.enonic.wem.api.form.inputtype,InvalidOccurrencesConfigurationException,0,0,1,1,5,1,0,0,-1.0,0,0,/temp/xp/modules/wem-api/src/main/java/com/enonic/wem/api/form/inputtype/InvalidOccurrencesConfigurationException.java,4
xp,com.enonic.wem.api.form.inputtype,InputType,3,0,16,12,62,18,27,0,0.4375,12,6,/temp/xp/modules/wem-api/src/main/java/com/enonic/wem/api/form/inputtype/InputType.java,10
xp,com.enonic.wem.api.form.inputtype,Relationship,0,0,6,5,23,7,0,1,-1.0,1,8,/temp/xp/modules/wem-api/src/main/java/com/enonic/wem/api/form/inputtype/Relationship.java,11
xp,com.enonic.wem.api.form.inputtype,AbstractInputTypeConfigXmlSerializer,0,0,4,3,12,4,4,0,-1.0,5,1,/temp/xp/modules/wem-api/src/main/java/com/enonic/wem/api/form/inputtype/AbstractInputTypeConfigXmlSerializer.java,8
xp,com.enonic.wem.api.form.inputtype,Checkbox,0,0,5,5,17,6,0,1,-1.0,0,5,/temp/xp/modules/wem-api/src/main/java/com/enonic/wem/api/form/inputtype/Checkbox.java,10
xp,com.enonic.wem.api.form.inputtype,TextLine,0,0,4,3,16,5,0,1,-1.0,0,3,/temp/xp/modules/wem-api/src/main/java/com/enonic/wem/api/form/inputtype/TextLine.java,9
xp,com.enonic.wem.api.form.inputtype,PageController,0,0,3,3,14,4,0,1,-1.0,0,3,/temp/xp/modules/wem-api/src/main/java/com/enonic/wem/api/form/inputtype/PageController.java,9
xp,com.enonic.wem.api.form.inputtype,SingleSelectorConfig,4,0,11,9,58,14,0,1,0.2727272727272727,4,3,/temp/xp/modules/wem-api/src/main/java/com/enonic/wem/api/form/inputtype/SingleSelectorConfig.java,12
xp,com.enonic.wem.api.form.inputtype,Builder,1,0,6,5,27,6,0,1,0.3333333333333333,8,2,/temp/xp/modules/wem-api/src/main/java/com/enonic/wem/api/form/inputtype/SingleSelectorConfig.java,62
xp,com.enonic.wem.api.form.inputtype,SelectorType,0,0,0,0,1,0,0,0,-1.0,2,0,/temp/xp/modules/wem-api/src/main/java/com/enonic/wem/api/form/inputtype/SingleSelectorConfig.java,105
xp,com.enonic.wem.api.form.inputtype,Attachment,0,0,4,3,16,5,0,1,-1.0,0,3,/temp/xp/modules/wem-api/src/main/java/com/enonic/wem/api/form/inputtype/Attachment.java,10
xp,com.enonic.wem.api.form.inputtype,SingleSelector,0,0,6,5,23,7,0,1,-1.0,0,7,/temp/xp/modules/wem-api/src/main/java/com/enonic/wem/api/form/inputtype/SingleSelector.java,10
xp,com.enonic.wem.api.form.inputtype,HtmlArea,0,0,4,3,16,5,0,1,-1.0,0,3,/temp/xp/modules/wem-api/src/main/java/com/enonic/wem/api/form/inputtype/HtmlArea.java,10
xp,com.enonic.wem.api.form.inputtype,Color,3,0,13,3,63,15,0,1,0.6923076923076923,0,4,/temp/xp/modules/wem-api/src/main/java/com/enonic/wem/api/form/inputtype/Color.java,14
xp,com.enonic.wem.api.form.inputtype,ValueHolder,3,0,7,0,31,8,0,0,0.0,1,0,/temp/xp/modules/wem-api/src/main/java/com/enonic/wem/api/form/inputtype/Color.java,67
xp,com.enonic.wem.api.form.inputtype,RelationshipConfigJsonSerializer,1,1,2,2,21,4,0,1,1.0,2,2,/temp/xp/modules/wem-api/src/main/java/com/enonic/wem/api/form/inputtype/RelationshipConfigJsonSerializer.java,13
xp,com.enonic.wem.api.form.inputtype,HtmlAreaConfig,0,0,4,3,17,4,0,1,-1.0,1,2,/temp/xp/modules/wem-api/src/main/java/com/enonic/wem/api/form/inputtype/HtmlAreaConfig.java,5
xp,com.enonic.wem.api.form.inputtype,Builder,0,0,2,1,7,2,0,0,-1.0,0,1,/temp/xp/modules/wem-api/src/main/java/com/enonic/wem/api/form/inputtype/HtmlAreaConfig.java,24
xp,com.enonic.wem.api.form.inputtype,ContentTypeFilter,0,0,3,3,14,4,0,1,-1.0,0,3,/temp/xp/modules/wem-api/src/main/java/com/enonic/wem/api/form/inputtype/ContentTypeFilter.java,9
xp,com.enonic.wem.api.form.inputtype,ImageSelector,0,0,6,5,19,6,0,1,-1.0,1,8,/temp/xp/modules/wem-api/src/main/java/com/enonic/wem/api/form/inputtype/ImageSelector.java,9
xp,com.enonic.wem.api.form.inputtype,InputTypes,26,23,5,3,62,7,0,0,0.6,30,3,/temp/xp/modules/wem-api/src/main/java/com/enonic/wem/api/form/inputtype/InputTypes.java,12
xp,com.enonic.wem.api.form.inputtype,Date,0,0,4,3,12,4,0,1,-1.0,0,4,/temp/xp/modules/wem-api/src/main/java/com/enonic/wem/api/form/inputtype/Date.java,9
xp,com.enonic.wem.api.form.inputtype,SingleSelectorConfigJsonSerializer,1,1,3,2,33,6,0,1,0.6666666666666666,1,1,/temp/xp/modules/wem-api/src/main/java/com/enonic/wem/api/form/inputtype/SingleSelectorConfigJsonSerializer.java,12
xp,com.enonic.wem.api.form.inputtype,Money,0,0,4,3,16,5,0,1,-1.0,0,4,/temp/xp/modules/wem-api/src/main/java/com/enonic/wem/api/form/inputtype/Money.java,11
xp,com.enonic.wem.api.form.inputtype,Xml,0,0,4,3,16,5,0,1,-1.0,0,3,/temp/xp/modules/wem-api/src/main/java/com/enonic/wem/api/form/inputtype/Xml.java,9
xp,com.enonic.wem.api.form.inputtype,Tag,0,0,4,3,16,5,0,1,-1.0,0,3,/temp/xp/modules/wem-api/src/main/java/com/enonic/wem/api/form/inputtype/Tag.java,9
xp,com.enonic.wem.api.form.inputtype,OptionBuilder,0,0,1,0,3,1,2,0,-1.0,0,0,/temp/xp/modules/wem-api/src/main/java/com/enonic/wem/api/form/inputtype/OptionBuilder.java,3
xp,com.enonic.wem.api.form.inputtype,ImageUploader,0,0,4,3,15,5,0,1,-1.0,0,3,/temp/xp/modules/wem-api/src/main/java/com/enonic/wem/api/form/inputtype/ImageUploader.java,9
xp,com.enonic.wem.api.form.inputtype,RelationshipConfigXmlSerializer,1,1,2,1,19,4,0,1,1.0,2,4,/temp/xp/modules/wem-api/src/main/java/com/enonic/wem/api/form/inputtype/RelationshipConfigXmlSerializer.java,10
xp,com.enonic.wem.api.form.inputtype,InputTypeConfig,0,0,1,0,3,1,4,0,-1.0,32,1,/temp/xp/modules/wem-api/src/main/java/com/enonic/wem/api/form/inputtype/InputTypeConfig.java,7
xp,com.enonic.wem.api.form.inputtype,CustomInputType,1,0,5,5,17,5,0,1,0.8,0,2,/temp/xp/modules/wem-api/src/main/java/com/enonic/wem/api/form/inputtype/CustomInputType.java,7
xp,com.enonic.wem.api.form.inputtype,Long,0,0,4,3,16,5,0,1,-1.0,0,4,/temp/xp/modules/wem-api/src/main/java/com/enonic/wem/api/form/inputtype/Long.java,8
xp,com.enonic.wem.api.form.inputtype,Option,2,0,3,2,14,3,0,0,0.0,0,0,/temp/xp/modules/wem-api/src/main/java/com/enonic/wem/api/form/inputtype/Option.java,3
xp,com.enonic.wem.api.form.inputtype,Region,0,0,4,3,16,5,0,1,-1.0,0,3,/temp/xp/modules/wem-api/src/main/java/com/enonic/wem/api/form/inputtype/Region.java,9
xp,com.enonic.wem.api.form.inputtype,ImageSelectorConfig,0,0,5,3,19,5,0,2,-1.0,5,3,/temp/xp/modules/wem-api/src/main/java/com/enonic/wem/api/form/inputtype/ImageSelectorConfig.java,5
xp,com.enonic.wem.api.form.inputtype,Builder,0,0,3,2,11,3,0,2,-1.0,0,4,/temp/xp/modules/wem-api/src/main/java/com/enonic/wem/api/form/inputtype/ImageSelectorConfig.java,18
xp,com.enonic.wem.api.form.inputtype,RelationshipConfig,2,0,7,5,27,7,2,1,0.7142857142857143,7,3,/temp/xp/modules/wem-api/src/main/java/com/enonic/wem/api/form/inputtype/RelationshipConfig.java,9
xp,com.enonic.wem.api.form.inputtype,Builder,1,0,3,2,12,3,0,0,1.0,0,3,/temp/xp/modules/wem-api/src/main/java/com/enonic/wem/api/form/inputtype/RelationshipConfig.java,37
xp,com.enonic.wem.api.form.inputtype,InputTypeExtension,0,0,2,0,8,2,0,1,-1.0,0,0,/temp/xp/modules/wem-api/src/main/java/com/enonic/wem/api/form/inputtype/InputTypeExtension.java,4
xp,com.enonic.wem.api.form.inputtype,ImageSelectorConfigXmlSerializer,1,1,2,1,19,4,0,1,1.0,2,4,/temp/xp/modules/wem-api/src/main/java/com/enonic/wem/api/form/inputtype/ImageSelectorConfigXmlSerializer.java,12
xp,com.enonic.wem.api.form.inputtype,ComboBoxConfig,4,0,8,5,45,11,0,1,0.5,3,2,/temp/xp/modules/wem-api/src/main/java/com/enonic/wem/api/form/inputtype/ComboBoxConfig.java,12
xp,com.enonic.wem.api.form.inputtype,Builder,2,0,3,2,14,3,0,1,1.0,0,2,/temp/xp/modules/wem-api/src/main/java/com/enonic/wem/api/form/inputtype/ComboBoxConfig.java,63
xp,com.enonic.wem.api.form.inputtype,DateTime,0,0,4,3,12,4,0,1,-1.0,0,4,/temp/xp/modules/wem-api/src/main/java/com/enonic/wem/api/form/inputtype/DateTime.java,9
xp,com.enonic.wem.api.form.inputtype,Double,0,0,4,3,16,5,0,1,-1.0,0,4,/temp/xp/modules/wem-api/src/main/java/com/enonic/wem/api/form/inputtype/Double.java,8
xp,com.enonic.wem.api.form.inputtype,GeoPoint,0,0,4,3,16,5,0,1,-1.0,1,4,/temp/xp/modules/wem-api/src/main/java/com/enonic/wem/api/form/inputtype/GeoPoint.java,7
xp,com.enonic.wem.api.form.inputtype,ComboBoxConfigJsonSerializer,1,1,3,2,30,6,0,1,0.6666666666666666,1,1,/temp/xp/modules/wem-api/src/main/java/com/enonic/wem/api/form/inputtype/ComboBoxConfigJsonSerializer.java,12
xp,com.enonic.wem.api.form.inputtype,ComboBoxConfigXmlSerializer,1,1,2,1,23,4,0,1,1.0,1,3,/temp/xp/modules/wem-api/src/main/java/com/enonic/wem/api/form/inputtype/ComboBoxConfigXmlSerializer.java,10
xp,com.enonic.wem.api.form.inputtype,Phone,0,0,4,3,16,5,0,1,-1.0,0,3,/temp/xp/modules/wem-api/src/main/java/com/enonic/wem/api/form/inputtype/Phone.java,10
xp,com.enonic.wem.api.form.inputtype,InputTypeName,3,0,8,8,43,11,0,0,0.25,4,1,/temp/xp/modules/wem-api/src/main/java/com/enonic/wem/api/form/inputtype/InputTypeName.java,6
xp,com.enonic.wem.api.form.inputtype,ModuleConfigurator,0,0,3,3,14,4,0,1,-1.0,0,3,/temp/xp/modules/wem-api/src/main/java/com/enonic/wem/api/form/inputtype/ModuleConfigurator.java,9
xp,com.enonic.wem.api.form.inputtype,SingleSelectorConfigXmlSerializer,1,1,2,1,27,4,0,1,1.0,1,4,/temp/xp/modules/wem-api/src/main/java/com/enonic/wem/api/form/inputtype/SingleSelectorConfigXmlSerializer.java,10
xp,com.enonic.wem.api.xml,XsdGeneratorTest,0,0,1,1,8,1,0,0,-1.0,0,1,/temp/xp/modules/wem-api/src/test/java/com/enonic/wem/api/xml/XsdGeneratorTest.java,13
xp,com.enonic.wem.api.xml,DomHelperTest,0,0,10,9,65,10,0,0,-1.0,0,1,/temp/xp/modules/wem-api/src/test/java/com/enonic/wem/api/xml/DomHelperTest.java,17
xp,com.enonic.wem.api.xml,DomBuilderTest,0,0,1,1,9,1,0,0,-1.0,0,2,/temp/xp/modules/wem-api/src/test/java/com/enonic/wem/api/xml/DomBuilderTest.java,7
xp,com.enonic.wem.api.xml,DomBuilder,2,0,8,7,36,8,0,0,0.25,7,1,/temp/xp/modules/wem-api/src/main/java/com/enonic/wem/api/xml/DomBuilder.java,6
xp,com.enonic.wem.api.xml,XmlException,0,0,5,5,17,5,0,0,-1.0,0,0,/temp/xp/modules/wem-api/src/main/java/com/enonic/wem/api/xml/XmlException.java,5
xp,com.enonic.wem.api.xml,DomHelper,1,0,13,11,88,18,0,0,0.5384615384615384,17,1,/temp/xp/modules/wem-api/src/main/java/com/enonic/wem/api/xml/DomHelper.java,30
xp,com.enonic.wem.api.xml,NodeNamePredicate,1,0,2,2,9,2,0,0,0.0,1,0,/temp/xp/modules/wem-api/src/main/java/com/enonic/wem/api/xml/NodeNamePredicate.java,10
xp,com.enonic.wem.api.xml,XsdGenerator,1,0,5,4,28,5,0,0,0.4,1,2,/temp/xp/modules/wem-api/src/main/java/com/enonic/wem/api/xml/XsdGenerator.java,14
xp,com.enonic.wem.api.xml,SchemaOutput,1,0,2,2,11,2,0,0,0.0,1,1,/temp/xp/modules/wem-api/src/main/java/com/enonic/wem/api/xml/XsdGenerator.java,16
xp,com.enonic.wem.api.xml.serializer,XmlModuleSerializerTest,0,0,1,1,10,1,0,1,-1.0,0,2,/temp/xp/modules/wem-api/src/test/java/com/enonic/wem/api/xml/serializer/XmlModuleSerializerTest.java,8
xp,com.enonic.wem.api.xml.serializer,XmlPageDescriptorSerializerTest,0,0,2,2,31,2,0,1,-1.0,0,10,/temp/xp/modules/wem-api/src/test/java/com/enonic/wem/api/xml/serializer/XmlPageDescriptorSerializerTest.java,25
xp,com.enonic.wem.api.xml.serializer,BaseXmlSerializerTest,0,0,3,0,18,4,7,0,-1.0,0,1,/temp/xp/modules/wem-api/src/test/java/com/enonic/wem/api/xml/serializer/BaseXmlSerializerTest.java,14
xp,com.enonic.wem.api.xml.serializer,XmlRelationshipTypeSerializerTest,0,0,2,2,22,2,0,1,-1.0,0,6,/temp/xp/modules/wem-api/src/test/java/com/enonic/wem/api/xml/serializer/XmlRelationshipTypeSerializerTest.java,14
xp,com.enonic.wem.api.xml.serializer,XmlContentTypeSerializerTest,0,0,2,2,27,2,0,1,-1.0,0,9,/temp/xp/modules/wem-api/src/test/java/com/enonic/wem/api/xml/serializer/XmlContentTypeSerializerTest.java,19
xp,com.enonic.wem.api.xml.serializer,XmlPartDescriptorSerializerTest,0,0,2,2,23,2,0,1,-1.0,0,6,/temp/xp/modules/wem-api/src/test/java/com/enonic/wem/api/xml/serializer/XmlPartDescriptorSerializerTest.java,16
xp,com.enonic.wem.api.xml.serializer,XmlMixinSerializerTest,0,0,2,2,26,2,0,1,-1.0,0,8,/temp/xp/modules/wem-api/src/test/java/com/enonic/wem/api/xml/serializer/XmlMixinSerializerTest.java,18
xp,com.enonic.wem.api.xml.serializer,XmlLayoutDescriptorSerializerTest,0,0,2,2,23,2,0,1,-1.0,0,6,/temp/xp/modules/wem-api/src/test/java/com/enonic/wem/api/xml/serializer/XmlLayoutDescriptorSerializerTest.java,18
xp,com.enonic.wem.api.xml.serializer,XmlSerializer,2,0,11,5,77,11,0,0,0.18181818181818182,1,0,/temp/xp/modules/wem-api/src/main/java/com/enonic/wem/api/xml/serializer/XmlSerializer.java,19
xp,com.enonic.wem.api.xml.serializer,XmlSerializers,8,0,8,8,34,8,0,0,1.0,18,1,/temp/xp/modules/wem-api/src/main/java/com/enonic/wem/api/xml/serializer/XmlSerializers.java,12
xp,com.enonic.wem.api.security.auth,AuthenticationInfoTest,2,0,2,2,34,2,0,0,0.0,0,5,/temp/xp/modules/wem-api/src/test/java/com/enonic/wem/api/security/auth/AuthenticationInfoTest.java,16
xp,com.enonic.wem.api.security.auth,AuthenticationInfo,6,0,12,10,58,13,0,0,0.3333333333333333,16,4,/temp/xp/modules/wem-api/src/main/java/com/enonic/wem/api/security/auth/AuthenticationInfo.java,11
xp,com.enonic.wem.api.security.auth,Builder,3,0,5,4,24,5,0,0,0.6,1,3,/temp/xp/modules/wem-api/src/main/java/com/enonic/wem/api/security/auth/AuthenticationInfo.java,65
xp,com.enonic.wem.api.security.auth,AuthenticationException,0,0,4,4,14,4,0,0,-1.0,0,0,/temp/xp/modules/wem-api/src/main/java/com/enonic/wem/api/security/auth/AuthenticationException.java,5
xp,com.enonic.wem.api.security.auth,PasswordAuthToken,1,0,2,2,9,2,2,1,0.0,0,0,/temp/xp/modules/wem-api/src/main/java/com/enonic/wem/api/security/auth/PasswordAuthToken.java,3
xp,com.enonic.wem.api.security.auth,UsernamePasswordAuthToken,1,0,2,2,9,2,0,2,0.0,3,0,/temp/xp/modules/wem-api/src/main/java/com/enonic/wem/api/security/auth/UsernamePasswordAuthToken.java,3
xp,com.enonic.wem.api.security.auth,EmailPasswordAuthToken,1,0,2,2,9,2,0,2,0.0,3,0,/temp/xp/modules/wem-api/src/main/java/com/enonic/wem/api/security/auth/EmailPasswordAuthToken.java,3
xp,com.enonic.wem.api.security.auth,AuthenticationToken,2,0,4,4,16,4,1,0,0.5,3,1,/temp/xp/modules/wem-api/src/main/java/com/enonic/wem/api/security/auth/AuthenticationToken.java,5
xp,com.enonic.wem.api.security,PrincipalRelationshipTest,6,0,11,11,59,11,0,0,0.18181818181818182,0,3,/temp/xp/modules/wem-api/src/test/java/com/enonic/wem/api/security/PrincipalRelationshipTest.java,7
xp,com.enonic.wem.api.security,UserStoreTest,0,0,3,3,21,3,0,0,-1.0,0,2,/temp/xp/modules/wem-api/src/test/java/com/enonic/wem/api/security/UserStoreTest.java,7
xp,com.enonic.wem.api.security,PrincipalKeyTest,0,0,8,8,76,8,0,0,-1.0,0,3,/temp/xp/modules/wem-api/src/test/java/com/enonic/wem/api/security/PrincipalKeyTest.java,9
xp,com.enonic.wem.api.security,PrincipalTest,2,0,4,4,39,4,0,0,0.5,0,5,/temp/xp/modules/wem-api/src/test/java/com/enonic/wem/api/security/PrincipalTest.java,11
xp,com.enonic.wem.api.security,CreateRoleParams,4,0,8,6,35,8,0,0,0.5,7,2,/temp/xp/modules/wem-api/src/main/java/com/enonic/wem/api/security/CreateRoleParams.java,7
xp,com.enonic.wem.api.security,Builder,2,0,4,3,18,4,0,0,1.0,27,2,/temp/xp/modules/wem-api/src/main/java/com/enonic/wem/api/security/CreateRoleParams.java,34
xp,com.enonic.wem.api.security,CreateUserStoreParams,6,0,10,8,44,10,0,0,0.4,7,3,/temp/xp/modules/wem-api/src/main/java/com/enonic/wem/api/security/CreateUserStoreParams.java,7
xp,com.enonic.wem.api.security,Builder,3,0,5,4,22,5,0,0,1.0,0,4,/temp/xp/modules/wem-api/src/main/java/com/enonic/wem/api/security/CreateUserStoreParams.java,44
xp,com.enonic.wem.api.security,PrincipalQuery,15,0,22,21,108,23,0,0,0.13636363636363635,6,4,/temp/xp/modules/wem-api/src/main/java/com/enonic/wem/api/security/PrincipalQuery.java,12
xp,com.enonic.wem.api.security,Builder,6,0,14,13,63,14,0,0,0.42857142857142855,0,4,/temp/xp/modules/wem-api/src/main/java/com/enonic/wem/api/security/PrincipalQuery.java,84
xp,com.enonic.wem.api.security,PrincipalKey,11,3,21,18,0,29,0,0,0.0,120,3,/temp/xp/modules/wem-api/src/main/java/com/enonic/wem/api/security/PrincipalKey.java,14
xp,com.enonic.wem.api.security,UserStores,1,0,7,6,26,7,0,0,0.7142857142857143,7,3,/temp/xp/modules/wem-api/src/main/java/com/enonic/wem/api/security/UserStores.java,9
xp,com.enonic.wem.api.security,UpdateRoleParams,4,0,11,8,49,12,0,0,0.45454545454545453,6,3,/temp/xp/modules/wem-api/src/main/java/com/enonic/wem/api/security/UpdateRoleParams.java,7
xp,com.enonic.wem.api.security,Builder,2,0,5,3,22,5,0,0,0.6,0,4,/temp/xp/modules/wem-api/src/main/java/com/enonic/wem/api/security/UpdateRoleParams.java,49
xp,com.enonic.wem.api.security,UpdateGroupParams,4,0,11,8,49,12,0,0,0.45454545454545453,6,3,/temp/xp/modules/wem-api/src/main/java/com/enonic/wem/api/security/UpdateGroupParams.java,7
xp,com.enonic.wem.api.security,Builder,2,0,5,3,22,5,0,0,0.6,0,4,/temp/xp/modules/wem-api/src/main/java/com/enonic/wem/api/security/UpdateGroupParams.java,49
xp,com.enonic.wem.api.security,Role,0,0,7,3,27,7,0,1,-1.0,11,2,/temp/xp/modules/wem-api/src/main/java/com/enonic/wem/api/security/Role.java,5
xp,com.enonic.wem.api.security,Builder,0,0,4,1,16,4,0,1,-1.0,0,2,/temp/xp/modules/wem-api/src/main/java/com/enonic/wem/api/security/Role.java,23
xp,com.enonic.wem.api.security,UserStoreKeys,0,0,6,4,21,6,0,0,-1.0,3,1,/temp/xp/modules/wem-api/src/main/java/com/enonic/wem/api/security/UserStoreKeys.java,12
xp,com.enonic.wem.api.security,PrincipalRelationship,4,0,9,7,50,11,0,0,0.0,10,2,/temp/xp/modules/wem-api/src/main/java/com/enonic/wem/api/security/PrincipalRelationship.java,8
xp,com.enonic.wem.api.security,Builder,2,0,2,1,11,2,0,0,1.0,0,2,/temp/xp/modules/wem-api/src/main/java/com/enonic/wem/api/security/PrincipalRelationship.java,69
xp,com.enonic.wem.api.security,User,7,0,14,9,66,14,0,1,0.5,25,3,/temp/xp/modules/wem-api/src/main/java/com/enonic/wem/api/security/User.java,9
xp,com.enonic.wem.api.security,Builder,3,0,6,3,29,6,0,1,0.6666666666666666,0,3,/temp/xp/modules/wem-api/src/main/java/com/enonic/wem/api/security/User.java,67
xp,com.enonic.wem.api.security,UpdateUserStoreParams,6,0,10,8,44,10,0,0,0.4,7,3,/temp/xp/modules/wem-api/src/main/java/com/enonic/wem/api/security/UpdateUserStoreParams.java,7
xp,com.enonic.wem.api.security,Builder,3,0,5,4,22,5,0,0,1.0,0,4,/temp/xp/modules/wem-api/src/main/java/com/enonic/wem/api/security/UpdateUserStoreParams.java,43
xp,com.enonic.wem.api.security,SystemConstants,4,4,0,0,6,0,0,0,-1.0,4,4,/temp/xp/modules/wem-api/src/main/java/com/enonic/wem/api/security/SystemConstants.java,9
xp,com.enonic.wem.api.security,PrincipalKeys,0,0,7,5,28,8,0,0,-1.0,28,1,/temp/xp/modules/wem-api/src/main/java/com/enonic/wem/api/security/PrincipalKeys.java,13
xp,com.enonic.wem.api.security,Principal,6,0,11,6,52,11,6,0,0.18181818181818182,17,2,/temp/xp/modules/wem-api/src/main/java/com/enonic/wem/api/security/Principal.java,9
xp,com.enonic.wem.api.security,Builder,3,0,6,3,28,6,0,0,0.3333333333333333,0,2,/temp/xp/modules/wem-api/src/main/java/com/enonic/wem/api/security/Principal.java,46
xp,com.enonic.wem.api.security,CreateUserParams,10,0,14,12,65,14,0,0,0.2857142857142857,7,2,/temp/xp/modules/wem-api/src/main/java/com/enonic/wem/api/security/CreateUserParams.java,7
xp,com.enonic.wem.api.security,Builder,5,0,7,6,33,7,0,0,1.0,0,3,/temp/xp/modules/wem-api/src/main/java/com/enonic/wem/api/security/CreateUserParams.java,58
xp,com.enonic.wem.api.security,PrincipalNotFoundException,1,0,2,2,10,2,0,0,0.0,0,1,/temp/xp/modules/wem-api/src/main/java/com/enonic/wem/api/security/PrincipalNotFoundException.java,5
xp,com.enonic.wem.api.security,UpdateUserParams,8,0,15,12,77,18,0,0,0.3333333333333333,6,3,/temp/xp/modules/wem-api/src/main/java/com/enonic/wem/api/security/UpdateUserParams.java,7
xp,com.enonic.wem.api.security,Builder,4,0,7,5,34,7,0,0,0.42857142857142855,0,4,/temp/xp/modules/wem-api/src/main/java/com/enonic/wem/api/security/UpdateUserParams.java,74
xp,com.enonic.wem.api.security,UserStore,4,0,10,8,41,10,0,0,0.5,13,2,/temp/xp/modules/wem-api/src/main/java/com/enonic/wem/api/security/UserStore.java,3
xp,com.enonic.wem.api.security,Builder,2,0,5,3,21,5,0,0,0.6,0,3,/temp/xp/modules/wem-api/src/main/java/com/enonic/wem/api/security/UserStore.java,35
xp,com.enonic.wem.api.security,PrincipalType,0,0,0,0,1,0,0,0,-1.0,11,0,/temp/xp/modules/wem-api/src/main/java/com/enonic/wem/api/security/PrincipalType.java,3
xp,com.enonic.wem.api.security,Principals,1,0,10,9,35,10,0,0,0.5,14,3,/temp/xp/modules/wem-api/src/main/java/com/enonic/wem/api/security/Principals.java,11
xp,com.enonic.wem.api.security,PrincipalRelationships,0,0,5,4,18,5,0,0,-1.0,6,1,/temp/xp/modules/wem-api/src/main/java/com/enonic/wem/api/security/PrincipalRelationships.java,7
xp,com.enonic.wem.api.security,Group,0,0,7,3,27,7,0,1,-1.0,13,2,/temp/xp/modules/wem-api/src/main/java/com/enonic/wem/api/security/Group.java,5
xp,com.enonic.wem.api.security,Builder,0,0,4,1,16,4,0,1,-1.0,0,2,/temp/xp/modules/wem-api/src/main/java/com/enonic/wem/api/security/Group.java,23
xp,com.enonic.wem.api.security,PrincipalQueryResult,4,0,10,8,42,10,0,0,0.3,5,3,/temp/xp/modules/wem-api/src/main/java/com/enonic/wem/api/security/PrincipalQueryResult.java,5
xp,com.enonic.wem.api.security,Builder,2,0,5,4,22,5,0,0,0.6,0,3,/temp/xp/modules/wem-api/src/main/java/com/enonic/wem/api/security/PrincipalQueryResult.java,37
xp,com.enonic.wem.api.security,CreateGroupParams,4,0,8,6,35,8,0,0,0.5,6,2,/temp/xp/modules/wem-api/src/main/java/com/enonic/wem/api/security/CreateGroupParams.java,7
xp,com.enonic.wem.api.security,Builder,2,0,4,3,18,4,0,0,1.0,0,3,/temp/xp/modules/wem-api/src/main/java/com/enonic/wem/api/security/CreateGroupParams.java,34
xp,com.enonic.wem.api.security,SecurityService,0,0,26,0,99,26,0,0,-1.0,11,22,/temp/xp/modules/wem-api/src/main/java/com/enonic/wem/api/security/SecurityService.java,10
xp,com.enonic.wem.api.security,SecurityIndexPaths,0,0,0,0,2,0,0,0,-1.0,0,0,/temp/xp/modules/wem-api/src/main/java/com/enonic/wem/api/security/SecurityIndexPaths.java,3
xp,com.enonic.wem.api.security,PrincipalAlreadyExistsException,1,0,2,2,10,2,0,0,0.0,0,1,/temp/xp/modules/wem-api/src/main/java/com/enonic/wem/api/security/PrincipalAlreadyExistsException.java,5
xp,com.enonic.wem.api.security,UserStoreKey,3,0,5,5,29,7,0,0,0.4,35,1,/temp/xp/modules/wem-api/src/main/java/com/enonic/wem/api/security/UserStoreKey.java,7
xp,com.enonic.wem.api.security.acl,AccessControlListTest,0,0,1,1,14,1,0,0,-1.0,0,5,/temp/xp/modules/wem-api/src/test/java/com/enonic/wem/api/security/acl/AccessControlListTest.java,10
xp,com.enonic.wem.api.security.acl,AccessControlEntryTest,0,0,4,4,29,4,0,0,-1.0,0,3,/temp/xp/modules/wem-api/src/test/java/com/enonic/wem/api/security/acl/AccessControlEntryTest.java,11
xp,com.enonic.wem.api.security.acl,UserStoreAccess,0,0,0,0,1,0,0,0,-1.0,4,0,/temp/xp/modules/wem-api/src/main/java/com/enonic/wem/api/security/acl/UserStoreAccess.java,3
xp,com.enonic.wem.api.security.acl,UserStoreAccessControlList,3,0,20,17,84,24,0,0,0.2,13,4,/temp/xp/modules/wem-api/src/main/java/com/enonic/wem/api/security/acl/UserStoreAccessControlList.java,15
xp,com.enonic.wem.api.security.acl,Builder,1,0,7,5,33,9,0,0,0.2857142857142857,7,3,/temp/xp/modules/wem-api/src/main/java/com/enonic/wem/api/security/acl/UserStoreAccessControlList.java,104
xp,com.enonic.wem.api.security.acl,Permission,0,0,0,0,1,0,0,0,-1.0,18,0,/temp/xp/modules/wem-api/src/main/java/com/enonic/wem/api/security/acl/Permission.java,3
xp,com.enonic.wem.api.security.acl,AccessControlEntry,6,0,21,18,128,34,0,0,0.2857142857142857,21,3,/temp/xp/modules/wem-api/src/main/java/com/enonic/wem/api/security/acl/AccessControlEntry.java,14
xp,com.enonic.wem.api.security.acl,Builder,3,0,8,6,46,11,0,0,0.375,0,4,/temp/xp/modules/wem-api/src/main/java/com/enonic/wem/api/security/acl/AccessControlEntry.java,139
xp,com.enonic.wem.api.security.acl,UserStoreAccessControlEntry,4,0,14,11,60,16,0,0,0.35714285714285715,10,3,/temp/xp/modules/wem-api/src/main/java/com/enonic/wem/api/security/acl/UserStoreAccessControlEntry.java,9
xp,com.enonic.wem.api.security.acl,Builder,2,0,5,3,21,5,0,0,0.6,0,4,/temp/xp/modules/wem-api/src/main/java/com/enonic/wem/api/security/acl/UserStoreAccessControlEntry.java,73
xp,com.enonic.wem.api.security.acl,AccessControlList,3,0,23,20,95,27,0,0,0.21739130434782608,36,5,/temp/xp/modules/wem-api/src/main/java/com/enonic/wem/api/security/acl/AccessControlList.java,15
xp,com.enonic.wem.api.security.acl,Builder,1,0,7,5,33,9,0,0,0.2857142857142857,0,4,/temp/xp/modules/wem-api/src/main/java/com/enonic/wem/api/security/acl/AccessControlList.java,124
xp,com.enonic.wem.api.convert,IntegerConverterTest,0,0,1,1,5,1,0,1,-1.0,0,0,/temp/xp/modules/wem-api/src/test/java/com/enonic/wem/api/convert/IntegerConverterTest.java,3
xp,com.enonic.wem.api.convert,NumberConverterTest,2,0,4,4,22,4,6,0,0.0,0,1,/temp/xp/modules/wem-api/src/test/java/com/enonic/wem/api/convert/NumberConverterTest.java,10
xp,com.enonic.wem.api.convert,FloatConverterTest,0,0,1,1,5,1,0,1,-1.0,0,0,/temp/xp/modules/wem-api/src/test/java/com/enonic/wem/api/convert/FloatConverterTest.java,3
xp,com.enonic.wem.api.convert,ByteConverterTest,0,0,1,1,5,1,0,1,-1.0,0,0,/temp/xp/modules/wem-api/src/test/java/com/enonic/wem/api/convert/ByteConverterTest.java,3
xp,com.enonic.wem.api.convert,ContentPathConverterTest,0,0,2,2,9,2,0,0,-1.0,0,2,/temp/xp/modules/wem-api/src/test/java/com/enonic/wem/api/convert/ContentPathConverterTest.java,10
xp,com.enonic.wem.api.convert,StringConverterTest,0,0,2,2,9,2,0,0,-1.0,0,1,/temp/xp/modules/wem-api/src/test/java/com/enonic/wem/api/convert/StringConverterTest.java,9
xp,com.enonic.wem.api.convert,DoubleConverterTest,0,0,1,1,5,1,0,1,-1.0,0,0,/temp/xp/modules/wem-api/src/test/java/com/enonic/wem/api/convert/DoubleConverterTest.java,3
xp,com.enonic.wem.api.convert,LongConverterTest,0,0,1,1,5,1,0,1,-1.0,0,0,/temp/xp/modules/wem-api/src/test/java/com/enonic/wem/api/convert/LongConverterTest.java,3
xp,com.enonic.wem.api.convert,ShortConverterTest,0,0,1,1,5,1,0,1,-1.0,0,0,/temp/xp/modules/wem-api/src/test/java/com/enonic/wem/api/convert/ShortConverterTest.java,3
xp,com.enonic.wem.api.convert,ResourceKeyConverterTest,0,0,3,3,12,3,0,0,-1.0,0,2,/temp/xp/modules/wem-api/src/test/java/com/enonic/wem/api/convert/ResourceKeyConverterTest.java,11
xp,com.enonic.wem.api.convert,ContentIdConverterTest,0,0,2,2,9,2,0,0,-1.0,0,2,/temp/xp/modules/wem-api/src/test/java/com/enonic/wem/api/convert/ContentIdConverterTest.java,10
xp,com.enonic.wem.api.convert,BooleanConverterTest,0,0,3,3,18,3,0,0,-1.0,0,1,/temp/xp/modules/wem-api/src/test/java/com/enonic/wem/api/convert/BooleanConverterTest.java,9
xp,com.enonic.wem.api.convert,ContentIdConverter,0,0,2,2,11,3,0,1,-1.0,0,1,/temp/xp/modules/wem-api/src/main/java/com/enonic/wem/api/convert/ContentIdConverter.java,5
xp,com.enonic.wem.api.convert,StringConverter,0,0,2,2,8,2,0,1,-1.0,0,0,/temp/xp/modules/wem-api/src/main/java/com/enonic/wem/api/convert/StringConverter.java,3
xp,com.enonic.wem.api.convert,BooleanConverter,1,0,2,2,15,4,0,1,1.0,0,0,/temp/xp/modules/wem-api/src/main/java/com/enonic/wem/api/convert/BooleanConverter.java,3
xp,com.enonic.wem.api.convert,NumberConverter,1,0,5,3,17,6,6,1,0.4,0,0,/temp/xp/modules/wem-api/src/main/java/com/enonic/wem/api/convert/NumberConverter.java,3
xp,com.enonic.wem.api.convert,DoubleConverter,0,0,3,1,11,3,0,2,-1.0,0,0,/temp/xp/modules/wem-api/src/main/java/com/enonic/wem/api/convert/DoubleConverter.java,3
xp,com.enonic.wem.api.convert,ByteConverter,0,0,3,1,11,3,0,2,-1.0,0,0,/temp/xp/modules/wem-api/src/main/java/com/enonic/wem/api/convert/ByteConverter.java,3
xp,com.enonic.wem.api.convert,IntegerConverter,0,0,3,1,11,3,0,2,-1.0,0,0,/temp/xp/modules/wem-api/src/main/java/com/enonic/wem/api/convert/IntegerConverter.java,3
xp,com.enonic.wem.api.convert,LongConverter,0,0,3,1,11,3,0,2,-1.0,0,0,/temp/xp/modules/wem-api/src/main/java/com/enonic/wem/api/convert/LongConverter.java,3
xp,com.enonic.wem.api.convert,ConvertException,0,0,4,4,14,4,0,0,-1.0,1,0,/temp/xp/modules/wem-api/src/main/java/com/enonic/wem/api/convert/ConvertException.java,3
xp,com.enonic.wem.api.convert,FloatConverter,0,0,3,1,11,3,0,2,-1.0,0,0,/temp/xp/modules/wem-api/src/main/java/com/enonic/wem/api/convert/FloatConverter.java,3
xp,com.enonic.wem.api.convert,Converters,2,0,7,1,80,18,0,0,0.2857142857142857,8,2,/temp/xp/modules/wem-api/src/main/java/com/enonic/wem/api/convert/Converters.java,7
xp,com.enonic.wem.api.convert,ContentPathConverter,0,0,2,2,11,3,0,1,-1.0,0,1,/temp/xp/modules/wem-api/src/main/java/com/enonic/wem/api/convert/ContentPathConverter.java,5
xp,com.enonic.wem.api.convert,ShortConverter,0,0,3,1,11,3,0,2,-1.0,0,0,/temp/xp/modules/wem-api/src/main/java/com/enonic/wem/api/convert/ShortConverter.java,3
xp,com.enonic.wem.api.convert,ResourceKeyConverter,0,0,2,2,11,3,0,1,-1.0,0,1,/temp/xp/modules/wem-api/src/main/java/com/enonic/wem/api/convert/ResourceKeyConverter.java,5
xp,com.enonic.wem.api.convert,Converter,0,0,2,2,4,2,6,0,-1.0,1,0,/temp/xp/modules/wem-api/src/main/java/com/enonic/wem/api/convert/Converter.java,3
xp,com.enonic.wem.api.relationship,RelationshipKeysTest,3,0,5,5,23,5,0,0,0.0,0,4,/temp/xp/modules/wem-api/src/test/java/com/enonic/wem/api/relationship/RelationshipKeysTest.java,11
xp,com.enonic.wem.api.relationship,RelationshipTest,0,0,5,5,61,5,0,0,-1.0,0,5,/temp/xp/modules/wem-api/src/test/java/com/enonic/wem/api/relationship/RelationshipTest.java,16
xp,com.enonic.wem.api.relationship,CreateRelationshipParamsTest,0,0,6,5,30,7,0,0,-1.0,0,4,/temp/xp/modules/wem-api/src/test/java/com/enonic/wem/api/relationship/CreateRelationshipParamsTest.java,10
xp,com.enonic.wem.api.relationship,RelationshipKeyTest,0,0,5,5,20,5,0,0,-1.0,0,5,/temp/xp/modules/wem-api/src/test/java/com/enonic/wem/api/relationship/RelationshipKeyTest.java,11
xp,com.enonic.wem.api.relationship,UpdateRelationshipFailureException,6,2,11,8,58,12,0,0,0.2727272727272727,2,3,/temp/xp/modules/wem-api/src/main/java/com/enonic/wem/api/relationship/UpdateRelationshipFailureException.java,10
xp,com.enonic.wem.api.relationship,Failure,2,2,1,0,8,1,0,0,0.0,1,0,/temp/xp/modules/wem-api/src/main/java/com/enonic/wem/api/relationship/UpdateRelationshipFailureException.java,47
xp,com.enonic.wem.api.relationship,Builder,2,0,3,3,15,3,0,0,1.0,11,2,/temp/xp/modules/wem-api/src/main/java/com/enonic/wem/api/relationship/UpdateRelationshipFailureException.java,65
xp,com.enonic.wem.api.relationship,RelationshipService,0,0,4,4,6,4,0,0,-1.0,2,6,/temp/xp/modules/wem-api/src/main/java/com/enonic/wem/api/relationship/RelationshipService.java,5
xp,com.enonic.wem.api.relationship,Relationships,1,0,8,7,31,8,0,0,0.875,7,2,/temp/xp/modules/wem-api/src/main/java/com/enonic/wem/api/relationship/Relationships.java,11
xp,com.enonic.wem.api.relationship,Builder,1,0,2,2,10,2,0,0,0.0,0,3,/temp/xp/modules/wem-api/src/main/java/com/enonic/wem/api/relationship/Relationships.java,45
xp,com.enonic.wem.api.relationship,Relationship,20,0,30,28,146,30,0,0,0.16666666666666666,13,7,/temp/xp/modules/wem-api/src/main/java/com/enonic/wem/api/relationship/Relationship.java,16
xp,com.enonic.wem.api.relationship,Builder,10,0,14,12,74,14,0,0,0.21428571428571427,0,7,/temp/xp/modules/wem-api/src/main/java/com/enonic/wem/api/relationship/Relationship.java,130
xp,com.enonic.wem.api.relationship,UpdateRelationshipParams,2,0,5,5,21,5,0,0,0.4,4,2,/temp/xp/modules/wem-api/src/main/java/com/enonic/wem/api/relationship/UpdateRelationshipParams.java,7
xp,com.enonic.wem.api.relationship,RelationshipNotFoundException,0,0,3,3,11,3,0,0,-1.0,1,3,/temp/xp/modules/wem-api/src/main/java/com/enonic/wem/api/relationship/RelationshipNotFoundException.java,9
xp,com.enonic.wem.api.relationship,RelationshipId,0,0,1,1,3,1,0,0,-1.0,7,0,/temp/xp/modules/wem-api/src/main/java/com/enonic/wem/api/relationship/RelationshipId.java,3
xp,com.enonic.wem.api.relationship,CreateRelationshipParams,4,0,12,12,60,15,0,0,0.0,5,2,/temp/xp/modules/wem-api/src/main/java/com/enonic/wem/api/relationship/CreateRelationshipParams.java,12
xp,com.enonic.wem.api.relationship,RelationshipKeys,1,0,6,5,24,6,0,0,0.8333333333333334,2,2,/temp/xp/modules/wem-api/src/main/java/com/enonic/wem/api/relationship/RelationshipKeys.java,10
xp,com.enonic.wem.api.relationship,Builder,1,0,2,2,10,2,0,0,0.0,0,3,/temp/xp/modules/wem-api/src/main/java/com/enonic/wem/api/relationship/RelationshipKeys.java,33
xp,com.enonic.wem.api.relationship,DeleteRelationshipResult,0,0,1,1,9,2,0,0,-1.0,0,0,/temp/xp/modules/wem-api/src/main/java/com/enonic/wem/api/relationship/DeleteRelationshipResult.java,4
xp,com.enonic.wem.api.relationship,RelationshipIds,1,0,6,5,24,6,0,0,0.8333333333333334,1,2,/temp/xp/modules/wem-api/src/main/java/com/enonic/wem/api/relationship/RelationshipIds.java,10
xp,com.enonic.wem.api.relationship,Builder,1,0,2,2,10,2,0,0,0.0,0,3,/temp/xp/modules/wem-api/src/main/java/com/enonic/wem/api/relationship/RelationshipIds.java,33
xp,com.enonic.wem.api.relationship,RelationshipKey,8,0,17,15,83,19,0,0,0.17647058823529413,15,4,/temp/xp/modules/wem-api/src/main/java/com/enonic/wem/api/relationship/RelationshipKey.java,10
xp,com.enonic.wem.api.relationship,Builder,4,0,5,5,25,5,0,0,1.0,0,5,/temp/xp/modules/wem-api/src/main/java/com/enonic/wem/api/relationship/RelationshipKey.java,113
xp,com.enonic.wem.api.relationship.editor,RemoveRelationshipPropertiesEditorTest,0,0,1,1,12,1,0,0,-1.0,0,2,/temp/xp/modules/wem-api/src/test/java/com/enonic/wem/api/relationship/editor/RemoveRelationshipPropertiesEditorTest.java,14
xp,com.enonic.wem.api.relationship.editor,AddRelationshipPropertiesEditorTest,0,0,1,1,17,1,0,0,-1.0,0,2,/temp/xp/modules/wem-api/src/test/java/com/enonic/wem/api/relationship/editor/AddRelationshipPropertiesEditorTest.java,13
xp,com.enonic.wem.api.relationship.editor,RemoveRelationshipPropertiesEditor,1,0,2,1,17,4,0,1,0.0,1,1,/temp/xp/modules/wem-api/src/main/java/com/enonic/wem/api/relationship/editor/RemoveRelationshipPropertiesEditor.java,12
xp,com.enonic.wem.api.relationship.editor,RelationshipEditors,2,0,8,8,34,8,0,0,0.75,1,3,/temp/xp/modules/wem-api/src/main/java/com/enonic/wem/api/relationship/editor/RelationshipEditors.java,10
xp,com.enonic.wem.api.relationship.editor,CompositeBuilder,1,0,2,2,10,2,0,0,0.0,1,1,/temp/xp/modules/wem-api/src/main/java/com/enonic/wem/api/relationship/editor/RelationshipEditors.java,37
xp,com.enonic.wem.api.relationship.editor,SetBuilder,1,0,1,1,7,1,0,0,0.0,1,0,/temp/xp/modules/wem-api/src/main/java/com/enonic/wem/api/relationship/editor/RelationshipEditors.java,53
xp,com.enonic.wem.api.relationship.editor,CompositeRelationshipEditor,1,0,2,1,18,4,0,1,0.0,0,2,/temp/xp/modules/wem-api/src/main/java/com/enonic/wem/api/relationship/editor/CompositeRelationshipEditor.java,5
xp,com.enonic.wem.api.relationship.editor,RelationshipEditor,0,0,1,1,7,1,3,0,-1.0,4,1,/temp/xp/modules/wem-api/src/main/java/com/enonic/wem/api/relationship/editor/RelationshipEditor.java,6
xp,com.enonic.wem.api.relationship.editor,AddRelationshipPropertiesEditor,1,0,2,1,13,3,0,1,0.0,1,1,/temp/xp/modules/wem-api/src/main/java/com/enonic/wem/api/relationship/editor/AddRelationshipPropertiesEditor.java,9
xp,com.enonic.wem.api.session,SimpleSessionTest,1,0,4,4,32,4,0,0,0.0,0,4,/temp/xp/modules/wem-api/src/test/java/com/enonic/wem/api/session/SimpleSessionTest.java,8
xp,com.enonic.wem.api.session,SampleValue,0,0,0,0,2,0,0,0,-1.0,1,0,/temp/xp/modules/wem-api/src/test/java/com/enonic/wem/api/session/SimpleSessionTest.java,10
xp,com.enonic.wem.api.session,SessionKeyTest,0,0,2,2,20,2,0,0,-1.0,0,1,/temp/xp/modules/wem-api/src/test/java/com/enonic/wem/api/session/SessionKeyTest.java,7
xp,com.enonic.wem.api.session,Session,0,0,2,2,4,2,1,0,-1.0,4,1,/temp/xp/modules/wem-api/src/main/java/com/enonic/wem/api/session/Session.java,5
xp,com.enonic.wem.api.session,SimpleSession,2,0,10,10,35,10,0,1,0.0,3,1,/temp/xp/modules/wem-api/src/main/java/com/enonic/wem/api/session/SimpleSession.java,8
xp,com.enonic.wem.api.session,SessionKey,1,0,6,5,21,6,0,0,0.3333333333333333,7,0,/temp/xp/modules/wem-api/src/main/java/com/enonic/wem/api/session/SessionKey.java,5
xp,com.enonic.wem.api.util,GeoPointTest,0,0,5,4,44,5,0,0,-1.0,0,1,/temp/xp/modules/wem-api/src/test/java/com/enonic/wem/api/util/GeoPointTest.java,7
xp,com.enonic.wem.api.util,ExceptionsTest,0,0,1,1,5,1,0,0,-1.0,0,1,/temp/xp/modules/wem-api/src/test/java/com/enonic/wem/api/util/ExceptionsTest.java,7
xp,com.enonic.wem.api.util,LinkTest,0,0,1,1,6,1,0,0,-1.0,0,1,/temp/xp/modules/wem-api/src/test/java/com/enonic/wem/api/util/LinkTest.java,7
xp,com.enonic.wem.api.util,Exceptions,1,0,7,4,31,7,0,0,0.5714285714285714,11,1,/temp/xp/modules/wem-api/src/main/java/com/enonic/wem/api/util/Exceptions.java,5
xp,com.enonic.wem.api.util,Builder,1,0,3,2,13,3,0,0,0.0,3,0,/temp/xp/modules/wem-api/src/main/java/com/enonic/wem/api/util/Exceptions.java,7
xp,com.enonic.wem.api.util,MediaTypes,2,0,5,4,29,5,0,0,0.6,2,0,/temp/xp/modules/wem-api/src/main/java/com/enonic/wem/api/util/MediaTypes.java,8
xp,com.enonic.wem.api.util,Link,1,0,6,5,31,9,0,0,0.0,3,0,/temp/xp/modules/wem-api/src/main/java/com/enonic/wem/api/util/Link.java,3
xp,com.enonic.wem.api.util,BinaryReferences,1,0,6,4,25,6,0,0,0.8333333333333334,2,2,/temp/xp/modules/wem-api/src/main/java/com/enonic/wem/api/util/BinaryReferences.java,10
xp,com.enonic.wem.api.util,Builder,1,0,2,2,10,2,0,0,0.0,0,3,/temp/xp/modules/wem-api/src/main/java/com/enonic/wem/api/util/BinaryReferences.java,34
xp,com.enonic.wem.api.util,Reference,1,0,6,6,31,9,0,0,0.3333333333333333,2,1,/temp/xp/modules/wem-api/src/main/java/com/enonic/wem/api/util/Reference.java,5
xp,com.enonic.wem.api.util,BinaryReference,1,0,5,4,29,8,0,0,0.0,17,0,/temp/xp/modules/wem-api/src/main/java/com/enonic/wem/api/util/BinaryReference.java,6
xp,com.enonic.wem.api.util,GeoPoint,5,0,7,7,47,10,0,0,0.0,4,0,/temp/xp/modules/wem-api/src/main/java/com/enonic/wem/api/util/GeoPoint.java,5
xp,com.enonic.wem.api,NameTest,0,0,11,11,38,11,0,0,-1.0,0,2,/temp/xp/modules/wem-api/src/test/java/com/enonic/wem/api/NameTest.java,10
xp,com.enonic.wem.api,BasePath,12,0,41,34,270,69,0,0,0.14634146341463414,1,2,/temp/xp/modules/wem-api/src/main/java/com/enonic/wem/api/BasePath.java,13
xp,com.enonic.wem.api,Element,1,0,4,4,22,6,0,0,0.0,2,0,/temp/xp/modules/wem-api/src/main/java/com/enonic/wem/api/BasePath.java,205
xp,com.enonic.wem.api,Builder,5,0,15,13,129,29,0,0,0.2,1,2,/temp/xp/modules/wem-api/src/main/java/com/enonic/wem/api/BasePath.java,247
xp,com.enonic.wem.api,Name,2,1,6,6,36,9,0,0,0.5,7,0,/temp/xp/modules/wem-api/src/main/java/com/enonic/wem/api/Name.java,10
xp,com.enonic.wem.api,Version,3,0,11,8,58,14,0,0,0.36363636363636365,2,0,/temp/xp/modules/wem-api/src/main/java/com/enonic/wem/api/Version.java,7
xp,com.enonic.wem.api,Icon,3,0,11,10,56,13,0,0,0.0,19,0,/temp/xp/modules/wem-api/src/main/java/com/enonic/wem/api/Icon.java,14
xp,com.enonic.wem.api,BaseVersion,6,0,9,7,71,17,0,0,0.0,0,0,/temp/xp/modules/wem-api/src/main/java/com/enonic/wem/api/BaseVersion.java,8
xp,com.enonic.wem.api.support,SerializingTestHelper,2,0,7,7,26,7,0,0,0.0,2,2,/temp/xp/modules/wem-api/src/test/java/com/enonic/wem/api/support/SerializingTestHelper.java,7
xp,com.enonic.wem.api.support,ResourceTestHelper,1,0,4,4,25,5,0,0,0.0,2,0,/temp/xp/modules/wem-api/src/test/java/com/enonic/wem/api/support/ResourceTestHelper.java,8
xp,com.enonic.wem.api.support,AbstractImmutableEntitySetTest,0,0,4,3,20,4,0,0,-1.0,0,1,/temp/xp/modules/wem-api/src/test/java/com/enonic/wem/api/support/AbstractImmutableEntitySetTest.java,12
xp,com.enonic.wem.api.support,MySet,0,0,1,0,5,1,0,1,-1.0,1,0,/temp/xp/modules/wem-api/src/test/java/com/enonic/wem/api/support/AbstractImmutableEntitySetTest.java,40
xp,com.enonic.wem.api.support,XmlTestHelper,1,0,5,5,32,5,0,0,0.0,3,2,/temp/xp/modules/wem-api/src/test/java/com/enonic/wem/api/support/XmlTestHelper.java,9
xp,com.enonic.wem.api.support,JsonTestHelper,4,0,12,12,90,13,0,0,0.25,6,1,/temp/xp/modules/wem-api/src/test/java/com/enonic/wem/api/support/JsonTestHelper.java,19
xp,com.enonic.wem.api.support,AbstractEqualsTest,0,0,12,5,72,13,0,0,-1.0,19,0,/temp/xp/modules/wem-api/src/test/java/com/enonic/wem/api/support/AbstractEqualsTest.java,7
xp,com.enonic.wem.api.support,AbstractImmutableEntityListTest,0,0,6,5,27,6,0,0,-1.0,0,1,/temp/xp/modules/wem-api/src/test/java/com/enonic/wem/api/support/AbstractImmutableEntityListTest.java,10
xp,com.enonic.wem.api.support,MyList,0,0,1,0,5,1,0,1,-1.0,1,0,/temp/xp/modules/wem-api/src/test/java/com/enonic/wem/api/support/AbstractImmutableEntityListTest.java,49
xp,com.enonic.wem.api.support,Editor,0,0,1,0,7,1,0,0,-1.0,0,0,/temp/xp/modules/wem-api/src/main/java/com/enonic/wem/api/support/Editor.java,4
xp,com.enonic.wem.api.support,AbstractImmutableEntityList,1,0,14,13,45,14,1,0,0.0,0,0,/temp/xp/modules/wem-api/src/main/java/com/enonic/wem/api/support/AbstractImmutableEntityList.java,9
xp,com.enonic.wem.api.support,PossibleChange,7,4,7,5,50,11,0,0,0.2857142857142857,3,2,/temp/xp/modules/wem-api/src/main/java/com/enonic/wem/api/support/PossibleChange.java,4
xp,com.enonic.wem.api.support,Builder,3,0,4,4,19,4,0,0,1.0,3,1,/temp/xp/modules/wem-api/src/main/java/com/enonic/wem/api/support/PossibleChange.java,51
xp,com.enonic.wem.api.support,ChangeTraceable,0,0,4,4,6,4,0,0,-1.0,0,0,/temp/xp/modules/wem-api/src/main/java/com/enonic/wem/api/support/ChangeTraceable.java,8
xp,com.enonic.wem.api.support,AbstractId,1,0,4,3,26,7,0,0,0.0,0,0,/temp/xp/modules/wem-api/src/main/java/com/enonic/wem/api/support/AbstractId.java,6
xp,com.enonic.wem.api.support,EditBuilder,0,0,3,3,5,3,0,0,-1.0,0,1,/temp/xp/modules/wem-api/src/main/java/com/enonic/wem/api/support/EditBuilder.java,4
xp,com.enonic.wem.api.support,AbstractImmutableEntitySet,1,0,12,11,39,12,1,0,0.0,0,0,/temp/xp/modules/wem-api/src/main/java/com/enonic/wem/api/support/AbstractImmutableEntitySet.java,9
xp,com.enonic.wem.api.support,Change,3,3,1,1,10,1,0,0,0.0,2,0,/temp/xp/modules/wem-api/src/main/java/com/enonic/wem/api/support/Change.java,4
xp,com.enonic.wem.api.support,Changes,2,0,9,9,35,9,0,0,0.3333333333333333,5,3,/temp/xp/modules/wem-api/src/main/java/com/enonic/wem/api/support/Changes.java,10
xp,com.enonic.wem.api.support,Builder,1,0,5,5,20,5,0,0,0.6,0,4,/temp/xp/modules/wem-api/src/main/java/com/enonic/wem/api/support/Changes.java,36
xp,com.enonic.wem.api.support.tree,TreeTest,0,0,1,1,12,1,0,0,-1.0,0,2,/temp/xp/modules/wem-api/src/test/java/com/enonic/wem/api/support/tree/TreeTest.java,8
xp,com.enonic.wem.api.support.tree,Tree,1,0,11,11,78,16,0,0,0.18181818181818182,1,1,/temp/xp/modules/wem-api/src/main/java/com/enonic/wem/api/support/tree/Tree.java,10
xp,com.enonic.wem.api.support.tree,TreeNode,3,0,11,11,50,12,0,0,0.0,2,0,/temp/xp/modules/wem-api/src/main/java/com/enonic/wem/api/support/tree/TreeNode.java,9
xp,com.enonic.wem.api.module,ModuleKeyTest,0,0,2,2,10,2,0,0,-1.0,0,1,/temp/xp/modules/wem-api/src/test/java/com/enonic/wem/api/module/ModuleKeyTest.java,7
xp,com.enonic.wem.api.module,ModuleNotFoundException,0,0,1,1,5,1,0,0,-1.0,1,1,/temp/xp/modules/wem-api/src/main/java/com/enonic/wem/api/module/ModuleNotFoundException.java,5
xp,com.enonic.wem.api.module,ModuleService,0,0,3,0,5,3,0,0,-1.0,19,4,/temp/xp/modules/wem-api/src/main/java/com/enonic/wem/api/module/ModuleService.java,3
xp,com.enonic.wem.api.module,ModuleImpl,9,0,15,14,71,19,0,0,0.4,1,4,/temp/xp/modules/wem-api/src/main/java/com/enonic/wem/api/module/ModuleImpl.java,15
xp,com.enonic.wem.api.module,ModuleKeys,0,0,8,6,30,8,0,0,-1.0,16,2,/temp/xp/modules/wem-api/src/main/java/com/enonic/wem/api/module/ModuleKeys.java,12
xp,com.enonic.wem.api.module,ParseFunction,0,0,1,1,5,1,0,0,-1.0,1,1,/temp/xp/modules/wem-api/src/main/java/com/enonic/wem/api/module/ModuleKeys.java,52
xp,com.enonic.wem.api.module,Modules,1,0,9,8,34,9,0,0,0.7777777777777778,10,3,/temp/xp/modules/wem-api/src/main/java/com/enonic/wem/api/module/Modules.java,12
xp,com.enonic.wem.api.module,ToKeyFunction,0,0,1,1,5,1,0,0,-1.0,1,1,/temp/xp/modules/wem-api/src/main/java/com/enonic/wem/api/module/Modules.java,60
xp,com.enonic.wem.api.module,ModuleVersion,0,0,3,3,11,3,0,0,-1.0,7,0,/temp/xp/modules/wem-api/src/main/java/com/enonic/wem/api/module/ModuleVersion.java,5
xp,com.enonic.wem.api.module,ModuleEventType,2,0,2,1,14,2,0,0,1.0,3,0,/temp/xp/modules/wem-api/src/main/java/com/enonic/wem/api/module/ModuleEventType.java,8
xp,com.enonic.wem.api.module,Module,0,0,13,13,15,13,0,0,-1.0,1,2,/temp/xp/modules/wem-api/src/main/java/com/enonic/wem/api/module/Module.java,11
xp,com.enonic.wem.api.module,ModuleUpdatedEvent,2,0,4,4,17,4,0,0,0.0,3,2,/temp/xp/modules/wem-api/src/main/java/com/enonic/wem/api/module/ModuleUpdatedEvent.java,7
xp,com.enonic.wem.api.module,ModuleBasedName,4,0,6,5,33,8,0,0,0.0,0,1,/temp/xp/modules/wem-api/src/main/java/com/enonic/wem/api/module/ModuleBasedName.java,6
xp,com.enonic.wem.api.module,ModuleKey,3,1,7,6,26,7,0,0,0.0,106,0,/temp/xp/modules/wem-api/src/main/java/com/enonic/wem/api/module/ModuleKey.java,6
xp,com.enonic.wem.api.module,ModuleBuilder,1,0,11,11,45,11,0,0,0.0,3,5,/temp/xp/modules/wem-api/src/main/java/com/enonic/wem/api/module/ModuleBuilder.java,8
xp,com.enonic.wem.api.content,ContentTest,1,0,5,5,30,5,0,0,0.8,0,7,/temp/xp/modules/wem-api/src/test/java/com/enonic/wem/api/content/ContentTest.java,17
xp,com.enonic.wem.api.content,ContentIdsTest,0,0,2,2,14,2,0,0,-1.0,0,2,/temp/xp/modules/wem-api/src/test/java/com/enonic/wem/api/content/ContentIdsTest.java,8
xp,com.enonic.wem.api.content,ContentNameTest,0,0,5,5,20,5,0,0,-1.0,0,2,/temp/xp/modules/wem-api/src/test/java/com/enonic/wem/api/content/ContentNameTest.java,8
xp,com.enonic.wem.api.content,ContentPathTest,0,0,12,12,52,12,0,0,-1.0,0,2,/temp/xp/modules/wem-api/src/test/java/com/enonic/wem/api/content/ContentPathTest.java,10
xp,com.enonic.wem.api.content,GetActiveContentVersionsResultTest,0,0,3,3,34,3,0,0,-1.0,0,5,/temp/xp/modules/wem-api/src/test/java/com/enonic/wem/api/content/GetActiveContentVersionsResultTest.java,13
xp,com.enonic.wem.api.content,CompareStatus,1,0,4,4,26,7,0,0,0.0,6,1,/temp/xp/modules/wem-api/src/main/java/com/enonic/wem/api/content/CompareStatus.java,3
xp,com.enonic.wem.api.content,Status,0,0,0,0,1,0,0,0,-1.0,1,0,/temp/xp/modules/wem-api/src/main/java/com/enonic/wem/api/content/CompareStatus.java,5
xp,com.enonic.wem.api.content,ContentNotFoundException,0,0,4,4,14,4,0,0,-1.0,0,5,/temp/xp/modules/wem-api/src/main/java/com/enonic/wem/api/content/ContentNotFoundException.java,10
xp,com.enonic.wem.api.content,ActiveContentVersionEntry,2,0,5,4,23,6,0,0,0.0,5,2,/temp/xp/modules/wem-api/src/main/java/com/enonic/wem/api/content/ActiveContentVersionEntry.java,5
xp,com.enonic.wem.api.content,CompareContentsParams,2,0,3,3,14,3,0,0,0.0,2,2,/temp/xp/modules/wem-api/src/main/java/com/enonic/wem/api/content/CompareContentsParams.java,5
xp,com.enonic.wem.api.content,ContentConstants,11,11,0,0,13,0,0,0,-1.0,18,10,/temp/xp/modules/wem-api/src/main/java/com/enonic/wem/api/content/ContentConstants.java,18
xp,com.enonic.wem.api.content,CreateMediaParams,4,0,9,9,40,9,0,0,0.0,5,1,/temp/xp/modules/wem-api/src/main/java/com/enonic/wem/api/content/CreateMediaParams.java,8
xp,com.enonic.wem.api.content,GetActiveContentVersionsResult,2,0,6,4,26,7,0,0,0.6666666666666666,6,2,/temp/xp/modules/wem-api/src/main/java/com/enonic/wem/api/content/GetActiveContentVersionsResult.java,8
xp,com.enonic.wem.api.content,Builder,1,0,3,2,14,4,0,0,1.0,39,2,/temp/xp/modules/wem-api/src/main/java/com/enonic/wem/api/content/GetActiveContentVersionsResult.java,27
xp,com.enonic.wem.api.content,ContentPaths,0,0,19,15,70,19,0,0,-1.0,8,2,/temp/xp/modules/wem-api/src/main/java/com/enonic/wem/api/content/ContentPaths.java,14
xp,com.enonic.wem.api.content,ParseFunction,0,0,1,1,5,1,0,0,-1.0,2,1,/temp/xp/modules/wem-api/src/main/java/com/enonic/wem/api/content/ContentPaths.java,120
xp,com.enonic.wem.api.content,UpdateContentParams,4,0,10,10,41,10,0,0,0.3,14,4,/temp/xp/modules/wem-api/src/main/java/com/enonic/wem/api/content/UpdateContentParams.java,9
xp,com.enonic.wem.api.content,FindContentByParentResult,6,0,10,8,44,10,0,0,0.4,7,2,/temp/xp/modules/wem-api/src/main/java/com/enonic/wem/api/content/FindContentByParentResult.java,3
xp,com.enonic.wem.api.content,Builder,3,0,5,4,22,5,0,0,1.0,0,3,/temp/xp/modules/wem-api/src/main/java/com/enonic/wem/api/content/FindContentByParentResult.java,38
xp,com.enonic.wem.api.content,ContentName,1,0,7,6,33,8,1,0,0.5714285714285714,15,0,/temp/xp/modules/wem-api/src/main/java/com/enonic/wem/api/content/ContentName.java,10
xp,com.enonic.wem.api.content,Unnamed,0,0,4,4,15,4,0,1,-1.0,0,1,/temp/xp/modules/wem-api/src/main/java/com/enonic/wem/api/content/ContentName.java,25
xp,com.enonic.wem.api.content,ContentEditor,0,0,1,1,3,1,0,0,-1.0,1,1,/temp/xp/modules/wem-api/src/main/java/com/enonic/wem/api/content/ContentEditor.java,3
xp,com.enonic.wem.api.content,ImageMediaHelper,0,0,1,1,13,2,0,0,-1.0,4,2,/temp/xp/modules/wem-api/src/main/java/com/enonic/wem/api/content/ImageMediaHelper.java,9
xp,com.enonic.wem.api.content,SetContentChildOrderParams,4,0,8,6,34,8,0,0,0.5,4,3,/temp/xp/modules/wem-api/src/main/java/com/enonic/wem/api/content/SetContentChildOrderParams.java,5
xp,com.enonic.wem.api.content,Builder,2,0,4,3,17,4,0,0,1.0,0,4,/temp/xp/modules/wem-api/src/main/java/com/enonic/wem/api/content/SetContentChildOrderParams.java,33
xp,com.enonic.wem.api.content,FindContentVersionsResult,10,0,14,12,64,14,0,0,0.2857142857142857,5,2,/temp/xp/modules/wem-api/src/main/java/com/enonic/wem/api/content/FindContentVersionsResult.java,3
xp,com.enonic.wem.api.content,Builder,5,0,7,6,32,7,0,0,1.0,0,3,/temp/xp/modules/wem-api/src/main/java/com/enonic/wem/api/content/FindContentVersionsResult.java,54
xp,com.enonic.wem.api.content,EditableContent,10,9,2,2,37,2,0,0,0.0,2,7,/temp/xp/modules/wem-api/src/main/java/com/enonic/wem/api/content/EditableContent.java,10
xp,com.enonic.wem.api.content,ValidateContentData,2,0,5,5,22,5,0,0,0.0,6,2,/temp/xp/modules/wem-api/src/main/java/com/enonic/wem/api/content/ValidateContentData.java,8
xp,com.enonic.wem.api.content,ContentUpdatedEvent,1,0,3,3,12,3,0,0,0.0,1,1,/temp/xp/modules/wem-api/src/main/java/com/enonic/wem/api/content/ContentUpdatedEvent.java,7
xp,com.enonic.wem.api.content,ContentVersionId,0,0,2,1,8,2,0,0,-1.0,4,0,/temp/xp/modules/wem-api/src/main/java/com/enonic/wem/api/content/ContentVersionId.java,5
xp,com.enonic.wem.api.content,CompareContentParams,2,0,3,3,14,3,0,0,0.0,2,2,/temp/xp/modules/wem-api/src/main/java/com/enonic/wem/api/content/CompareContentParams.java,5
xp,com.enonic.wem.api.content,FindContentByQueryParams,4,0,8,6,34,8,0,0,0.5,6,2,/temp/xp/modules/wem-api/src/main/java/com/enonic/wem/api/content/FindContentByQueryParams.java,5
xp,com.enonic.wem.api.content,Builder,2,0,4,3,17,4,0,0,1.0,0,3,/temp/xp/modules/wem-api/src/main/java/com/enonic/wem/api/content/FindContentByQueryParams.java,32
xp,com.enonic.wem.api.content,UnableToDeleteContentException,0,0,2,2,8,2,0,0,-1.0,0,2,/temp/xp/modules/wem-api/src/main/java/com/enonic/wem/api/content/UnableToDeleteContentException.java,5
xp,com.enonic.wem.api.content,ContentVersions,4,0,8,6,34,8,0,0,0.5,6,3,/temp/xp/modules/wem-api/src/main/java/com/enonic/wem/api/content/ContentVersions.java,9
xp,com.enonic.wem.api.content,Builder,2,0,4,3,17,4,0,0,1.0,0,4,/temp/xp/modules/wem-api/src/main/java/com/enonic/wem/api/content/ContentVersions.java,39
xp,com.enonic.wem.api.content,ContentIds,0,0,9,6,34,9,0,0,-1.0,9,2,/temp/xp/modules/wem-api/src/main/java/com/enonic/wem/api/content/ContentIds.java,12
xp,com.enonic.wem.api.content,ParseFunction,0,0,1,1,5,1,0,0,-1.0,0,1,/temp/xp/modules/wem-api/src/main/java/com/enonic/wem/api/content/ContentIds.java,59
xp,com.enonic.wem.api.content,Metadata,2,0,8,8,44,12,0,0,0.0,6,2,/temp/xp/modules/wem-api/src/main/java/com/enonic/wem/api/content/Metadata.java,10
xp,com.enonic.wem.api.content,FindContentByQueryResult,8,0,12,10,54,12,0,0,0.3333333333333333,5,3,/temp/xp/modules/wem-api/src/main/java/com/enonic/wem/api/content/FindContentByQueryResult.java,5
xp,com.enonic.wem.api.content,Builder,4,0,6,5,27,6,0,0,1.0,0,4,/temp/xp/modules/wem-api/src/main/java/com/enonic/wem/api/content/FindContentByQueryResult.java,48
xp,com.enonic.wem.api.content,CompareContentResults,2,0,7,5,27,7,0,0,0.5714285714285714,5,2,/temp/xp/modules/wem-api/src/main/java/com/enonic/wem/api/content/CompareContentResults.java,9
xp,com.enonic.wem.api.content,Builder,1,0,3,2,12,3,0,0,1.0,0,3,/temp/xp/modules/wem-api/src/main/java/com/enonic/wem/api/content/CompareContentResults.java,35
xp,com.enonic.wem.api.content,ContentVersion,10,0,17,15,102,25,0,0,0.23529411764705882,7,3,/temp/xp/modules/wem-api/src/main/java/com/enonic/wem/api/content/ContentVersion.java,7
xp,com.enonic.wem.api.content,Builder,5,0,7,6,32,7,0,0,1.0,0,4,/temp/xp/modules/wem-api/src/main/java/com/enonic/wem/api/content/ContentVersion.java,119
xp,com.enonic.wem.api.content,Content,43,0,65,64,336,72,0,0,0.09230769230769231,74,16,/temp/xp/modules/wem-api/src/main/java/com/enonic/wem/api/content/Content.java,22
xp,com.enonic.wem.api.content,Builder,21,0,28,28,159,29,0,0,0.10714285714285714,0,16,/temp/xp/modules/wem-api/src/main/java/com/enonic/wem/api/content/Content.java,333
xp,com.enonic.wem.api.content,ContentPath,5,1,25,21,138,36,0,0,0.08,60,1,/temp/xp/modules/wem-api/src/main/java/com/enonic/wem/api/content/ContentPath.java,13
xp,com.enonic.wem.api.content,Builder,1,0,7,5,40,10,0,0,0.42857142857142855,0,2,/temp/xp/modules/wem-api/src/main/java/com/enonic/wem/api/content/ContentPath.java,172
xp,com.enonic.wem.api.content,ApplyContentPermissionsParams,6,0,12,10,57,14,0,0,0.3333333333333333,7,3,/temp/xp/modules/wem-api/src/main/java/com/enonic/wem/api/content/ApplyContentPermissionsParams.java,9
xp,com.enonic.wem.api.content,Builder,3,0,5,4,22,5,0,0,1.0,0,4,/temp/xp/modules/wem-api/src/main/java/com/enonic/wem/api/content/ApplyContentPermissionsParams.java,66
xp,com.enonic.wem.api.content,PushContentParams,2,0,5,5,35,9,0,0,0.0,3,2,/temp/xp/modules/wem-api/src/main/java/com/enonic/wem/api/content/PushContentParams.java,5
xp,com.enonic.wem.api.content,DuplicateContentParams,2,0,7,7,36,10,0,0,0.2857142857142857,3,2,/temp/xp/modules/wem-api/src/main/java/com/enonic/wem/api/content/DuplicateContentParams.java,7
xp,com.enonic.wem.api.content,Metadatas,2,0,11,10,48,11,0,0,0.45454545454545453,6,5,/temp/xp/modules/wem-api/src/main/java/com/enonic/wem/api/content/Metadatas.java,18
xp,com.enonic.wem.api.content,ToNameFunction,0,0,1,1,5,1,0,0,-1.0,1,1,/temp/xp/modules/wem-api/src/main/java/com/enonic/wem/api/content/Metadatas.java,64
xp,com.enonic.wem.api.content,Builder,1,0,2,2,10,2,0,0,0.0,0,3,/temp/xp/modules/wem-api/src/main/java/com/enonic/wem/api/content/Metadatas.java,79
xp,com.enonic.wem.api.content,ReorderChildContentsResult,1,0,2,2,9,2,0,0,0.0,3,0,/temp/xp/modules/wem-api/src/main/java/com/enonic/wem/api/content/ReorderChildContentsResult.java,3
xp,com.enonic.wem.api.content,ContentAlreadyExistException,1,0,2,2,10,2,0,0,0.0,0,1,/temp/xp/modules/wem-api/src/main/java/com/enonic/wem/api/content/ContentAlreadyExistException.java,5
xp,com.enonic.wem.api.content,ContentDataValidationException,0,0,1,1,5,1,0,0,-1.0,0,0,/temp/xp/modules/wem-api/src/main/java/com/enonic/wem/api/content/ContentDataValidationException.java,6
xp,com.enonic.wem.api.content,CreateContentParams,13,0,31,31,131,33,0,0,0.3225806451612903,10,10,/temp/xp/modules/wem-api/src/main/java/com/enonic/wem/api/content/CreateContentParams.java,21
xp,com.enonic.wem.api.content,ContentIndexPath,1,1,0,0,3,0,0,0,-1.0,1,1,/temp/xp/modules/wem-api/src/main/java/com/enonic/wem/api/content/ContentIndexPath.java,5
xp,com.enonic.wem.api.content,ContentCreatedEvent,1,0,3,3,12,3,0,0,0.0,1,1,/temp/xp/modules/wem-api/src/main/java/com/enonic/wem/api/content/ContentCreatedEvent.java,7
xp,com.enonic.wem.api.content,Contents,2,0,14,13,61,15,0,0,0.6428571428571429,23,8,/temp/xp/modules/wem-api/src/main/java/com/enonic/wem/api/content/Contents.java,16
xp,com.enonic.wem.api.content,ToPathFunction,0,0,1,1,5,1,0,0,-1.0,1,2,/temp/xp/modules/wem-api/src/main/java/com/enonic/wem/api/content/Contents.java,65
xp,com.enonic.wem.api.content,ToIdFunction,0,0,1,1,5,1,0,0,-1.0,1,2,/temp/xp/modules/wem-api/src/main/java/com/enonic/wem/api/content/Contents.java,75
xp,com.enonic.wem.api.content,Builder,1,0,2,2,10,2,0,0,0.0,0,3,/temp/xp/modules/wem-api/src/main/java/com/enonic/wem/api/content/Contents.java,90
xp,com.enonic.wem.api.content,ReorderChildContentsParams,1,0,4,3,18,4,0,0,0.75,4,2,/temp/xp/modules/wem-api/src/main/java/com/enonic/wem/api/content/ReorderChildContentsParams.java,10
xp,com.enonic.wem.api.content,Builder,1,0,2,2,10,2,0,0,1.0,0,3,/temp/xp/modules/wem-api/src/main/java/com/enonic/wem/api/content/ReorderChildContentsParams.java,24
xp,com.enonic.wem.api.content,FindContentVersionsParams,6,0,10,8,44,10,0,0,0.4,4,2,/temp/xp/modules/wem-api/src/main/java/com/enonic/wem/api/content/FindContentVersionsParams.java,3
xp,com.enonic.wem.api.content,Builder,3,0,5,4,22,5,0,0,1.0,0,3,/temp/xp/modules/wem-api/src/main/java/com/enonic/wem/api/content/FindContentVersionsParams.java,40
xp,com.enonic.wem.api.content,CompareContentResult,2,0,3,3,14,3,0,0,0.0,4,2,/temp/xp/modules/wem-api/src/main/java/com/enonic/wem/api/content/CompareContentResult.java,3
xp,com.enonic.wem.api.content,GetContentByIdsParams,2,0,7,7,33,9,0,0,0.2857142857142857,5,1,/temp/xp/modules/wem-api/src/main/java/com/enonic/wem/api/content/GetContentByIdsParams.java,6
xp,com.enonic.wem.api.content,ContentCompareResults,0,0,0,0,2,0,0,0,-1.0,0,0,/temp/xp/modules/wem-api/src/main/java/com/enonic/wem/api/content/ContentCompareResults.java,3
xp,com.enonic.wem.api.content,FindContentByParentParams,9,0,12,10,55,12,0,0,0.3333333333333333,9,3,/temp/xp/modules/wem-api/src/main/java/com/enonic/wem/api/content/FindContentByParentParams.java,5
xp,com.enonic.wem.api.content,Builder,4,0,6,5,27,6,0,0,1.0,0,4,/temp/xp/modules/wem-api/src/main/java/com/enonic/wem/api/content/FindContentByParentParams.java,50
xp,com.enonic.wem.api.content,ContentService,0,0,25,0,27,25,0,0,-1.0,34,32,/temp/xp/modules/wem-api/src/main/java/com/enonic/wem/api/content/ContentService.java,12
xp,com.enonic.wem.api.content,ReorderChildParams,4,0,8,6,34,8,0,0,0.5,4,2,/temp/xp/modules/wem-api/src/main/java/com/enonic/wem/api/content/ReorderChildParams.java,3
xp,com.enonic.wem.api.content,Builder,2,0,4,3,17,4,0,0,1.0,0,3,/temp/xp/modules/wem-api/src/main/java/com/enonic/wem/api/content/ReorderChildParams.java,31
xp,com.enonic.wem.api.content,ContentId,0,0,2,1,8,2,0,0,-1.0,133,0,/temp/xp/modules/wem-api/src/main/java/com/enonic/wem/api/content/ContentId.java,5
xp,com.enonic.wem.api.content,ContentListMetaData,4,0,8,6,34,8,0,0,0.5,15,1,/temp/xp/modules/wem-api/src/main/java/com/enonic/wem/api/content/ContentListMetaData.java,3
xp,com.enonic.wem.api.content,Builder,2,0,4,3,17,4,0,0,1.0,0,2,/temp/xp/modules/wem-api/src/main/java/com/enonic/wem/api/content/ContentListMetaData.java,32
xp,com.enonic.wem.api.content,RenameContentParams,2,0,8,8,37,10,0,0,0.25,7,2,/temp/xp/modules/wem-api/src/main/java/com/enonic/wem/api/content/RenameContentParams.java,7
xp,com.enonic.wem.api.content,GetActiveContentVersionsParams,4,0,8,6,34,8,0,0,0.5,4,3,/temp/xp/modules/wem-api/src/main/java/com/enonic/wem/api/content/GetActiveContentVersionsParams.java,5
xp,com.enonic.wem.api.content,Builder,2,0,4,3,17,4,0,0,1.0,0,4,/temp/xp/modules/wem-api/src/main/java/com/enonic/wem/api/content/GetActiveContentVersionsParams.java,32
xp,com.enonic.wem.api.content,ContentPublishedEvent,1,0,3,3,12,3,0,0,0.0,1,1,/temp/xp/modules/wem-api/src/main/java/com/enonic/wem/api/content/ContentPublishedEvent.java,7
xp,com.enonic.wem.api.content,DeleteContentParams,2,0,7,7,37,10,0,0,0.2857142857142857,6,2,/temp/xp/modules/wem-api/src/main/java/com/enonic/wem/api/content/DeleteContentParams.java,7
xp,com.enonic.wem.api.content.site,SiteTest,0,0,2,2,14,2,0,0,-1.0,0,5,/temp/xp/modules/wem-api/src/test/java/com/enonic/wem/api/content/site/SiteTest.java,12
xp,com.enonic.wem.api.content.site,ContentTypeFilterTest,0,0,3,3,29,3,0,0,-1.0,0,3,/temp/xp/modules/wem-api/src/test/java/com/enonic/wem/api/content/site/ContentTypeFilterTest.java,15
xp,com.enonic.wem.api.content.site,Site,1,0,13,13,66,19,0,0,0.8461538461538461,13,5,/temp/xp/modules/wem-api/src/main/java/com/enonic/wem/api/content/site/Site.java,7
xp,com.enonic.wem.api.content.site,Builder,1,0,6,6,33,9,0,0,0.8333333333333334,5,4,/temp/xp/modules/wem-api/src/main/java/com/enonic/wem/api/content/site/Site.java,60
xp,com.enonic.wem.api.content.site,CreateSiteParams,6,0,13,13,54,13,0,0,0.46153846153846156,2,3,/temp/xp/modules/wem-api/src/main/java/com/enonic/wem/api/content/site/CreateSiteParams.java,7
xp,com.enonic.wem.api.content.site,ModuleConfigs,2,0,11,10,44,11,0,0,0.6363636363636364,8,4,/temp/xp/modules/wem-api/src/main/java/com/enonic/wem/api/content/site/ModuleConfigs.java,13
xp,com.enonic.wem.api.content.site,Builder,1,0,2,2,10,2,0,0,0.0,0,3,/temp/xp/modules/wem-api/src/main/java/com/enonic/wem/api/content/site/ModuleConfigs.java,60
xp,com.enonic.wem.api.content.site,ToNameFunction,0,0,1,1,5,1,0,0,-1.0,1,1,/temp/xp/modules/wem-api/src/main/java/com/enonic/wem/api/content/site/ModuleConfigs.java,76
xp,com.enonic.wem.api.content.site,ModuleConfigDataSerializer,0,0,2,1,10,2,0,0,-1.0,1,3,/temp/xp/modules/wem-api/src/main/java/com/enonic/wem/api/content/site/ModuleConfigDataSerializer.java,7
xp,com.enonic.wem.api.content.site,ModuleConfig,4,0,9,9,47,11,0,0,0.3333333333333333,11,3,/temp/xp/modules/wem-api/src/main/java/com/enonic/wem/api/content/site/ModuleConfig.java,11
xp,com.enonic.wem.api.content.site,Builder,2,0,3,3,15,3,0,0,1.0,0,4,/temp/xp/modules/wem-api/src/main/java/com/enonic/wem/api/content/site/ModuleConfig.java,63
xp,com.enonic.wem.api.content.site,ModuleConfigsDataSerializer,1,0,3,1,19,5,0,0,0.0,3,4,/temp/xp/modules/wem-api/src/main/java/com/enonic/wem/api/content/site/ModuleConfigsDataSerializer.java,7
xp,com.enonic.wem.api.content.page.region,RegionDataSerializerTest,2,0,1,1,15,1,0,0,0.0,0,7,/temp/xp/modules/wem-api/src/test/java/com/enonic/wem/api/content/page/region/RegionDataSerializerTest.java,13
xp,com.enonic.wem.api.content.page.region,RegionPath,4,0,8,7,52,12,0,0,0.25,2,1,/temp/xp/modules/wem-api/src/main/java/com/enonic/wem/api/content/page/region/RegionPath.java,9
xp,com.enonic.wem.api.content.page.region,RegionDataSerializer,3,0,3,3,21,4,0,0,0.0,3,3,/temp/xp/modules/wem-api/src/main/java/com/enonic/wem/api/content/page/region/RegionDataSerializer.java,11
xp,com.enonic.wem.api.content.page.region,RegionDescriptor,2,0,8,7,39,10,0,0,0.375,5,1,/temp/xp/modules/wem-api/src/main/java/com/enonic/wem/api/content/page/region/RegionDescriptor.java,8
xp,com.enonic.wem.api.content.page.region,Builder,1,0,2,2,10,2,0,0,1.0,5,1,/temp/xp/modules/wem-api/src/main/java/com/enonic/wem/api/content/page/region/RegionDescriptor.java,56
xp,com.enonic.wem.api.content.page.region,RegionDescriptors,2,0,7,7,28,7,0,0,0.42857142857142855,9,2,/temp/xp/modules/wem-api/src/main/java/com/enonic/wem/api/content/page/region/RegionDescriptors.java,8
xp,com.enonic.wem.api.content.page.region,Builder,1,0,2,2,10,2,0,0,1.0,0,3,/temp/xp/modules/wem-api/src/main/java/com/enonic/wem/api/content/page/region/RegionDescriptors.java,39
xp,com.enonic.wem.api.content.page.region,Region,6,0,19,19,104,29,0,0,0.2631578947368421,16,4,/temp/xp/modules/wem-api/src/main/java/com/enonic/wem/api/content/page/region/Region.java,12
xp,com.enonic.wem.api.content.page.region,Builder,3,0,6,6,29,7,0,0,0.5,0,4,/temp/xp/modules/wem-api/src/main/java/com/enonic/wem/api/content/page/region/Region.java,130
xp,com.enonic.wem.api.content.page.region,RegionPlaceableComponent,0,0,0,0,2,0,0,0,-1.0,0,0,/temp/xp/modules/wem-api/src/main/java/com/enonic/wem/api/content/page/region/RegionPlaceableComponent.java,6
xp,com.enonic.wem.api.content.page,DescriptorsTest,0,0,3,3,18,3,0,0,-1.0,0,8,/temp/xp/modules/wem-api/src/test/java/com/enonic/wem/api/content/page/DescriptorsTest.java,16
xp,com.enonic.wem.api.content.page,PageTemplateTest,0,0,1,1,14,1,0,0,-1.0,0,10,/temp/xp/modules/wem-api/src/test/java/com/enonic/wem/api/content/page/PageTemplateTest.java,13
xp,com.enonic.wem.api.content.page,ComponentsTest,0,0,3,3,24,3,0,0,-1.0,0,8,/temp/xp/modules/wem-api/src/test/java/com/enonic/wem/api/content/page/ComponentsTest.java,16
xp,com.enonic.wem.api.content.page,PageTest,0,0,5,5,30,5,0,0,-1.0,0,7,/temp/xp/modules/wem-api/src/test/java/com/enonic/wem/api/content/page/PageTest.java,10
xp,com.enonic.wem.api.content.page,PageRegionsTest,0,0,5,5,51,5,0,0,-1.0,0,6,/temp/xp/modules/wem-api/src/test/java/com/enonic/wem/api/content/page/PageRegionsTest.java,24
xp,com.enonic.wem.api.content.page,ComponentPathTest,0,0,3,3,14,3,0,0,-1.0,0,1,/temp/xp/modules/wem-api/src/test/java/com/enonic/wem/api/content/page/ComponentPathTest.java,9
xp,com.enonic.wem.api.content.page,ComponentDescriptorName,1,0,4,4,15,4,0,0,0.0,16,0,/temp/xp/modules/wem-api/src/main/java/com/enonic/wem/api/content/page/ComponentDescriptorName.java,3
xp,com.enonic.wem.api.content.page,Page,10,0,36,31,166,42,0,0,0.2222222222222222,30,10,/temp/xp/modules/wem-api/src/main/java/com/enonic/wem/api/content/page/Page.java,16
xp,com.enonic.wem.api.content.page,PageProperties,4,0,4,2,22,4,2,0,0.5,1,5,/temp/xp/modules/wem-api/src/main/java/com/enonic/wem/api/content/page/Page.java,142
xp,com.enonic.wem.api.content.page,PageEditBuilder,2,0,8,8,37,8,0,1,0.25,1,6,/temp/xp/modules/wem-api/src/main/java/com/enonic/wem/api/content/page/Page.java,183
xp,com.enonic.wem.api.content.page,Builder,0,0,7,5,27,7,0,1,-1.0,17,5,/temp/xp/modules/wem-api/src/main/java/com/enonic/wem/api/content/page/Page.java,243
xp,com.enonic.wem.api.content.page,PageComponentsDataSerializer,0,0,2,2,20,4,0,0,-1.0,1,3,/temp/xp/modules/wem-api/src/main/java/com/enonic/wem/api/content/page/PageComponentsDataSerializer.java,12
xp,com.enonic.wem.api.content.page,PageComponentService,0,0,1,0,3,1,0,0,-1.0,2,3,/temp/xp/modules/wem-api/src/main/java/com/enonic/wem/api/content/page/PageComponentService.java,5
xp,com.enonic.wem.api.content.page,PageTemplate,2,0,18,15,93,25,0,0,0.8333333333333334,17,9,/temp/xp/modules/wem-api/src/main/java/com/enonic/wem/api/content/page/PageTemplate.java,13
xp,com.enonic.wem.api.content.page,Builder,1,0,8,6,50,12,0,0,1.0,0,9,/temp/xp/modules/wem-api/src/main/java/com/enonic/wem/api/content/page/PageTemplate.java,81
xp,com.enonic.wem.api.content.page,AbstractPageComponent,3,0,10,7,43,12,2,1,0.4,5,5,/temp/xp/modules/wem-api/src/main/java/com/enonic/wem/api/content/page/AbstractPageComponent.java,11
xp,com.enonic.wem.api.content.page,Builder,1,0,3,1,12,3,0,0,0.6666666666666666,0,3,/temp/xp/modules/wem-api/src/main/java/com/enonic/wem/api/content/page/AbstractPageComponent.java,66
xp,com.enonic.wem.api.content.page,CreatePageParams,5,0,11,11,47,11,0,0,0.2727272727272727,7,5,/temp/xp/modules/wem-api/src/main/java/com/enonic/wem/api/content/page/CreatePageParams.java,8
xp,com.enonic.wem.api.content.page,PageTemplates,2,0,17,15,83,21,0,0,0.5882352941176471,5,7,/temp/xp/modules/wem-api/src/main/java/com/enonic/wem/api/content/page/PageTemplates.java,20
xp,com.enonic.wem.api.content.page,ToNameFunction,0,0,1,1,5,1,0,0,-1.0,1,1,/temp/xp/modules/wem-api/src/main/java/com/enonic/wem/api/content/page/PageTemplates.java,111
xp,com.enonic.wem.api.content.page,Builder,1,0,3,3,16,4,0,0,0.0,0,3,/temp/xp/modules/wem-api/src/main/java/com/enonic/wem/api/content/page/PageTemplates.java,126
xp,com.enonic.wem.api.content.page,PageTemplateKey,0,0,5,3,24,7,0,0,-1.0,25,1,/temp/xp/modules/wem-api/src/main/java/com/enonic/wem/api/content/page/PageTemplateKey.java,6
xp,com.enonic.wem.api.content.page,PageDescriptorService,0,0,3,0,5,3,0,0,-1.0,4,5,/temp/xp/modules/wem-api/src/main/java/com/enonic/wem/api/content/page/PageDescriptorService.java,6
xp,com.enonic.wem.api.content.page,PageTemplateSpec,2,0,6,4,24,6,0,0,0.6666666666666666,4,3,/temp/xp/modules/wem-api/src/main/java/com/enonic/wem/api/content/page/PageTemplateSpec.java,5
xp,com.enonic.wem.api.content.page,Builder,1,0,3,2,12,3,0,0,1.0,0,3,/temp/xp/modules/wem-api/src/main/java/com/enonic/wem/api/content/page/PageTemplateSpec.java,23
xp,com.enonic.wem.api.content.page,PageDescriptor,8,0,14,12,63,14,0,0,0.2857142857142857,16,6,/temp/xp/modules/wem-api/src/main/java/com/enonic/wem/api/content/page/PageDescriptor.java,10
xp,com.enonic.wem.api.content.page,Builder,4,0,6,5,27,6,0,0,1.0,0,5,/temp/xp/modules/wem-api/src/main/java/com/enonic/wem/api/content/page/PageDescriptor.java,66
xp,com.enonic.wem.api.content.page,DescriptorKey,5,0,8,7,40,10,1,0,0.25,6,3,/temp/xp/modules/wem-api/src/main/java/com/enonic/wem/api/content/page/DescriptorKey.java,8
xp,com.enonic.wem.api.content.page,DescriptorType,0,0,0,0,1,0,0,0,-1.0,4,0,/temp/xp/modules/wem-api/src/main/java/com/enonic/wem/api/content/page/DescriptorKey.java,10
xp,com.enonic.wem.api.content.page,PageDescriptors,0,0,5,4,18,5,0,0,-1.0,5,1,/temp/xp/modules/wem-api/src/main/java/com/enonic/wem/api/content/page/PageDescriptors.java,9
xp,com.enonic.wem.api.content.page,PageDescriptorKey,0,0,5,4,19,5,0,1,-1.0,29,4,/temp/xp/modules/wem-api/src/main/java/com/enonic/wem/api/content/page/PageDescriptorKey.java,8
xp,com.enonic.wem.api.content.page,PageComponentTypes,2,0,3,1,17,3,0,0,0.0,1,5,/temp/xp/modules/wem-api/src/main/java/com/enonic/wem/api/content/page/PageComponentTypes.java,12
xp,com.enonic.wem.api.content.page,PageComponent,0,0,5,0,7,5,2,0,-1.0,14,4,/temp/xp/modules/wem-api/src/main/java/com/enonic/wem/api/content/page/PageComponent.java,6
xp,com.enonic.wem.api.content.page,AbstractPageComponentXml,1,0,3,3,10,3,0,0,0.6666666666666666,0,2,/temp/xp/modules/wem-api/src/main/java/com/enonic/wem/api/content/page/AbstractPageComponentXml.java,6
xp,com.enonic.wem.api.content.page,AbstractRegions,2,0,11,7,70,19,2,0,0.2727272727272727,3,5,/temp/xp/modules/wem-api/src/main/java/com/enonic/wem/api/content/page/AbstractRegions.java,14
xp,com.enonic.wem.api.content.page,Builder,1,0,5,2,20,6,0,0,0.6,0,2,/temp/xp/modules/wem-api/src/main/java/com/enonic/wem/api/content/page/AbstractRegions.java,95
xp,com.enonic.wem.api.content.page,PageService,0,0,3,3,5,3,0,0,-1.0,4,3,/temp/xp/modules/wem-api/src/main/java/com/enonic/wem/api/content/page/PageService.java,6
xp,com.enonic.wem.api.content.page,PageTemplateService,0,0,4,0,6,4,0,0,-1.0,4,6,/temp/xp/modules/wem-api/src/main/java/com/enonic/wem/api/content/page/PageTemplateService.java,5
xp,com.enonic.wem.api.content.page,PageEditor,0,0,1,1,3,1,0,0,-1.0,1,1,/temp/xp/modules/wem-api/src/main/java/com/enonic/wem/api/content/page/PageEditor.java,3
xp,com.enonic.wem.api.content.page,CreatePageTemplateParams,7,0,16,16,64,16,0,0,0.5,2,6,/temp/xp/modules/wem-api/src/main/java/com/enonic/wem/api/content/page/CreatePageTemplateParams.java,9
xp,com.enonic.wem.api.content.page,Descriptor,8,0,12,10,56,12,0,0,0.25,3,3,/temp/xp/modules/wem-api/src/main/java/com/enonic/wem/api/content/page/Descriptor.java,8
xp,com.enonic.wem.api.content.page,BaseDescriptorBuilder,4,0,6,5,28,6,0,0,0.0,1,3,/temp/xp/modules/wem-api/src/main/java/com/enonic/wem/api/content/page/Descriptor.java,52
xp,com.enonic.wem.api.content.page,PageDescriptorNotFoundException,0,0,1,1,5,1,0,0,-1.0,0,1,/temp/xp/modules/wem-api/src/main/java/com/enonic/wem/api/content/page/PageDescriptorNotFoundException.java,6
xp,com.enonic.wem.api.content.page,ComponentName,1,0,5,5,18,5,0,0,0.0,24,0,/temp/xp/modules/wem-api/src/main/java/com/enonic/wem/api/content/page/ComponentName.java,3
xp,com.enonic.wem.api.content.page,AbstractDescriptorBasedPageComponentDataSerializer,0,0,3,0,15,4,0,1,-1.0,0,3,/temp/xp/modules/wem-api/src/main/java/com/enonic/wem/api/content/page/AbstractDescriptorBasedPageComponentDataSerializer.java,6
xp,com.enonic.wem.api.content.page,ComponentPath,10,0,24,18,121,29,0,0,0.125,10,4,/temp/xp/modules/wem-api/src/main/java/com/enonic/wem/api/content/page/ComponentPath.java,14
xp,com.enonic.wem.api.content.page,RegionAndComponent,4,0,7,6,33,7,0,0,0.0,1,2,/temp/xp/modules/wem-api/src/main/java/com/enonic/wem/api/content/page/ComponentPath.java,112
xp,com.enonic.wem.api.content.page,RegionName,1,0,3,3,12,3,0,0,0.6666666666666666,2,0,/temp/xp/modules/wem-api/src/main/java/com/enonic/wem/api/content/page/ComponentPath.java,164
xp,com.enonic.wem.api.content.page,PageComponentIndex,2,0,3,3,14,3,0,0,0.6666666666666666,2,0,/temp/xp/modules/wem-api/src/main/java/com/enonic/wem/api/content/page/ComponentPath.java,184
xp,com.enonic.wem.api.content.page,AbstractDescriptorBasedPageComponent,4,0,11,8,59,14,0,2,0.18181818181818182,3,4,/temp/xp/modules/wem-api/src/main/java/com/enonic/wem/api/content/page/AbstractDescriptorBasedPageComponent.java,9
xp,com.enonic.wem.api.content.page,Builder,2,0,5,3,24,5,0,2,0.4,0,5,/temp/xp/modules/wem-api/src/main/java/com/enonic/wem/api/content/page/AbstractDescriptorBasedPageComponent.java,67
xp,com.enonic.wem.api.content.page,GetDefaultPageTemplateParams,4,0,7,7,32,7,0,0,0.42857142857142855,5,3,/temp/xp/modules/wem-api/src/main/java/com/enonic/wem/api/content/page/GetDefaultPageTemplateParams.java,7
xp,com.enonic.wem.api.content.page,Builder,2,0,3,3,15,3,0,0,1.0,0,4,/temp/xp/modules/wem-api/src/main/java/com/enonic/wem/api/content/page/GetDefaultPageTemplateParams.java,34
xp,com.enonic.wem.api.content.page,UpdatePageParams,2,0,4,4,18,4,0,0,0.5,7,2,/temp/xp/modules/wem-api/src/main/java/com/enonic/wem/api/content/page/UpdatePageParams.java,5
xp,com.enonic.wem.api.content.page,PageComponentType,2,0,4,3,15,4,0,0,0.5,4,1,/temp/xp/modules/wem-api/src/main/java/com/enonic/wem/api/content/page/PageComponentType.java,3
xp,com.enonic.wem.api.content.page,DescriptorBasedPageComponent,0,0,2,0,4,2,1,1,-1.0,1,1,/temp/xp/modules/wem-api/src/main/java/com/enonic/wem/api/content/page/DescriptorBasedPageComponent.java,5
xp,com.enonic.wem.api.content.page,PageNotFoundException,0,0,1,1,5,1,0,0,-1.0,0,1,/temp/xp/modules/wem-api/src/main/java/com/enonic/wem/api/content/page/PageNotFoundException.java,8
xp,com.enonic.wem.api.content.page,AbstractPageComponentDataSerializer,0,0,4,2,10,4,1,0,-1.0,1,2,/temp/xp/modules/wem-api/src/main/java/com/enonic/wem/api/content/page/AbstractPageComponentDataSerializer.java,7
xp,com.enonic.wem.api.content.page,PageRegions,0,0,7,4,24,7,0,1,-1.0,24,2,/temp/xp/modules/wem-api/src/main/java/com/enonic/wem/api/content/page/PageRegions.java,4
xp,com.enonic.wem.api.content.page,Builder,0,0,3,1,10,3,0,1,-1.0,0,2,/temp/xp/modules/wem-api/src/main/java/com/enonic/wem/api/content/page/PageRegions.java,27
xp,com.enonic.wem.api.content.page.text,TextComponentDataSerializerTest,0,0,2,2,19,2,0,0,-1.0,0,4,/temp/xp/modules/wem-api/src/test/java/com/enonic/wem/api/content/page/text/TextComponentDataSerializerTest.java,10
xp,com.enonic.wem.api.content.page.text,TextComponentType,2,1,2,1,10,2,0,0,1.0,2,1,/temp/xp/modules/wem-api/src/main/java/com/enonic/wem/api/content/page/text/TextComponentType.java,5
xp,com.enonic.wem.api.content.page.text,TextComponentDataSerializer,0,0,2,2,17,4,0,0,-1.0,2,2,/temp/xp/modules/wem-api/src/main/java/com/enonic/wem/api/content/page/text/TextComponentDataSerializer.java,7
xp,com.enonic.wem.api.content.page.text,TextComponent,2,0,14,11,65,18,0,0,0.5714285714285714,7,3,/temp/xp/modules/wem-api/src/main/java/com/enonic/wem/api/content/page/text/TextComponent.java,11
xp,com.enonic.wem.api.content.page.text,Builder,1,0,6,4,24,6,0,0,0.8333333333333334,1,2,/temp/xp/modules/wem-api/src/main/java/com/enonic/wem/api/content/page/text/TextComponent.java,80
xp,com.enonic.wem.api.content.attachment,AttachmentTest,0,0,2,2,13,2,0,0,-1.0,0,1,/temp/xp/modules/wem-api/src/test/java/com/enonic/wem/api/content/attachment/AttachmentTest.java,9
xp,com.enonic.wem.api.content.attachment,Attachment,10,0,21,19,105,23,0,0,0.23809523809523808,22,2,/temp/xp/modules/wem-api/src/main/java/com/enonic/wem/api/content/attachment/Attachment.java,10
xp,com.enonic.wem.api.content.attachment,Builder,5,0,8,6,38,8,0,0,0.5,5,2,/temp/xp/modules/wem-api/src/main/java/com/enonic/wem/api/content/attachment/Attachment.java,118
xp,com.enonic.wem.api.content.attachment,Attachments,2,0,15,13,65,15,0,0,0.4666666666666667,14,3,/temp/xp/modules/wem-api/src/main/java/com/enonic/wem/api/content/attachment/Attachments.java,14
xp,com.enonic.wem.api.content.attachment,ToNameFunction,0,0,1,1,5,1,0,0,-1.0,1,1,/temp/xp/modules/wem-api/src/main/java/com/enonic/wem/api/content/attachment/Attachments.java,80
xp,com.enonic.wem.api.content.attachment,Builder,1,0,3,3,14,3,0,0,0.0,0,3,/temp/xp/modules/wem-api/src/main/java/com/enonic/wem/api/content/attachment/Attachments.java,95
xp,com.enonic.wem.api.content.attachment,UpdateAttachmentsParams,4,0,7,6,31,7,0,0,0.2857142857142857,3,4,/temp/xp/modules/wem-api/src/main/java/com/enonic/wem/api/content/attachment/UpdateAttachmentsParams.java,10
xp,com.enonic.wem.api.content.attachment,Builder,2,0,3,3,14,3,0,0,1.0,0,4,/temp/xp/modules/wem-api/src/main/java/com/enonic/wem/api/content/attachment/UpdateAttachmentsParams.java,38
xp,com.enonic.wem.api.query.filter,ValueFilterTest,0,0,1,1,7,1,0,0,-1.0,0,1,/temp/xp/modules/wem-api/src/test/java/com/enonic/wem/api/query/filter/ValueFilterTest.java,7
xp,com.enonic.wem.api.query.filter,FieldFilter,2,0,3,2,17,3,6,1,0.0,6,2,/temp/xp/modules/wem-api/src/main/java/com/enonic/wem/api/query/filter/FieldFilter.java,3
xp,com.enonic.wem.api.query.filter,Builder,1,0,1,1,7,1,0,1,0.0,11,1,/temp/xp/modules/wem-api/src/main/java/com/enonic/wem/api/query/filter/FieldFilter.java,19
xp,com.enonic.wem.api.query.filter,RangeFilter,4,0,7,7,33,7,0,2,0.42857142857142855,3,3,/temp/xp/modules/wem-api/src/main/java/com/enonic/wem/api/query/filter/RangeFilter.java,5
xp,com.enonic.wem.api.query.filter,Builder,2,0,3,3,15,3,0,2,1.0,0,4,/temp/xp/modules/wem-api/src/main/java/com/enonic/wem/api/query/filter/RangeFilter.java,34
xp,com.enonic.wem.api.query.filter,ValueFilter,2,0,9,7,37,9,0,2,0.3333333333333333,11,3,/temp/xp/modules/wem-api/src/main/java/com/enonic/wem/api/query/filter/ValueFilter.java,13
xp,com.enonic.wem.api.query.filter,Builder,1,0,6,5,24,6,0,2,0.3333333333333333,0,4,/temp/xp/modules/wem-api/src/main/java/com/enonic/wem/api/query/filter/ValueFilter.java,35
xp,com.enonic.wem.api.query.filter,ExistsFilter,0,0,3,3,13,3,0,2,-1.0,2,2,/temp/xp/modules/wem-api/src/main/java/com/enonic/wem/api/query/filter/ExistsFilter.java,3
xp,com.enonic.wem.api.query.filter,Builder,0,0,1,1,5,1,0,2,-1.0,0,2,/temp/xp/modules/wem-api/src/main/java/com/enonic/wem/api/query/filter/ExistsFilter.java,16
xp,com.enonic.wem.api.query.filter,Filters,1,0,8,7,30,8,0,0,0.625,8,2,/temp/xp/modules/wem-api/src/main/java/com/enonic/wem/api/query/filter/Filters.java,11
xp,com.enonic.wem.api.query.filter,Builder,1,0,4,3,16,4,0,0,0.5,0,3,/temp/xp/modules/wem-api/src/main/java/com/enonic/wem/api/query/filter/Filters.java,34
xp,com.enonic.wem.api.query.filter,Filter,2,0,3,2,16,3,4,0,0.0,13,1,/temp/xp/modules/wem-api/src/main/java/com/enonic/wem/api/query/filter/Filter.java,3
xp,com.enonic.wem.api.query.filter,Builder,1,0,1,1,7,1,0,0,0.0,0,0,/temp/xp/modules/wem-api/src/main/java/com/enonic/wem/api/query/filter/Filter.java,17
xp,com.enonic.wem.api.query.filter,BooleanFilter,6,0,9,9,43,9,0,1,0.3333333333333333,3,2,/temp/xp/modules/wem-api/src/main/java/com/enonic/wem/api/query/filter/BooleanFilter.java,8
xp,com.enonic.wem.api.query.filter,Builder,3,0,4,4,20,4,0,1,1.0,0,3,/temp/xp/modules/wem-api/src/main/java/com/enonic/wem/api/query/filter/BooleanFilter.java,45
xp,com.enonic.wem.api.context,ContextImplTest,0,0,12,10,84,12,0,0,-1.0,0,7,/temp/xp/modules/wem-api/src/test/java/com/enonic/wem/api/context/ContextImplTest.java,15
xp,com.enonic.wem.api.context,SampleValue,0,0,0,0,2,0,0,0,-1.0,3,0,/temp/xp/modules/wem-api/src/test/java/com/enonic/wem/api/context/ContextImplTest.java,17
xp,com.enonic.wem.api.context,ContextBuilderTest,0,0,2,2,34,2,0,0,-1.0,0,4,/temp/xp/modules/wem-api/src/test/java/com/enonic/wem/api/context/ContextBuilderTest.java,9
xp,com.enonic.wem.api.context,SampleValue,0,0,0,0,2,0,0,0,-1.0,0,0,/temp/xp/modules/wem-api/src/test/java/com/enonic/wem/api/context/ContextBuilderTest.java,11
xp,com.enonic.wem.api.context,ContextAccessorTest,0,0,1,1,9,1,0,0,-1.0,0,2,/temp/xp/modules/wem-api/src/test/java/com/enonic/wem/api/context/ContextAccessorTest.java,8
xp,com.enonic.wem.api.context,LocalScopeImplTest,0,0,4,4,46,4,0,0,-1.0,0,4,/temp/xp/modules/wem-api/src/test/java/com/enonic/wem/api/context/LocalScopeImplTest.java,10
xp,com.enonic.wem.api.context,SampleValue,0,0,0,0,2,0,0,0,-1.0,0,0,/temp/xp/modules/wem-api/src/test/java/com/enonic/wem/api/context/LocalScopeImplTest.java,12
xp,com.enonic.wem.api.context,ContextImpl,2,0,10,10,59,11,0,2,0.7,1,4,/temp/xp/modules/wem-api/src/main/java/com/enonic/wem/api/context/ContextImpl.java,13
xp,com.enonic.wem.api.context,LocalScope,0,0,3,3,5,3,1,2,-1.0,3,1,/temp/xp/modules/wem-api/src/main/java/com/enonic/wem/api/context/LocalScope.java,5
xp,com.enonic.wem.api.context,MutableAttributes,0,0,4,4,6,4,1,1,-1.0,0,0,/temp/xp/modules/wem-api/src/main/java/com/enonic/wem/api/context/MutableAttributes.java,3
xp,com.enonic.wem.api.context,ContextBuilder,2,0,11,10,44,12,0,0,0.6363636363636364,6,6,/temp/xp/modules/wem-api/src/main/java/com/enonic/wem/api/context/ContextBuilder.java,9
xp,com.enonic.wem.api.context,LocalScopeImpl,4,0,11,10,47,13,0,3,0.18181818181818182,2,1,/temp/xp/modules/wem-api/src/main/java/com/enonic/wem/api/context/LocalScopeImpl.java,11
xp,com.enonic.wem.api.context,ScopeAttributes,0,0,3,3,5,3,2,0,-1.0,0,0,/temp/xp/modules/wem-api/src/main/java/com/enonic/wem/api/context/ScopeAttributes.java,5
xp,com.enonic.wem.api.context,Context,0,0,6,6,8,6,1,1,-1.0,27,1,/temp/xp/modules/wem-api/src/main/java/com/enonic/wem/api/context/Context.java,9
xp,com.enonic.wem.api.context,ContextAccessor,1,1,2,1,12,2,0,0,1.0,39,3,/temp/xp/modules/wem-api/src/main/java/com/enonic/wem/api/context/ContextAccessor.java,5
xp,com.enonic.wem.api.node,NodeTest,0,0,5,5,31,5,0,0,-1.0,0,5,/temp/xp/modules/wem-api/src/test/java/com/enonic/wem/api/node/NodeTest.java,9
xp,com.enonic.wem.api.node,NodeEditor,0,0,1,1,3,1,0,0,-1.0,2,1,/temp/xp/modules/wem-api/src/main/java/com/enonic/wem/api/node/NodeEditor.java,3
xp,com.enonic.wem.api.node,NodeBinaryReferenceException,0,0,1,1,5,1,0,0,-1.0,0,0,/temp/xp/modules/wem-api/src/main/java/com/enonic/wem/api/node/NodeBinaryReferenceException.java,3
xp,com.enonic.wem.api.node,GetActiveNodeVersionsResult,2,0,6,4,24,6,0,0,0.6666666666666666,5,3,/temp/xp/modules/wem-api/src/main/java/com/enonic/wem/api/node/GetActiveNodeVersionsResult.java,10
xp,com.enonic.wem.api.node,Builder,1,0,3,2,12,3,0,0,1.0,52,3,/temp/xp/modules/wem-api/src/main/java/com/enonic/wem/api/node/GetActiveNodeVersionsResult.java,30
xp,com.enonic.wem.api.node,NodeComparisons,2,0,6,4,24,6,0,0,0.6666666666666666,5,2,/temp/xp/modules/wem-api/src/main/java/com/enonic/wem/api/node/NodeComparisons.java,9
xp,com.enonic.wem.api.node,Builder,1,0,3,2,12,3,0,0,1.0,0,3,/temp/xp/modules/wem-api/src/main/java/com/enonic/wem/api/node/NodeComparisons.java,30
xp,com.enonic.wem.api.node,ApplyNodePermissionsParams,6,0,10,8,44,10,0,0,0.4,9,3,/temp/xp/modules/wem-api/src/main/java/com/enonic/wem/api/node/ApplyNodePermissionsParams.java,7
xp,com.enonic.wem.api.node,Builder,3,0,5,4,22,5,0,0,1.0,0,4,/temp/xp/modules/wem-api/src/main/java/com/enonic/wem/api/node/ApplyNodePermissionsParams.java,42
xp,com.enonic.wem.api.node,GetNodeVersionsParams,6,0,10,8,44,10,0,0,0.4,5,2,/temp/xp/modules/wem-api/src/main/java/com/enonic/wem/api/node/GetNodeVersionsParams.java,3
xp,com.enonic.wem.api.node,Builder,3,0,5,4,22,5,0,0,1.0,0,3,/temp/xp/modules/wem-api/src/main/java/com/enonic/wem/api/node/GetNodeVersionsParams.java,38
xp,com.enonic.wem.api.node,GetActiveNodeVersionsParams,4,0,8,6,34,8,0,0,0.5,5,3,/temp/xp/modules/wem-api/src/main/java/com/enonic/wem/api/node/GetActiveNodeVersionsParams.java,5
xp,com.enonic.wem.api.node,Builder,2,0,4,3,17,4,0,0,1.0,0,4,/temp/xp/modules/wem-api/src/main/java/com/enonic/wem/api/node/GetActiveNodeVersionsParams.java,32
xp,com.enonic.wem.api.node,NodeIndexPath,21,19,0,0,23,0,0,0,-1.0,19,1,/temp/xp/modules/wem-api/src/main/java/com/enonic/wem/api/node/NodeIndexPath.java,5
xp,com.enonic.wem.api.node,ReorderChildNodesParams,1,0,4,3,18,4,0,0,0.75,7,2,/temp/xp/modules/wem-api/src/main/java/com/enonic/wem/api/node/ReorderChildNodesParams.java,10
xp,com.enonic.wem.api.node,Builder,1,0,2,2,10,2,0,0,1.0,0,3,/temp/xp/modules/wem-api/src/main/java/com/enonic/wem/api/node/ReorderChildNodesParams.java,23
xp,com.enonic.wem.api.node,NodeQuery,21,0,26,25,125,26,0,0,0.11538461538461539,22,7,/temp/xp/modules/wem-api/src/main/java/com/enonic/wem/api/node/NodeQuery.java,16
xp,com.enonic.wem.api.node,Builder,10,0,13,13,63,13,0,0,0.8461538461538461,0,8,/temp/xp/modules/wem-api/src/main/java/com/enonic/wem/api/node/NodeQuery.java,117
xp,com.enonic.wem.api.node,NodeVersions,4,0,8,6,34,8,0,0,0.25,6,3,/temp/xp/modules/wem-api/src/main/java/com/enonic/wem/api/node/NodeVersions.java,9
xp,com.enonic.wem.api.node,Builder,2,0,3,2,14,3,0,0,1.0,0,4,/temp/xp/modules/wem-api/src/main/java/com/enonic/wem/api/node/NodeVersions.java,43
xp,com.enonic.wem.api.node,FindNodesByParentParams,11,0,14,12,65,14,0,0,0.2857142857142857,21,3,/temp/xp/modules/wem-api/src/main/java/com/enonic/wem/api/node/FindNodesByParentParams.java,5
xp,com.enonic.wem.api.node,Builder,5,0,7,6,32,7,0,0,1.0,0,4,/temp/xp/modules/wem-api/src/main/java/com/enonic/wem/api/node/FindNodesByParentParams.java,58
xp,com.enonic.wem.api.node,NodeName,0,0,3,1,12,3,0,0,-1.0,28,0,/temp/xp/modules/wem-api/src/main/java/com/enonic/wem/api/node/NodeName.java,7
xp,com.enonic.wem.api.node,FindNodeVersionsResult,10,0,14,12,64,14,0,0,0.2857142857142857,5,2,/temp/xp/modules/wem-api/src/main/java/com/enonic/wem/api/node/FindNodeVersionsResult.java,3
xp,com.enonic.wem.api.node,Builder,5,0,7,6,32,7,0,0,1.0,0,3,/temp/xp/modules/wem-api/src/main/java/com/enonic/wem/api/node/FindNodeVersionsResult.java,54
xp,com.enonic.wem.api.node,ReorderChildNodeParams,4,0,8,6,34,8,0,0,0.5,4,2,/temp/xp/modules/wem-api/src/main/java/com/enonic/wem/api/node/ReorderChildNodeParams.java,3
xp,com.enonic.wem.api.node,Builder,2,0,4,3,17,4,0,0,1.0,0,3,/temp/xp/modules/wem-api/src/main/java/com/enonic/wem/api/node/ReorderChildNodeParams.java,32
xp,com.enonic.wem.api.node,NodePath,2,1,21,16,88,24,0,0,0.8095238095238095,99,3,/temp/xp/modules/wem-api/src/main/java/com/enonic/wem/api/node/NodePath.java,11
xp,com.enonic.wem.api.node,Element,0,0,1,1,5,1,0,0,-1.0,2,0,/temp/xp/modules/wem-api/src/main/java/com/enonic/wem/api/node/NodePath.java,122
xp,com.enonic.wem.api.node,Builder,0,0,5,4,16,5,0,0,-1.0,0,2,/temp/xp/modules/wem-api/src/main/java/com/enonic/wem/api/node/NodePath.java,131
xp,com.enonic.wem.api.node,AttachmentPropertyNames,5,5,0,0,7,0,0,0,-1.0,2,0,/temp/xp/modules/wem-api/src/main/java/com/enonic/wem/api/node/AttachmentPropertyNames.java,3
xp,com.enonic.wem.api.node,BinaryAttachment,2,0,3,3,14,3,0,0,0.0,3,1,/temp/xp/modules/wem-api/src/main/java/com/enonic/wem/api/node/BinaryAttachment.java,7
xp,com.enonic.wem.api.node,Attachment,8,0,13,12,81,19,0,0,0.23076923076923078,11,2,/temp/xp/modules/wem-api/src/main/java/com/enonic/wem/api/node/Attachment.java,6
xp,com.enonic.wem.api.node,Builder,4,0,5,5,25,5,0,0,1.0,0,3,/temp/xp/modules/wem-api/src/main/java/com/enonic/wem/api/node/Attachment.java,49
xp,com.enonic.wem.api.node,NoNodeFoundException,0,0,1,0,5,1,2,0,-1.0,0,0,/temp/xp/modules/wem-api/src/main/java/com/enonic/wem/api/node/NoNodeFoundException.java,4
xp,com.enonic.wem.api.node,EditableNode,9,8,2,2,34,2,0,0,0.0,5,7,/temp/xp/modules/wem-api/src/main/java/com/enonic/wem/api/node/EditableNode.java,9
xp,com.enonic.wem.api.node,AttachedBinary,2,0,5,5,35,9,0,0,0.0,6,2,/temp/xp/modules/wem-api/src/main/java/com/enonic/wem/api/node/AttachedBinary.java,6
xp,com.enonic.wem.api.node,NodeVersion,2,0,6,6,44,12,0,0,0.0,11,1,/temp/xp/modules/wem-api/src/main/java/com/enonic/wem/api/node/NodeVersion.java,5
xp,com.enonic.wem.api.node,UpdateNodeParams,6,0,11,8,49,11,0,0,0.36363636363636365,17,5,/temp/xp/modules/wem-api/src/main/java/com/enonic/wem/api/node/UpdateNodeParams.java,12
xp,com.enonic.wem.api.node,Builder,3,0,6,4,27,6,0,0,0.6666666666666666,0,5,/temp/xp/modules/wem-api/src/main/java/com/enonic/wem/api/node/UpdateNodeParams.java,47
xp,com.enonic.wem.api.node,NodeComparison,2,0,5,5,35,9,0,0,0.0,7,2,/temp/xp/modules/wem-api/src/main/java/com/enonic/wem/api/node/NodeComparison.java,5
xp,com.enonic.wem.api.node,BinaryAttachments,0,0,4,3,20,6,0,0,-1.0,4,2,/temp/xp/modules/wem-api/src/main/java/com/enonic/wem/api/node/BinaryAttachments.java,11
xp,com.enonic.wem.api.node,Nodes,2,0,13,12,54,13,0,0,0.5384615384615384,28,7,/temp/xp/modules/wem-api/src/main/java/com/enonic/wem/api/node/Nodes.java,15
xp,com.enonic.wem.api.node,ToIdFunction,0,0,1,1,5,1,0,0,-1.0,1,2,/temp/xp/modules/wem-api/src/main/java/com/enonic/wem/api/node/Nodes.java,26
xp,com.enonic.wem.api.node,ToKeyFunction,0,0,1,1,5,1,0,0,-1.0,1,2,/temp/xp/modules/wem-api/src/main/java/com/enonic/wem/api/node/Nodes.java,69
xp,com.enonic.wem.api.node,Builder,1,0,3,3,14,3,0,0,0.0,0,3,/temp/xp/modules/wem-api/src/main/java/com/enonic/wem/api/node/Nodes.java,84
xp,com.enonic.wem.api.node,NodeType,2,1,5,4,29,8,0,0,0.0,10,0,/temp/xp/modules/wem-api/src/main/java/com/enonic/wem/api/node/NodeType.java,3
xp,com.enonic.wem.api.node,AttachedBinaries,1,0,10,7,42,12,0,0,0.8,12,3,/temp/xp/modules/wem-api/src/main/java/com/enonic/wem/api/node/AttachedBinaries.java,12
xp,com.enonic.wem.api.node,Builder,1,0,3,3,13,3,0,0,0.6666666666666666,0,3,/temp/xp/modules/wem-api/src/main/java/com/enonic/wem/api/node/AttachedBinaries.java,59
xp,com.enonic.wem.api.node,RenameNodeParams,4,0,9,6,39,9,0,0,0.4444444444444444,9,3,/temp/xp/modules/wem-api/src/main/java/com/enonic/wem/api/node/RenameNodeParams.java,5
xp,com.enonic.wem.api.node,Builder,2,0,5,3,22,5,0,0,0.6,0,4,/temp/xp/modules/wem-api/src/main/java/com/enonic/wem/api/node/RenameNodeParams.java,32
xp,com.enonic.wem.api.node,NodeId,1,0,7,6,33,9,0,0,0.42857142857142855,120,0,/temp/xp/modules/wem-api/src/main/java/com/enonic/wem/api/node/NodeId.java,9
xp,com.enonic.wem.api.node,NoNodeWithIdFoundException,1,0,2,2,10,2,0,1,0.0,0,1,/temp/xp/modules/wem-api/src/main/java/com/enonic/wem/api/node/NoNodeWithIdFoundException.java,3
xp,com.enonic.wem.api.node,NodeNotFoundException,0,0,1,1,5,1,0,0,-1.0,0,0,/temp/xp/modules/wem-api/src/main/java/com/enonic/wem/api/node/NodeNotFoundException.java,5
xp,com.enonic.wem.api.node,NodeAlreadyExistException,1,0,2,2,10,2,0,0,0.0,0,1,/temp/xp/modules/wem-api/src/main/java/com/enonic/wem/api/node/NodeAlreadyExistException.java,4
xp,com.enonic.wem.api.node,CreateNodeParams,26,0,34,32,164,36,0,0,0.08823529411764706,52,13,/temp/xp/modules/wem-api/src/main/java/com/enonic/wem/api/node/CreateNodeParams.java,16
xp,com.enonic.wem.api.node,Builder,13,0,15,14,73,15,0,0,0.9333333333333333,0,12,/temp/xp/modules/wem-api/src/main/java/com/enonic/wem/api/node/CreateNodeParams.java,150
xp,com.enonic.wem.api.node,FindNodesByParentResult,6,0,11,9,47,11,0,0,0.36363636363636365,16,2,/temp/xp/modules/wem-api/src/main/java/com/enonic/wem/api/node/FindNodesByParentResult.java,3
xp,com.enonic.wem.api.node,Builder,3,0,5,4,22,5,0,0,1.0,0,3,/temp/xp/modules/wem-api/src/main/java/com/enonic/wem/api/node/FindNodesByParentResult.java,43
xp,com.enonic.wem.api.node,Attachments,2,0,12,11,48,12,0,0,0.5833333333333334,14,3,/temp/xp/modules/wem-api/src/main/java/com/enonic/wem/api/node/Attachments.java,13
xp,com.enonic.wem.api.node,ToNameFunction,0,0,1,1,5,1,0,0,-1.0,1,1,/temp/xp/modules/wem-api/src/main/java/com/enonic/wem/api/node/Attachments.java,56
xp,com.enonic.wem.api.node,Builder,1,0,3,3,14,3,0,0,0.0,0,3,/temp/xp/modules/wem-api/src/main/java/com/enonic/wem/api/node/Attachments.java,71
xp,com.enonic.wem.api.node,ReorderChildNodesResult,2,0,6,4,24,6,0,0,0.6666666666666666,4,3,/temp/xp/modules/wem-api/src/main/java/com/enonic/wem/api/node/ReorderChildNodesResult.java,3
xp,com.enonic.wem.api.node,Builder,1,0,3,2,12,3,0,0,1.0,0,4,/temp/xp/modules/wem-api/src/main/java/com/enonic/wem/api/node/ReorderChildNodesResult.java,22
xp,com.enonic.wem.api.node,NodeVersionId,0,0,3,2,11,3,0,0,-1.0,32,1,/temp/xp/modules/wem-api/src/main/java/com/enonic/wem/api/node/NodeVersionId.java,6
xp,com.enonic.wem.api.node,NodePaths,1,0,12,9,51,13,0,0,0.9166666666666666,14,3,/temp/xp/modules/wem-api/src/main/java/com/enonic/wem/api/node/NodePaths.java,14
xp,com.enonic.wem.api.node,ParseFunction,0,0,1,1,5,1,0,0,-1.0,2,1,/temp/xp/modules/wem-api/src/main/java/com/enonic/wem/api/node/NodePaths.java,72
xp,com.enonic.wem.api.node,Builder,1,0,2,2,10,2,0,0,1.0,0,3,/temp/xp/modules/wem-api/src/main/java/com/enonic/wem/api/node/NodePaths.java,82
xp,com.enonic.wem.api.node,NodeIds,1,0,12,9,51,13,0,0,0.9166666666666666,24,3,/temp/xp/modules/wem-api/src/main/java/com/enonic/wem/api/node/NodeIds.java,14
xp,com.enonic.wem.api.node,ParseFunction,0,0,1,1,5,1,0,0,-1.0,0,1,/temp/xp/modules/wem-api/src/main/java/com/enonic/wem/api/node/NodeIds.java,73
xp,com.enonic.wem.api.node,Builder,1,0,2,2,10,2,0,0,1.0,0,3,/temp/xp/modules/wem-api/src/main/java/com/enonic/wem/api/node/NodeIds.java,83
xp,com.enonic.wem.api.node,NodeVersionIds,1,0,6,6,24,6,0,0,0.6666666666666666,9,2,/temp/xp/modules/wem-api/src/main/java/com/enonic/wem/api/node/NodeVersionIds.java,10
xp,com.enonic.wem.api.node,Builder,1,0,2,2,10,2,0,0,0.0,0,3,/temp/xp/modules/wem-api/src/main/java/com/enonic/wem/api/node/NodeVersionIds.java,34
xp,com.enonic.wem.api.node,NodeService,0,0,23,0,25,23,0,0,-1.0,22,26,/temp/xp/modules/wem-api/src/main/java/com/enonic/wem/api/node/NodeService.java,8
xp,com.enonic.wem.api.node,Node,35,0,52,51,264,55,0,0,0.09615384615384616,100,14,/temp/xp/modules/wem-api/src/main/java/com/enonic/wem/api/node/Node.java,16
xp,com.enonic.wem.api.node,Builder,17,0,24,24,127,24,0,0,0.125,0,13,/temp/xp/modules/wem-api/src/main/java/com/enonic/wem/api/node/Node.java,217
xp,com.enonic.wem.api.node,FindNodesByQueryResult,8,0,12,10,54,12,0,0,0.3333333333333333,9,3,/temp/xp/modules/wem-api/src/main/java/com/enonic/wem/api/node/FindNodesByQueryResult.java,5
xp,com.enonic.wem.api.node,Builder,4,0,6,5,27,6,0,0,1.0,0,4,/temp/xp/modules/wem-api/src/main/java/com/enonic/wem/api/node/FindNodesByQueryResult.java,48
xp,com.enonic.wem.api.node,InsertManualStrategy,0,0,0,0,1,0,0,0,-1.0,8,0,/temp/xp/modules/wem-api/src/main/java/com/enonic/wem/api/node/InsertManualStrategy.java,3
xp,com.enonic.wem.api.node,NoNodeAtPathFoundException,1,0,2,2,10,2,0,1,0.0,0,1,/temp/xp/modules/wem-api/src/main/java/com/enonic/wem/api/node/NoNodeAtPathFoundException.java,4
xp,com.enonic.wem.api.node,SetNodeChildOrderParams,4,0,8,6,34,8,0,0,0.5,5,3,/temp/xp/modules/wem-api/src/main/java/com/enonic/wem/api/node/SetNodeChildOrderParams.java,5
xp,com.enonic.wem.api.node,Builder,2,0,4,3,17,4,0,0,1.0,0,4,/temp/xp/modules/wem-api/src/main/java/com/enonic/wem/api/node/SetNodeChildOrderParams.java,33
xp,com.enonic.wem.api.exception,SystemExceptionTest,0,0,1,1,10,1,0,0,-1.0,0,1,/temp/xp/modules/wem-api/src/test/java/com/enonic/wem/api/exception/SystemExceptionTest.java,7
xp,com.enonic.wem.api.exception,SystemException,0,0,2,2,8,2,0,1,-1.0,1,0,/temp/xp/modules/wem-api/src/main/java/com/enonic/wem/api/exception/SystemException.java,3
xp,com.enonic.wem.api.exception,BaseException,0,0,4,4,14,4,2,0,-1.0,0,0,/temp/xp/modules/wem-api/src/main/java/com/enonic/wem/api/exception/BaseException.java,5
xp,com.enonic.wem.api.exception,NotFoundException,0,0,4,4,14,4,0,1,-1.0,0,0,/temp/xp/modules/wem-api/src/main/java/com/enonic/wem/api/exception/NotFoundException.java,4
xp,com.acme,DummyCustomInputType2,0,0,3,3,10,3,0,0,-1.0,0,1,/temp/xp/modules/wem-api/src/test/java/com/acme/DummyCustomInputType2.java,10
xp,com.acme,DummyCustomInputType,0,0,3,3,10,3,0,0,-1.0,1,1,/temp/xp/modules/wem-api/src/test/java/com/acme/DummyCustomInputType.java,10
xp,com.enonic.wem.api.schema,BaseSchema,16,0,20,17,102,20,0,0,0.15,1,3,/temp/xp/modules/wem-api/src/main/java/com/enonic/wem/api/schema/BaseSchema.java,12
xp,com.enonic.wem.api.schema,Builder,8,0,11,9,58,11,0,0,0.18181818181818182,1,3,/temp/xp/modules/wem-api/src/main/java/com/enonic/wem/api/schema/BaseSchema.java,82
xp,com.enonic.wem.api.schema.metadata,GetMetadataSchemaParams,2,0,9,9,41,11,0,0,0.2222222222222222,5,1,/temp/xp/modules/wem-api/src/main/java/com/enonic/wem/api/schema/metadata/GetMetadataSchemaParams.java,6
xp,com.enonic.wem.api.schema.metadata,MetadataSchema,4,0,13,12,55,13,0,0,0.6153846153846154,16,3,/temp/xp/modules/wem-api/src/main/java/com/enonic/wem/api/schema/metadata/MetadataSchema.java,6
xp,com.enonic.wem.api.schema.metadata,Builder,2,0,7,7,31,7,0,0,0.7142857142857143,3,3,/temp/xp/modules/wem-api/src/main/java/com/enonic/wem/api/schema/metadata/MetadataSchema.java,45
xp,com.enonic.wem.api.schema.metadata,MetadataSchemaNotFoundException,0,0,2,2,8,2,0,0,-1.0,0,2,/temp/xp/modules/wem-api/src/main/java/com/enonic/wem/api/schema/metadata/MetadataSchemaNotFoundException.java,9
xp,com.enonic.wem.api.schema.metadata,MetadataSchemaNames,0,0,16,12,61,16,0,0,-1.0,7,2,/temp/xp/modules/wem-api/src/main/java/com/enonic/wem/api/schema/metadata/MetadataSchemaNames.java,14
xp,com.enonic.wem.api.schema.metadata,ParseFunction,0,0,1,1,5,1,0,0,-1.0,1,1,/temp/xp/modules/wem-api/src/main/java/com/enonic/wem/api/schema/metadata/MetadataSchemaNames.java,102
xp,com.enonic.wem.api.schema.metadata,MetadataSchemaService,0,0,4,0,6,4,0,0,-1.0,3,5,/temp/xp/modules/wem-api/src/main/java/com/enonic/wem/api/schema/metadata/MetadataSchemaService.java,5
xp,com.enonic.wem.api.schema.metadata,MetadataProvider,0,0,0,0,2,0,0,0,-1.0,0,0,/temp/xp/modules/wem-api/src/main/java/com/enonic/wem/api/schema/metadata/MetadataProvider.java,5
xp,com.enonic.wem.api.schema.metadata,MetadataSchemaName,0,0,3,2,13,3,0,0,-1.0,26,1,/temp/xp/modules/wem-api/src/main/java/com/enonic/wem/api/schema/metadata/MetadataSchemaName.java,8
xp,com.enonic.wem.api.schema.metadata,MetadataRegistry,0,0,3,0,5,3,0,0,-1.0,1,4,/temp/xp/modules/wem-api/src/main/java/com/enonic/wem/api/schema/metadata/MetadataRegistry.java,5
xp,com.enonic.wem.api.schema.metadata,MetadataSchemas,2,0,11,10,45,11,0,0,0.8181818181818182,9,4,/temp/xp/modules/wem-api/src/main/java/com/enonic/wem/api/schema/metadata/MetadataSchemas.java,15
xp,com.enonic.wem.api.schema.metadata,ToNameFunction,0,0,1,1,5,1,0,0,-1.0,1,2,/temp/xp/modules/wem-api/src/main/java/com/enonic/wem/api/schema/metadata/MetadataSchemas.java,58
xp,com.enonic.wem.api.schema.metadata,Builder,1,0,2,2,10,2,0,0,0.0,0,3,/temp/xp/modules/wem-api/src/main/java/com/enonic/wem/api/schema/metadata/MetadataSchemas.java,73
xp,com.enonic.wem.api.schema.metadata,GetMetadataSchemasParams,1,0,5,5,26,7,0,0,0.0,3,1,/temp/xp/modules/wem-api/src/main/java/com/enonic/wem/api/schema/metadata/GetMetadataSchemasParams.java,6
xp,com.enonic.wem.api.aggregation,Bucket,2,0,3,3,14,3,1,0,0.0,4,0,/temp/xp/modules/wem-api/src/main/java/com/enonic/wem/api/aggregation/Bucket.java,3
xp,com.enonic.wem.api.aggregation,BucketAggregation,2,0,5,4,23,5,0,1,0.6,8,3,/temp/xp/modules/wem-api/src/main/java/com/enonic/wem/api/aggregation/BucketAggregation.java,3
xp,com.enonic.wem.api.aggregation,Builder,1,0,3,3,13,3,0,1,1.0,6,3,/temp/xp/modules/wem-api/src/main/java/com/enonic/wem/api/aggregation/BucketAggregation.java,19
xp,com.enonic.wem.api.aggregation,Buckets,1,0,4,4,18,4,0,0,0.5,4,2,/temp/xp/modules/wem-api/src/main/java/com/enonic/wem/api/aggregation/Buckets.java,10
xp,com.enonic.wem.api.aggregation,Builder,1,0,2,2,10,2,0,0,0.0,0,3,/temp/xp/modules/wem-api/src/main/java/com/enonic/wem/api/aggregation/Buckets.java,23
xp,com.enonic.wem.api.aggregation,DateRangeBucket,2,0,5,5,19,5,0,1,0.6,2,0,/temp/xp/modules/wem-api/src/main/java/com/enonic/wem/api/aggregation/DateRangeBucket.java,5
xp,com.enonic.wem.api.aggregation,Aggregation,2,0,4,4,18,4,2,0,0.0,6,2,/temp/xp/modules/wem-api/src/main/java/com/enonic/wem/api/aggregation/Aggregation.java,3
xp,com.enonic.wem.api.aggregation,Builder,1,0,1,1,6,1,0,0,0.0,0,0,/temp/xp/modules/wem-api/src/main/java/com/enonic/wem/api/aggregation/Aggregation.java,23
xp,com.enonic.wem.api.aggregation,Aggregations,1,0,6,6,32,8,0,0,0.8333333333333334,17,2,/temp/xp/modules/wem-api/src/main/java/com/enonic/wem/api/aggregation/Aggregations.java,11
xp,com.enonic.wem.api.aggregation,Builder,1,0,2,2,10,2,0,0,0.0,0,3,/temp/xp/modules/wem-api/src/main/java/com/enonic/wem/api/aggregation/Aggregations.java,49
xp,com.enonic.wem.api.home,HomeDir,2,0,6,3,33,9,0,0,0.3333333333333333,3,0,/temp/xp/modules/wem-api/src/main/java/com/enonic/wem/api/home/HomeDir.java,5
xp,com.enonic.wem.api.event,FilteredEventListener,0,0,1,0,3,1,0,0,-1.0,1,0,/temp/xp/modules/wem-api/src/main/java/com/enonic/wem/api/event/FilteredEventListener.java,3
xp,com.enonic.wem.api.event,EventPublisher,0,0,1,0,3,1,0,0,-1.0,5,1,/temp/xp/modules/wem-api/src/main/java/com/enonic/wem/api/event/EventPublisher.java,3
xp,com.enonic.wem.api.event,EventListener,0,0,1,0,3,1,1,0,-1.0,2,1,/temp/xp/modules/wem-api/src/main/java/com/enonic/wem/api/event/EventListener.java,3
xp,com.enonic.wem.api.event,Event,0,0,0,0,2,0,0,0,-1.0,8,0,/temp/xp/modules/wem-api/src/main/java/com/enonic/wem/api/event/Event.java,3
xp,com.enonic.wem.api.event,EventFilter,2,0,3,2,16,4,0,1,0.0,1,2,/temp/xp/modules/wem-api/src/main/java/com/enonic/wem/api/event/EventFilter.java,3
xp,com.enonic.wem.api.mock.memory,MemoryBlob,2,0,6,6,34,6,0,0,0.0,1,3,/temp/xp/modules/wem-api/src/main/java/com/enonic/wem/api/mock/memory/MemoryBlob.java,14
xp,com.enonic.wem.api.mock.memory,MockBlobService,1,0,4,4,22,4,0,0,0.0,0,2,/temp/xp/modules/wem-api/src/main/java/com/enonic/wem/api/mock/memory/MockBlobService.java,15
xp,com.enonic.wem.api.xml.model,XmlDataProperty,3,0,6,6,23,6,0,0,0.0,0,1,/temp/xp/modules/wem-api/src/main/java/com/enonic/wem/api/xml/model/XmlDataProperty.java,9
xp,com.enonic.wem.api.xml.model,XmlPartComponent,4,0,8,8,30,8,0,0,0.5,0,0,/temp/xp/modules/wem-api/src/main/java/com/enonic/wem/api/xml/model/XmlPartComponent.java,9
xp,com.enonic.wem.api.xml.model,XmlPageRegion,2,0,3,3,13,3,0,0,0.6666666666666666,0,0,/temp/xp/modules/wem-api/src/main/java/com/enonic/wem/api/xml/model/XmlPageRegion.java,13
xp,com.enonic.wem.api.xml.model,XmlDataPropertyType,1,0,2,1,8,2,0,0,0.0,1,0,/temp/xp/modules/wem-api/src/main/java/com/enonic/wem/api/xml/model/XmlDataPropertyType.java,7
xp,com.enonic.wem.api.xml.model,XmlFieldSet,2,0,4,4,16,4,0,1,0.5,1,1,/temp/xp/modules/wem-api/src/main/java/com/enonic/wem/api/xml/model/XmlFieldSet.java,8
xp,com.enonic.wem.api.xml.model,XmlPartDescriptor,2,0,4,4,16,4,0,0,0.5,3,1,/temp/xp/modules/wem-api/src/main/java/com/enonic/wem/api/xml/model/XmlPartDescriptor.java,9
xp,com.enonic.wem.api.xml.model,XmlContentType,9,0,18,18,65,18,0,0,0.5,4,1,/temp/xp/modules/wem-api/src/main/java/com/enonic/wem/api/xml/model/XmlContentType.java,9
xp,com.enonic.wem.api.xml.model,XmlMetadataSchema,2,0,4,4,16,4,0,0,0.5,2,1,/temp/xp/modules/wem-api/src/main/java/com/enonic/wem/api/xml/model/XmlMetadataSchema.java,10
xp,com.enonic.wem.api.xml.model,XmlModule,7,0,14,14,51,14,0,0,0.5,2,3,/temp/xp/modules/wem-api/src/main/java/com/enonic/wem/api/xml/model/XmlModule.java,9
xp,com.enonic.wem.api.xml.model,XmlVendor,2,0,4,4,16,4,0,0,0.5,2,0,/temp/xp/modules/wem-api/src/main/java/com/enonic/wem/api/xml/model/XmlVendor.java,8
xp,com.enonic.wem.api.xml.model,XmlInput,9,0,18,18,65,18,0,1,0.5,1,1,/temp/xp/modules/wem-api/src/main/java/com/enonic/wem/api/xml/model/XmlInput.java,9
xp,com.enonic.wem.api.xml.model,XmlImageDescriptor,2,0,4,4,16,4,0,0,0.5,0,1,/temp/xp/modules/wem-api/src/main/java/com/enonic/wem/api/xml/model/XmlImageDescriptor.java,9
xp,com.enonic.wem.api.xml.model,XmlDataSet,2,0,3,3,13,3,0,0,0.6666666666666666,0,0,/temp/xp/modules/wem-api/src/main/java/com/enonic/wem/api/xml/model/XmlDataSet.java,14
xp,com.enonic.wem.api.xml.model,XmlPageRegions,1,0,1,1,6,1,0,0,0.0,0,0,/temp/xp/modules/wem-api/src/main/java/com/enonic/wem/api/xml/model/XmlPageRegions.java,12
xp,com.enonic.wem.api.xml.model,XmlPageDescriptor,3,0,6,6,23,6,0,0,0.5,4,1,/temp/xp/modules/wem-api/src/main/java/com/enonic/wem/api/xml/model/XmlPageDescriptor.java,14
xp,com.enonic.wem.api.xml.model,XmlMixin,3,0,6,6,23,6,0,0,0.5,3,1,/temp/xp/modules/wem-api/src/main/java/com/enonic/wem/api/xml/model/XmlMixin.java,9
xp,com.enonic.wem.api.xml.model,XmlRelationshipType,5,0,10,10,37,10,0,0,0.5,4,0,/temp/xp/modules/wem-api/src/main/java/com/enonic/wem/api/xml/model/XmlRelationshipType.java,12
xp,com.enonic.wem.api.xml.model,XmlLayoutDescriptor,3,0,6,6,23,6,0,0,0.5,3,1,/temp/xp/modules/wem-api/src/main/java/com/enonic/wem/api/xml/model/XmlLayoutDescriptor.java,14
xp,com.enonic.wem.api.xml.model,XmlFormItem,1,0,2,2,9,2,4,0,0.0,1,0,/temp/xp/modules/wem-api/src/main/java/com/enonic/wem/api/xml/model/XmlFormItem.java,8
xp,com.enonic.wem.api.xml.model,XmlFormItemSet,6,0,12,12,44,12,0,1,0.5,1,2,/temp/xp/modules/wem-api/src/main/java/com/enonic/wem/api/xml/model/XmlFormItemSet.java,8
xp,com.enonic.wem.api.xml.model,XmlMetadataSchemas,1,0,1,1,6,1,0,0,0.0,1,0,/temp/xp/modules/wem-api/src/main/java/com/enonic/wem/api/xml/model/XmlMetadataSchemas.java,12
xp,com.enonic.wem.api.xml.model,XmlOccurrence,2,0,4,4,16,4,0,0,0.5,3,0,/temp/xp/modules/wem-api/src/main/java/com/enonic/wem/api/xml/model/XmlOccurrence.java,8
xp,com.enonic.wem.api.xml.model,XmlRegionDescriptor,1,0,2,2,9,2,0,0,0.0,1,0,/temp/xp/modules/wem-api/src/main/java/com/enonic/wem/api/xml/model/XmlRegionDescriptor.java,8
xp,com.enonic.wem.api.xml.model,XmlMixinReference,1,0,2,2,9,2,0,1,0.0,1,0,/temp/xp/modules/wem-api/src/main/java/com/enonic/wem/api/xml/model/XmlMixinReference.java,8
xp,com.enonic.wem.api.xml.model,XmlForm,0,0,0,0,2,0,0,1,-1.0,8,0,/temp/xp/modules/wem-api/src/main/java/com/enonic/wem/api/xml/model/XmlForm.java,7
xp,com.enonic.wem.api.xml.model,XmlFormItems,1,0,1,1,6,1,1,0,0.0,5,0,/temp/xp/modules/wem-api/src/main/java/com/enonic/wem/api/xml/model/XmlFormItems.java,13
xp,com.enonic.wem.api.xml.mapper,XmlPartDescriptorMapper,0,0,2,2,12,2,0,0,-1.0,2,3,/temp/xp/modules/wem-api/src/main/java/com/enonic/wem/api/xml/mapper/XmlPartDescriptorMapper.java,7
xp,com.enonic.wem.api.xml.mapper,XmlMetadataSchemaMapper,0,0,2,2,12,2,0,0,-1.0,1,3,/temp/xp/modules/wem-api/src/main/java/com/enonic/wem/api/xml/mapper/XmlMetadataSchemaMapper.java,6
xp,com.enonic.wem.api.xml.mapper,XmlRelationshipTypeMapper,0,0,3,2,29,6,0,0,-1.0,3,4,/temp/xp/modules/wem-api/src/main/java/com/enonic/wem/api/xml/mapper/XmlRelationshipTypeMapper.java,12
xp,com.enonic.wem.api.xml.mapper,XmlMixinMapper,0,0,2,2,16,2,0,0,-1.0,2,4,/temp/xp/modules/wem-api/src/main/java/com/enonic/wem/api/xml/mapper/XmlMixinMapper.java,7
xp,com.enonic.wem.api.xml.mapper,XmlPageDescriptorMapper,0,0,2,2,14,2,0,0,-1.0,3,4,/temp/xp/modules/wem-api/src/main/java/com/enonic/wem/api/xml/mapper/XmlPageDescriptorMapper.java,6
xp,com.enonic.wem.api.xml.mapper,XmlLayoutDescriptorMapper,0,0,2,2,14,2,0,0,-1.0,2,4,/temp/xp/modules/wem-api/src/main/java/com/enonic/wem/api/xml/mapper/XmlLayoutDescriptorMapper.java,6
xp,com.enonic.wem.api.xml.mapper,XmlRegionDescriptorMapper,0,0,4,0,28,7,0,0,-1.0,2,3,/temp/xp/modules/wem-api/src/main/java/com/enonic/wem/api/xml/mapper/XmlRegionDescriptorMapper.java,11
xp,com.enonic.wem.api.xml.mapper,XmlContentTypeMapper,0,0,2,2,26,2,0,0,-1.0,3,4,/temp/xp/modules/wem-api/src/main/java/com/enonic/wem/api/xml/mapper/XmlContentTypeMapper.java,7
xp,com.enonic.wem.api.xml.mapper,XmlFormMapper,0,0,19,5,168,32,0,0,-1.0,7,20,/temp/xp/modules/wem-api/src/main/java/com/enonic/wem/api/xml/mapper/XmlFormMapper.java,32
xp,com.enonic.wem.api.export,ExportNodeException,0,0,3,3,11,3,0,0,-1.0,0,0,/temp/xp/modules/wem-api/src/main/java/com/enonic/wem/api/export/ExportNodeException.java,3
xp,com.enonic.wem.api.export,NodeExportResult,2,0,7,5,27,7,0,0,0.5714285714285714,5,3,/temp/xp/modules/wem-api/src/main/java/com/enonic/wem/api/export/NodeExportResult.java,10
xp,com.enonic.wem.api.export,Builder,1,0,3,2,12,3,0,0,1.0,3,2,/temp/xp/modules/wem-api/src/main/java/com/enonic/wem/api/export/NodeExportResult.java,36
xp,com.enonic.wem.api.export,ExportService,0,0,2,2,4,2,0,0,-1.0,1,3,/temp/xp/modules/wem-api/src/main/java/com/enonic/wem/api/export/ExportService.java,5
xp,com.enonic.wem.api.export,NodeImportResult,2,1,6,4,24,6,0,0,0.6666666666666666,5,3,/temp/xp/modules/wem-api/src/main/java/com/enonic/wem/api/export/NodeImportResult.java,6
xp,com.enonic.wem.api.export,Builder,1,0,3,2,12,3,0,0,1.0,0,4,/temp/xp/modules/wem-api/src/main/java/com/enonic/wem/api/export/NodeImportResult.java,25
xp,com.enonic.wem.api.export,ImportNodeException,0,0,3,3,11,3,0,0,-1.0,0,0,/temp/xp/modules/wem-api/src/main/java/com/enonic/wem/api/export/ImportNodeException.java,3
xp,com.enonic.wem.api.repository,Repository,2,0,8,6,40,11,0,0,0.5,16,2,/temp/xp/modules/wem-api/src/main/java/com/enonic/wem/api/repository/Repository.java,3
xp,com.enonic.wem.api.repository,Builder,1,0,3,2,12,3,0,0,1.0,1,2,/temp/xp/modules/wem-api/src/main/java/com/enonic/wem/api/repository/Repository.java,50
xp,com.enonic.wem.api.repository,RepositoryId,0,0,2,1,8,2,0,0,-1.0,18,0,/temp/xp/modules/wem-api/src/main/java/com/enonic/wem/api/repository/RepositoryId.java,5
xp,com.enonic.wem.api.initializer,DataInitializer,0,0,1,1,3,1,0,0,-1.0,0,0,/temp/xp/modules/wem-api/src/main/java/com/enonic/wem/api/initializer/DataInitializer.java,3
xp,com.enonic.wem.api.initializer,RepositoryInitializer,0,0,3,3,5,3,0,0,-1.0,1,1,/temp/xp/modules/wem-api/src/main/java/com/enonic/wem/api/initializer/RepositoryInitializer.java,5
xp,com.enonic.wem.api.support.export,InvalidZipFileException,0,0,1,1,5,1,0,0,-1.0,0,0,/temp/xp/modules/wem-api/src/main/java/com/enonic/wem/api/support/export/InvalidZipFileException.java,6
xp,com.enonic.wem.api.support.serializer,AbstractJsonSerializer,2,0,9,4,52,10,0,0,0.2222222222222222,0,2,/temp/xp/modules/wem-api/src/main/java/com/enonic/wem/api/support/serializer/AbstractJsonSerializer.java,12
xp,com.enonic.wem.api.support.serializer,JsonFactoryHolder,1,1,0,0,3,0,0,0,-1.0,2,0,/temp/xp/modules/wem-api/src/main/java/com/enonic/wem/api/support/serializer/JsonFactoryHolder.java,6
xp,com.enonic.wem.api.support.serializer,XmlParsingException,0,0,2,2,8,2,0,1,-1.0,0,0,/temp/xp/modules/wem-api/src/main/java/com/enonic/wem/api/support/serializer/XmlParsingException.java,4
xp,com.enonic.wem.api.support.serializer,SerializingException,0,0,2,0,8,2,2,0,-1.0,0,0,/temp/xp/modules/wem-api/src/main/java/com/enonic/wem/api/support/serializer/SerializingException.java,4
xp,com.enonic.wem.api.support.serializer,AbstractDataSetSerializer,0,0,2,2,4,2,0,0,-1.0,0,1,/temp/xp/modules/wem-api/src/main/java/com/enonic/wem/api/support/serializer/AbstractDataSetSerializer.java,5
xp,com.enonic.wem.api.support.serializer,AbstractDataListSerializer,0,0,2,2,4,2,0,0,-1.0,0,1,/temp/xp/modules/wem-api/src/main/java/com/enonic/wem/api/support/serializer/AbstractDataListSerializer.java,6
xp,com.enonic.wem.api.support.serializer,JsonSerializingException,0,0,2,2,8,2,0,1,-1.0,1,0,/temp/xp/modules/wem-api/src/main/java/com/enonic/wem/api/support/serializer/JsonSerializingException.java,4
xp,com.enonic.wem.api.support.serializer,JsonParsingException,0,0,2,2,8,2,0,1,-1.0,0,0,/temp/xp/modules/wem-api/src/main/java/com/enonic/wem/api/support/serializer/JsonParsingException.java,4
xp,com.enonic.wem.api.support.serializer,ParsingException,0,0,2,0,8,2,2,0,-1.0,0,0,/temp/xp/modules/wem-api/src/main/java/com/enonic/wem/api/support/serializer/ParsingException.java,4
xp,com.enonic.wem.api.support.serializer,JsonSerializerUtil,0,0,6,6,45,12,0,0,-1.0,6,1,/temp/xp/modules/wem-api/src/main/java/com/enonic/wem/api/support/serializer/JsonSerializerUtil.java,10
xp,com.enonic.wem.api.support.serializer,XmlSerializingException,0,0,1,1,5,1,0,1,-1.0,0,0,/temp/xp/modules/wem-api/src/main/java/com/enonic/wem/api/support/serializer/XmlSerializingException.java,4
xp,com.enonic.wem.api.content.page.layout,LayoutDescriptor,2,0,7,5,30,7,0,0,0.7142857142857143,14,4,/temp/xp/modules/wem-api/src/main/java/com/enonic/wem/api/content/page/layout/LayoutDescriptor.java,9
xp,com.enonic.wem.api.content.page.layout,Builder,1,0,3,2,12,3,0,0,1.0,6,2,/temp/xp/modules/wem-api/src/main/java/com/enonic/wem/api/content/page/layout/LayoutDescriptor.java,38
xp,com.enonic.wem.api.content.page.layout,LayoutDescriptors,3,0,13,11,53,13,0,0,0.6923076923076923,6,6,/temp/xp/modules/wem-api/src/main/java/com/enonic/wem/api/content/page/layout/LayoutDescriptors.java,14
xp,com.enonic.wem.api.content.page.layout,ToNameFunction,0,0,1,1,5,1,0,0,-1.0,1,1,/temp/xp/modules/wem-api/src/main/java/com/enonic/wem/api/content/page/layout/LayoutDescriptors.java,59
xp,com.enonic.wem.api.content.page.layout,ToKeyFunction,0,0,1,1,5,1,0,0,-1.0,1,2,/temp/xp/modules/wem-api/src/main/java/com/enonic/wem/api/content/page/layout/LayoutDescriptors.java,69
xp,com.enonic.wem.api.content.page.layout,Builder,1,0,3,2,12,3,0,0,0.6666666666666666,0,3,/temp/xp/modules/wem-api/src/main/java/com/enonic/wem/api/content/page/layout/LayoutDescriptors.java,84
xp,com.enonic.wem.api.content.page.layout,LayoutComponentDataSerializer,1,0,3,2,25,6,0,0,0.6666666666666666,1,5,/temp/xp/modules/wem-api/src/main/java/com/enonic/wem/api/content/page/layout/LayoutComponentDataSerializer.java,11
xp,com.enonic.wem.api.content.page.layout,LayoutDescriptorNotFoundException,0,0,1,1,5,1,0,0,-1.0,0,1,/temp/xp/modules/wem-api/src/main/java/com/enonic/wem/api/content/page/layout/LayoutDescriptorNotFoundException.java,6
xp,com.enonic.wem.api.content.page.layout,LayoutComponent,2,0,20,18,94,26,0,0,0.55,13,7,/temp/xp/modules/wem-api/src/main/java/com/enonic/wem/api/content/page/layout/LayoutComponent.java,14
xp,com.enonic.wem.api.content.page.layout,Builder,1,0,9,7,36,9,0,0,0.8888888888888888,0,6,/temp/xp/modules/wem-api/src/main/java/com/enonic/wem/api/content/page/layout/LayoutComponent.java,113
xp,com.enonic.wem.api.content.page.layout,LayoutDescriptorService,0,0,3,0,5,3,0,0,-1.0,5,5,/temp/xp/modules/wem-api/src/main/java/com/enonic/wem/api/content/page/layout/LayoutDescriptorService.java,6
xp,com.enonic.wem.api.content.page.layout,LayoutDescriptorKey,0,0,5,4,19,5,0,0,-1.0,19,4,/temp/xp/modules/wem-api/src/main/java/com/enonic/wem/api/content/page/layout/LayoutDescriptorKey.java,10
xp,com.enonic.wem.api.content.page.layout,LayoutRegions,0,0,7,4,24,7,0,0,-1.0,7,1,/temp/xp/modules/wem-api/src/main/java/com/enonic/wem/api/content/page/layout/LayoutRegions.java,6
xp,com.enonic.wem.api.content.page.layout,Builder,0,0,3,1,10,3,0,0,-1.0,0,1,/temp/xp/modules/wem-api/src/main/java/com/enonic/wem/api/content/page/layout/LayoutRegions.java,29
xp,com.enonic.wem.api.content.page.layout,LayoutComponentType,2,1,2,1,10,2,0,0,1.0,2,1,/temp/xp/modules/wem-api/src/main/java/com/enonic/wem/api/content/page/layout/LayoutComponentType.java,5
xp,com.enonic.wem.api.content.page.image,ImageComponentDataSerializer,0,0,2,2,23,6,0,0,-1.0,1,3,/temp/xp/modules/wem-api/src/main/java/com/enonic/wem/api/content/page/image/ImageComponentDataSerializer.java,8
xp,com.enonic.wem.api.content.page.image,ImageComponentType,2,1,2,1,10,2,0,0,1.0,2,1,/temp/xp/modules/wem-api/src/main/java/com/enonic/wem/api/content/page/image/ImageComponentType.java,5
xp,com.enonic.wem.api.content.page.image,ImageComponent,5,0,19,17,86,22,0,0,0.42105263157894735,6,5,/temp/xp/modules/wem-api/src/main/java/com/enonic/wem/api/content/page/image/ImageComponent.java,16
xp,com.enonic.wem.api.content.page.image,Builder,2,0,7,5,30,7,0,0,0.7142857142857143,1,4,/temp/xp/modules/wem-api/src/main/java/com/enonic/wem/api/content/page/image/ImageComponent.java,111
xp,com.enonic.wem.api.content.page.part,PartDescriptor,0,0,5,3,19,5,0,0,-1.0,13,3,/temp/xp/modules/wem-api/src/main/java/com/enonic/wem/api/content/page/part/PartDescriptor.java,7
xp,com.enonic.wem.api.content.page.part,Builder,0,0,2,1,7,2,0,0,-1.0,5,1,/temp/xp/modules/wem-api/src/main/java/com/enonic/wem/api/content/page/part/PartDescriptor.java,27
xp,com.enonic.wem.api.content.page.part,PartDescriptorKey,0,0,5,4,19,5,0,0,-1.0,20,4,/temp/xp/modules/wem-api/src/main/java/com/enonic/wem/api/content/page/part/PartDescriptorKey.java,10
xp,com.enonic.wem.api.content.page.part,PartDescriptorNotFoundException,0,0,1,1,5,1,0,0,-1.0,0,1,/temp/xp/modules/wem-api/src/main/java/com/enonic/wem/api/content/page/part/PartDescriptorNotFoundException.java,6
xp,com.enonic.wem.api.content.page.part,PartComponentType,2,1,2,1,10,2,0,0,1.0,2,1,/temp/xp/modules/wem-api/src/main/java/com/enonic/wem/api/content/page/part/PartComponentType.java,5
xp,com.enonic.wem.api.content.page.part,PartComponent,0,0,14,12,56,16,0,0,-1.0,12,5,/temp/xp/modules/wem-api/src/main/java/com/enonic/wem/api/content/page/part/PartComponent.java,11
xp,com.enonic.wem.api.content.page.part,Builder,0,0,8,6,30,8,0,0,-1.0,0,5,/temp/xp/modules/wem-api/src/main/java/com/enonic/wem/api/content/page/part/PartComponent.java,57
xp,com.enonic.wem.api.content.page.part,PartDescriptors,3,0,13,11,53,13,0,0,0.6923076923076923,5,6,/temp/xp/modules/wem-api/src/main/java/com/enonic/wem/api/content/page/part/PartDescriptors.java,14
xp,com.enonic.wem.api.content.page.part,ToNameFunction,0,0,1,1,5,1,0,0,-1.0,1,1,/temp/xp/modules/wem-api/src/main/java/com/enonic/wem/api/content/page/part/PartDescriptors.java,59
xp,com.enonic.wem.api.content.page.part,ToKeyFunction,0,0,1,1,5,1,0,0,-1.0,1,2,/temp/xp/modules/wem-api/src/main/java/com/enonic/wem/api/content/page/part/PartDescriptors.java,69
xp,com.enonic.wem.api.content.page.part,Builder,1,0,3,2,12,3,0,0,0.6666666666666666,0,3,/temp/xp/modules/wem-api/src/main/java/com/enonic/wem/api/content/page/part/PartDescriptors.java,84
xp,com.enonic.wem.api.content.page.part,PartComponentDataSerializer,0,0,3,2,14,3,0,0,-1.0,1,3,/temp/xp/modules/wem-api/src/main/java/com/enonic/wem/api/content/page/part/PartComponentDataSerializer.java,8
xp,com.enonic.wem.api.content.page.part,PartDescriptorService,0,0,3,0,5,3,0,0,-1.0,4,5,/temp/xp/modules/wem-api/src/main/java/com/enonic/wem/api/content/page/part/PartDescriptorService.java,6
xp,com.enonic.wem.api.content.thumb,Thumbnail,3,0,8,7,53,13,0,0,0.0,14,1,/temp/xp/modules/wem-api/src/main/java/com/enonic/wem/api/content/thumb/Thumbnail.java,8
xp,com.enonic.wem.api.content.query,ContentQueryHit,2,0,4,4,30,8,0,0,0.0,0,1,/temp/xp/modules/wem-api/src/main/java/com/enonic/wem/api/content/query/ContentQueryHit.java,5
xp,com.enonic.wem.api.content.query,ContentQueryResult,6,0,10,9,48,11,0,0,0.2,1,3,/temp/xp/modules/wem-api/src/main/java/com/enonic/wem/api/content/query/ContentQueryResult.java,12
xp,com.enonic.wem.api.content.query,Builder,3,0,4,4,19,4,0,0,1.0,3,3,/temp/xp/modules/wem-api/src/main/java/com/enonic/wem/api/content/query/ContentQueryResult.java,59
xp,com.enonic.wem.api.content.query,ContentQuery,13,1,16,16,77,16,0,0,0.1875,5,7,/temp/xp/modules/wem-api/src/main/java/com/enonic/wem/api/content/query/ContentQuery.java,15
xp,com.enonic.wem.api.content.query,Builder,6,0,8,8,39,8,0,0,0.875,0,8,/temp/xp/modules/wem-api/src/main/java/com/enonic/wem/api/content/query/ContentQuery.java,76
xp,com.enonic.wem.api.query.parser,StaticFunctions,0,0,4,1,20,6,0,0,-1.0,0,2,/temp/xp/modules/wem-api/src/main/java/com/enonic/wem/api/query/parser/StaticFunctions.java,8
xp,com.enonic.wem.api.query.parser,QueryGrammar,4,0,32,3,135,34,0,0,0.0,1,3,/temp/xp/modules/wem-api/src/main/java/com/enonic/wem/api/query/parser/QueryGrammar.java,26
xp,com.enonic.wem.api.query.parser,QueryParser,1,0,5,3,28,5,0,0,0.0,2,1,/temp/xp/modules/wem-api/src/main/java/com/enonic/wem/api/query/parser/QueryParser.java,11
xp,com.enonic.wem.api.query.parser,QueryMapper,0,0,16,16,54,16,0,0,-1.0,1,1,/temp/xp/modules/wem-api/src/main/java/com/enonic/wem/api/query/parser/QueryMapper.java,25
xp,com.enonic.wem.api.query,QueryException,0,0,1,1,5,1,0,0,-1.0,0,0,/temp/xp/modules/wem-api/src/main/java/com/enonic/wem/api/query/QueryException.java,3
xp,com.enonic.wem.api.query,FieldSort,2,0,3,3,14,3,0,0,0.0,0,1,/temp/xp/modules/wem-api/src/main/java/com/enonic/wem/api/query/FieldSort.java,3
xp,com.enonic.wem.api.query,Direction,0,0,0,0,1,0,0,0,-1.0,2,0,/temp/xp/modules/wem-api/src/main/java/com/enonic/wem/api/query/Direction.java,3
xp,com.enonic.wem.api.query.aggregation,DateHistogramAggregationQuery,2,0,6,5,26,6,0,2,0.6666666666666666,4,2,/temp/xp/modules/wem-api/src/main/java/com/enonic/wem/api/query/aggregation/DateHistogramAggregationQuery.java,3
xp,com.enonic.wem.api.query.aggregation,Builder,1,0,3,3,13,3,0,2,1.0,14,2,/temp/xp/modules/wem-api/src/main/java/com/enonic/wem/api/query/aggregation/DateHistogramAggregationQuery.java,24
xp,com.enonic.wem.api.query.aggregation,NumericRangeAggregationQuery,0,0,3,2,13,3,0,2,-1.0,3,2,/temp/xp/modules/wem-api/src/main/java/com/enonic/wem/api/query/aggregation/NumericRangeAggregationQuery.java,3
xp,com.enonic.wem.api.query.aggregation,Builder,0,0,2,2,8,2,0,2,-1.0,0,2,/temp/xp/modules/wem-api/src/main/java/com/enonic/wem/api/query/aggregation/NumericRangeAggregationQuery.java,12
xp,com.enonic.wem.api.query.aggregation,Range,2,0,5,4,22,5,4,0,0.6,4,3,/temp/xp/modules/wem-api/src/main/java/com/enonic/wem/api/query/aggregation/Range.java,3
xp,com.enonic.wem.api.query.aggregation,Builder,1,0,1,1,7,1,0,0,0.0,0,0,/temp/xp/modules/wem-api/src/main/java/com/enonic/wem/api/query/aggregation/Range.java,27
xp,com.enonic.wem.api.query.aggregation,AggregationQuery,2,0,5,4,22,5,6,0,0.0,11,1,/temp/xp/modules/wem-api/src/main/java/com/enonic/wem/api/query/aggregation/AggregationQuery.java,3
xp,com.enonic.wem.api.query.aggregation,Builder,1,0,2,2,10,2,0,0,0.0,0,0,/temp/xp/modules/wem-api/src/main/java/com/enonic/wem/api/query/aggregation/AggregationQuery.java,23
xp,com.enonic.wem.api.query.aggregation,HistogramAggregationQuery,6,0,11,10,50,11,0,2,0.36363636363636365,4,3,/temp/xp/modules/wem-api/src/main/java/com/enonic/wem/api/query/aggregation/HistogramAggregationQuery.java,3
xp,com.enonic.wem.api.query.aggregation,Builder,3,0,5,5,23,5,0,2,1.0,0,4,/temp/xp/modules/wem-api/src/main/java/com/enonic/wem/api/query/aggregation/HistogramAggregationQuery.java,45
xp,com.enonic.wem.api.query.aggregation,Order,0,0,0,0,1,0,0,0,-1.0,2,0,/temp/xp/modules/wem-api/src/main/java/com/enonic/wem/api/query/aggregation/HistogramAggregationQuery.java,84
xp,com.enonic.wem.api.query.aggregation,DateRangeAggregationQuery,0,0,3,2,13,3,0,2,-1.0,4,2,/temp/xp/modules/wem-api/src/main/java/com/enonic/wem/api/query/aggregation/DateRangeAggregationQuery.java,3
xp,com.enonic.wem.api.query.aggregation,Builder,0,0,2,2,8,2,0,2,-1.0,0,2,/temp/xp/modules/wem-api/src/main/java/com/enonic/wem/api/query/aggregation/DateRangeAggregationQuery.java,11
xp,com.enonic.wem.api.query.aggregation,AbstractRangeAggregationQuery,4,1,9,8,40,9,4,1,0.4444444444444444,5,4,/temp/xp/modules/wem-api/src/main/java/com/enonic/wem/api/query/aggregation/AbstractRangeAggregationQuery.java,8
xp,com.enonic.wem.api.query.aggregation,Builder,2,1,4,4,19,4,0,1,0.75,0,1,/temp/xp/modules/wem-api/src/main/java/com/enonic/wem/api/query/aggregation/AbstractRangeAggregationQuery.java,42
xp,com.enonic.wem.api.query.aggregation,DateRange,4,0,8,8,38,8,0,1,0.25,3,2,/temp/xp/modules/wem-api/src/main/java/com/enonic/wem/api/query/aggregation/DateRange.java,5
xp,com.enonic.wem.api.query.aggregation,Builder,2,0,5,5,23,5,0,1,0.6,0,3,/temp/xp/modules/wem-api/src/main/java/com/enonic/wem/api/query/aggregation/DateRange.java,29
xp,com.enonic.wem.api.query.aggregation,NumericRange,4,0,6,6,30,6,0,1,0.3333333333333333,2,2,/temp/xp/modules/wem-api/src/main/java/com/enonic/wem/api/query/aggregation/NumericRange.java,3
xp,com.enonic.wem.api.query.aggregation,Builder,2,0,3,3,15,3,0,1,1.0,0,3,/temp/xp/modules/wem-api/src/main/java/com/enonic/wem/api/query/aggregation/NumericRange.java,27
xp,com.enonic.wem.api.query.aggregation,AbstractHistogramAggregationQuery,6,0,8,7,40,8,4,1,0.25,5,2,/temp/xp/modules/wem-api/src/main/java/com/enonic/wem/api/query/aggregation/AbstractHistogramAggregationQuery.java,3
xp,com.enonic.wem.api.query.aggregation,Builder,3,0,4,4,20,4,0,1,1.0,0,1,/temp/xp/modules/wem-api/src/main/java/com/enonic/wem/api/query/aggregation/AbstractHistogramAggregationQuery.java,35
xp,com.enonic.wem.api.query.aggregation,TermsAggregationQuery,9,1,11,11,56,11,0,1,0.2727272727272727,5,4,/temp/xp/modules/wem-api/src/main/java/com/enonic/wem/api/query/aggregation/TermsAggregationQuery.java,3
xp,com.enonic.wem.api.query.aggregation,Builder,4,0,6,6,28,6,0,1,1.0,0,5,/temp/xp/modules/wem-api/src/main/java/com/enonic/wem/api/query/aggregation/TermsAggregationQuery.java,45
xp,com.enonic.wem.api.query.aggregation,Direction,0,0,0,0,1,0,0,0,-1.0,2,0,/temp/xp/modules/wem-api/src/main/java/com/enonic/wem/api/query/aggregation/TermsAggregationQuery.java,93
xp,com.enonic.wem.api.query.aggregation,Type,0,0,0,0,1,0,0,0,-1.0,2,0,/temp/xp/modules/wem-api/src/main/java/com/enonic/wem/api/query/aggregation/TermsAggregationQuery.java,99
xp,com.enonic.wem.api.query.expr,DynamicConstraintExpr,1,0,3,3,12,3,0,2,0.0,1,1,/temp/xp/modules/wem-api/src/main/java/com/enonic/wem/api/query/expr/DynamicConstraintExpr.java,3
xp,com.enonic.wem.api.query.expr,OrderExpr,1,0,5,5,27,8,2,1,0.4,18,1,/temp/xp/modules/wem-api/src/main/java/com/enonic/wem/api/query/expr/OrderExpr.java,3
xp,com.enonic.wem.api.query.expr,Direction,0,0,0,0,1,0,0,0,-1.0,3,0,/temp/xp/modules/wem-api/src/main/java/com/enonic/wem/api/query/expr/OrderExpr.java,6
xp,com.enonic.wem.api.query.expr,QueryExpr,2,0,6,6,45,11,0,1,0.0,10,2,/temp/xp/modules/wem-api/src/main/java/com/enonic/wem/api/query/expr/QueryExpr.java,9
xp,com.enonic.wem.api.query.expr,NotExpr,1,0,3,3,12,3,0,2,0.0,1,2,/temp/xp/modules/wem-api/src/main/java/com/enonic/wem/api/query/expr/NotExpr.java,3
xp,com.enonic.wem.api.query.expr,Expression,0,0,0,0,2,0,6,0,-1.0,2,0,/temp/xp/modules/wem-api/src/main/java/com/enonic/wem/api/query/expr/Expression.java,3
xp,com.enonic.wem.api.query.expr,CompareExpr,5,0,22,19,87,23,0,2,0.0,10,3,/temp/xp/modules/wem-api/src/main/java/com/enonic/wem/api/query/expr/CompareExpr.java,8
xp,com.enonic.wem.api.query.expr,Operator,2,0,3,2,13,3,0,0,0.0,2,0,/temp/xp/modules/wem-api/src/main/java/com/enonic/wem/api/query/expr/CompareExpr.java,11
xp,com.enonic.wem.api.query.expr,FunctionExpr,2,0,6,6,27,6,0,1,0.0,9,1,/temp/xp/modules/wem-api/src/main/java/com/enonic/wem/api/query/expr/FunctionExpr.java,9
xp,com.enonic.wem.api.query.expr,FieldExpr,1,0,7,6,34,10,0,1,0.0,6,1,/temp/xp/modules/wem-api/src/main/java/com/enonic/wem/api/query/expr/FieldExpr.java,5
xp,com.enonic.wem.api.query.expr,LogicalExpr,3,0,7,6,29,7,0,2,0.0,3,2,/temp/xp/modules/wem-api/src/main/java/com/enonic/wem/api/query/expr/LogicalExpr.java,3
xp,com.enonic.wem.api.query.expr,Operator,0,0,0,0,1,0,0,0,-1.0,0,0,/temp/xp/modules/wem-api/src/main/java/com/enonic/wem/api/query/expr/LogicalExpr.java,6
xp,com.enonic.wem.api.query.expr,ConstraintExpr,0,0,0,0,2,0,4,1,-1.0,4,0,/temp/xp/modules/wem-api/src/main/java/com/enonic/wem/api/query/expr/ConstraintExpr.java,3
xp,com.enonic.wem.api.query.expr,ValueExpr,1,0,9,6,45,13,0,1,0.0,11,3,/temp/xp/modules/wem-api/src/main/java/com/enonic/wem/api/query/expr/ValueExpr.java,7
xp,com.enonic.wem.api.query.expr,DynamicOrderExpr,1,0,3,3,13,3,0,2,0.0,2,2,/temp/xp/modules/wem-api/src/main/java/com/enonic/wem/api/query/expr/DynamicOrderExpr.java,3
xp,com.enonic.wem.api.query.expr,FieldOrderExpr,1,0,6,6,37,10,0,2,0.3333333333333333,10,3,/temp/xp/modules/wem-api/src/main/java/com/enonic/wem/api/query/expr/FieldOrderExpr.java,5
xp,com.enonic.wem.api.query.expr,OrderExpressions,1,0,7,6,27,7,0,0,0.5714285714285714,11,2,/temp/xp/modules/wem-api/src/main/java/com/enonic/wem/api/query/expr/OrderExpressions.java,11
xp,com.enonic.wem.api.query.expr,Builder,1,0,2,2,10,2,0,0,0.0,1,2,/temp/xp/modules/wem-api/src/main/java/com/enonic/wem/api/query/expr/OrderExpressions.java,39
xp,com.enonic.wem.api.blob,BlobService,0,0,3,0,5,3,0,0,-1.0,28,2,/temp/xp/modules/wem-api/src/main/java/com/enonic/wem/api/blob/BlobService.java,7
xp,com.enonic.wem.api.blob,BlobKeyCreator,1,0,5,4,31,5,0,0,0.6,2,2,/temp/xp/modules/wem-api/src/main/java/com/enonic/wem/api/blob/BlobKeyCreator.java,15
xp,com.enonic.wem.api.blob,BlobKey,2,0,5,5,24,6,0,0,0.0,28,0,/temp/xp/modules/wem-api/src/main/java/com/enonic/wem/api/blob/BlobKey.java,3
xp,com.enonic.wem.api.blob,BlobKeys,2,0,8,6,32,8,0,0,0.5,1,2,/temp/xp/modules/wem-api/src/main/java/com/enonic/wem/api/blob/BlobKeys.java,9
xp,com.enonic.wem.api.blob,Builder,1,0,2,2,10,2,0,0,1.0,1,2,/temp/xp/modules/wem-api/src/main/java/com/enonic/wem/api/blob/BlobKeys.java,47
xp,com.enonic.wem.api.blob,Blob,0,0,3,0,5,3,0,0,-1.0,16,1,/temp/xp/modules/wem-api/src/main/java/com/enonic/wem/api/blob/Blob.java,5
xp,com.enonic.wem.api.workspace,Workspaces,0,0,2,1,8,2,0,0,-1.0,10,1,/temp/xp/modules/wem-api/src/main/java/com/enonic/wem/api/workspace/Workspaces.java,7
xp,com.enonic.wem.api.workspace,Workspace,4,0,13,10,59,16,0,0,0.15384615384615385,62,2,/temp/xp/modules/wem-api/src/main/java/com/enonic/wem/api/workspace/Workspace.java,8
xp,com.enonic.wem.api.workspace,Builder,2,0,5,3,23,6,0,0,0.6,1,2,/temp/xp/modules/wem-api/src/main/java/com/enonic/wem/api/workspace/Workspace.java,70
xp,com.enonic.wem.api.rendering,Component,0,0,0,0,2,0,0,1,-1.0,0,0,/temp/xp/modules/wem-api/src/main/java/com/enonic/wem/api/rendering/Component.java,4
xp,com.enonic.wem.api.rendering,Renderable,0,0,0,0,2,0,1,0,-1.0,4,0,/temp/xp/modules/wem-api/src/main/java/com/enonic/wem/api/rendering/Renderable.java,4
xp,com.enonic.xp.portal.mustache.impl,RenderViewHandlerTest,0,0,7,3,38,7,0,0,-1.0,0,1,/temp/xp/modules/portal-mustache/src/test/java/com/enonic/xp/portal/mustache/impl/RenderViewHandlerTest.java,23
xp,com.enonic.xp.portal.mustache.impl,RenderViewHandler,1,0,3,3,15,3,0,0,0.6666666666666666,0,4,/temp/xp/modules/portal-mustache/src/main/java/com/enonic/xp/portal/mustache/impl/RenderViewHandler.java,9
xp,com.enonic.xp.portal.mustache.impl,MustacheProcessorFactory,1,0,2,2,9,2,0,0,0.0,1,1,/temp/xp/modules/portal-mustache/src/main/java/com/enonic/xp/portal/mustache/impl/MustacheProcessorFactory.java,5
xp,com.enonic.xp.portal.mustache.impl,MustacheProcessor,3,0,7,4,39,8,0,0,0.0,2,3,/temp/xp/modules/portal-mustache/src/main/java/com/enonic/xp/portal/mustache/impl/MustacheProcessor.java,14
xp,com.enonic.wem.servlet,ServletRequestUrlHelperTest,1,0,4,3,32,4,0,0,0.0,0,2,/temp/xp/modules/wem-servlet/src/test/java/com/enonic/wem/servlet/ServletRequestUrlHelperTest.java,11
xp,com.enonic.wem.servlet,ServletRequestHolder,1,0,2,2,16,3,0,0,0.0,5,0,/temp/xp/modules/wem-servlet/src/main/java/com/enonic/wem/servlet/ServletRequestHolder.java,7
xp,com.enonic.wem.servlet,ServletRequestUrlHelper,0,0,5,4,34,9,0,0,-1.0,7,1,/temp/xp/modules/wem-servlet/src/main/java/com/enonic/wem/servlet/ServletRequestUrlHelper.java,7
xp,com.enonic.wem.servlet.mock,MockServletContext,5,0,56,56,170,56,0,0,0.9107142857142857,1,0,/temp/xp/modules/wem-servlet/src/main/java/com/enonic/wem/servlet/mock/MockServletContext.java,22
xp,com.enonic.wem.servlet.mock,MockServletResponse,0,0,36,36,90,36,0,0,-1.0,0,0,/temp/xp/modules/wem-servlet/src/main/java/com/enonic/wem/servlet/mock/MockServletResponse.java,12
xp,com.enonic.wem.servlet.mock,MockServletRequest,0,0,66,66,195,66,0,0,-1.0,0,0,/temp/xp/modules/wem-servlet/src/main/java/com/enonic/wem/servlet/mock/MockServletRequest.java,26
xp,com.enonic.wem.servlet.mock,MockServletConfig,3,0,8,8,31,8,0,0,0.0,0,1,/temp/xp/modules/wem-servlet/src/main/java/com/enonic/wem/servlet/mock/MockServletConfig.java,13
xp,com.enonic.wem.servlet.internal,JaxRsDispatcher,0,0,3,1,27,6,0,0,-1.0,1,0,/temp/xp/modules/wem-servlet/src/main/java/com/enonic/wem/servlet/internal/JaxRsDispatcher.java,15
xp,com.enonic.wem.servlet.internal,JaxRsServlet,3,0,9,5,58,10,0,0,0.0,1,6,/temp/xp/modules/wem-servlet/src/main/java/com/enonic/wem/servlet/internal/JaxRsServlet.java,23
xp,com.enonic.wem.servlet.internal,RequestFactoryImpl,2,0,3,3,13,3,0,0,0.0,1,0,/temp/xp/modules/wem-servlet/src/main/java/com/enonic/wem/servlet/internal/RequestFactoryImpl.java,15
xp,com.enonic.wem.servlet.internal,ContextFilter,0,0,4,3,15,4,0,0,-1.0,0,2,/temp/xp/modules/wem-servlet/src/main/java/com/enonic/wem/servlet/internal/ContextFilter.java,20
xp,com.enonic.wem.servlet.internal,SessionWrapper,1,0,10,10,39,11,0,0,0.0,0,1,/temp/xp/modules/wem-servlet/src/main/java/com/enonic/wem/servlet/internal/SessionWrapper.java,13
xp,com.enonic.wem.servlet.internal,ResponseFactoryImpl,1,0,2,2,9,2,0,0,0.0,1,0,/temp/xp/modules/wem-servlet/src/main/java/com/enonic/wem/servlet/internal/ResponseFactoryImpl.java,10
xp,com.enonic.wem.servlet.internal,JaxRsResourceFactory,3,0,6,6,24,6,0,0,0.5,0,1,/temp/xp/modules/wem-servlet/src/main/java/com/enonic/wem/servlet/internal/JaxRsResourceFactory.java,13
xp,com.enonic.wem.servlet.internal,HttpRequestDelegate,0,0,2,2,9,2,0,0,-1.0,0,2,/temp/xp/modules/wem-servlet/src/main/java/com/enonic/wem/servlet/internal/HttpRequestDelegate.java,9
xp,com.enonic.wem.servlet.internal,JaxRsApplication,1,0,4,4,15,4,0,0,0.0,1,1,/temp/xp/modules/wem-servlet/src/main/java/com/enonic/wem/servlet/internal/JaxRsApplication.java,11
xp,com.enonic.wem.servlet.internal.exception,DefaultExceptionMapper,1,0,4,1,28,8,0,0,0.5,0,1,/temp/xp/modules/wem-servlet/src/main/java/com/enonic/wem/servlet/internal/exception/DefaultExceptionMapper.java,14
xp,com.enonic.wem.servlet.internal.exception,ErrorPageBuilder,9,0,21,10,242,31,0,0,0.0,1,5,/temp/xp/modules/wem-servlet/src/main/java/com/enonic/wem/servlet/internal/exception/ErrorPageBuilder.java,12
xp,com.enonic.wem.servlet.internal.exception,LineInfo,3,0,5,5,22,5,0,0,0.0,1,0,/temp/xp/modules/wem-servlet/src/main/java/com/enonic/wem/servlet/internal/exception/ErrorPageBuilder.java,18
xp,com.enonic.wem.servlet.internal.exception,ExceptionInfoFilter,1,0,6,2,46,12,0,0,0.3333333333333333,0,2,/temp/xp/modules/wem-servlet/src/main/java/com/enonic/wem/servlet/internal/exception/ExceptionInfoFilter.java,19
xp,com.enonic.wem.servlet.internal.exception,ExceptionFeature,0,0,1,1,7,1,0,0,-1.0,0,0,/temp/xp/modules/wem-servlet/src/main/java/com/enonic/wem/servlet/internal/exception/ExceptionFeature.java,9
xp,com.enonic.wem.servlet.jaxrs,ResourceProvider,0,0,2,2,4,2,0,1,-1.0,1,0,/temp/xp/modules/wem-servlet/src/main/java/com/enonic/wem/servlet/jaxrs/ResourceProvider.java,3
xp,com.enonic.wem.servlet.jaxrs,JaxRsComponent,0,0,0,0,2,0,1,0,-1.0,2,0,/temp/xp/modules/wem-servlet/src/main/java/com/enonic/wem/servlet/jaxrs/JaxRsComponent.java,3
xp,com.enonic.wem.servlet.jaxrs.exception,HtmlBuilder,4,0,9,8,57,10,0,0,0.0,1,0,/temp/xp/modules/wem-servlet/src/main/java/com/enonic/wem/servlet/jaxrs/exception/HtmlBuilder.java,8
xp,com.enonic.wem.servlet.jaxrs.exception,ExceptionInfo,3,0,11,10,50,14,0,0,0.18181818181818182,2,0,/temp/xp/modules/wem-servlet/src/main/java/com/enonic/wem/servlet/jaxrs/exception/ExceptionInfo.java,5
xp,com.enonic.wem.repo.internal.index,IndexFieldNameNormalizerTest,0,0,1,1,12,2,0,0,-1.0,0,1,/temp/xp/modules/wem-repo/src/test/java/com/enonic/wem/repo/internal/index/IndexFieldNameNormalizerTest.java,13
xp,com.enonic.wem.repo.internal.index,IndexContext,6,0,12,10,51,12,0,0,0.25,26,6,/temp/xp/modules/wem-repo/src/main/java/com/enonic/wem/repo/internal/index/IndexContext.java,9
xp,com.enonic.wem.repo.internal.index,Builder,3,0,6,5,26,6,0,0,0.8333333333333334,1,5,/temp/xp/modules/wem-repo/src/main/java/com/enonic/wem/repo/internal/index/IndexContext.java,53
xp,com.enonic.wem.repo.internal.index,IndexType,0,0,1,1,4,1,0,0,-1.0,6,0,/temp/xp/modules/wem-repo/src/main/java/com/enonic/wem/repo/internal/index/IndexType.java,3
xp,com.enonic.wem.repo.internal.index,IndexValueNormalizer,0,0,1,1,8,2,0,0,-1.0,3,0,/temp/xp/modules/wem-repo/src/main/java/com/enonic/wem/repo/internal/index/IndexValueNormalizer.java,5
xp,com.enonic.wem.repo.internal.index,IndexValueType,2,1,2,1,9,2,0,0,0.0,9,0,/temp/xp/modules/wem-repo/src/main/java/com/enonic/wem/repo/internal/index/IndexValueType.java,3
xp,com.enonic.wem.repo.internal.index,IndexException,0,0,2,2,8,2,0,0,-1.0,0,0,/temp/xp/modules/wem-repo/src/main/java/com/enonic/wem/repo/internal/index/IndexException.java,3
xp,com.enonic.wem.repo.internal.index,IndexFieldNameNormalizer,2,0,3,2,16,3,0,0,0.6666666666666666,5,0,/temp/xp/modules/wem-repo/src/main/java/com/enonic/wem/repo/internal/index/IndexFieldNameNormalizer.java,7
xp,com.enonic.wem.repo.internal.index,IndexService,0,0,10,10,12,10,0,0,-1.0,4,5,/temp/xp/modules/wem-repo/src/main/java/com/enonic/wem/repo/internal/index/IndexService.java,14
xp,com.enonic.wem.repo.internal.elasticsearch,RepositoryTestSearchIndexSettingsProvider,2,1,2,1,10,2,0,0,0.0,1,1,/temp/xp/modules/wem-repo/src/test/java/com/enonic/wem/repo/internal/elasticsearch/RepositoryTestSearchIndexSettingsProvider.java,6
xp,com.enonic.wem.repo.internal.elasticsearch,GetResultCanReadResolverTest,0,0,4,4,14,4,0,0,-1.0,0,7,/temp/xp/modules/wem-repo/src/test/java/com/enonic/wem/repo/internal/elasticsearch/GetResultCanReadResolverTest.java,17
xp,com.enonic.wem.repo.internal.elasticsearch,StoreDocumentItemFactoryTest,1,0,8,8,40,8,0,0,0.0,0,7,/temp/xp/modules/wem-repo/src/test/java/com/enonic/wem/repo/internal/elasticsearch/StoreDocumentItemFactoryTest.java,19
xp,com.enonic.wem.repo.internal.elasticsearch,EmbeddedElasticsearchServer,5,0,5,3,34,5,0,0,0.4,1,0,/temp/xp/modules/wem-repo/src/test/java/com/enonic/wem/repo/internal/elasticsearch/EmbeddedElasticsearchServer.java,16
xp,com.enonic.wem.repo.internal.elasticsearch,AccessControlListStoreDocumentFactoryTest,0,0,3,3,17,3,0,0,-1.0,0,5,/temp/xp/modules/wem-repo/src/test/java/com/enonic/wem/repo/internal/elasticsearch/AccessControlListStoreDocumentFactoryTest.java,15
xp,com.enonic.wem.repo.internal.elasticsearch,LexiSortableTest,0,0,2,2,26,2,0,0,-1.0,0,1,/temp/xp/modules/wem-repo/src/test/java/com/enonic/wem/repo/internal/elasticsearch/LexiSortableTest.java,9
xp,com.enonic.wem.repo.internal.elasticsearch,AclFilterBuilderFactoryTest,0,0,2,2,15,2,0,0,-1.0,0,8,/temp/xp/modules/wem-repo/src/test/java/com/enonic/wem/repo/internal/elasticsearch/AclFilterBuilderFactoryTest.java,16
xp,com.enonic.wem.repo.internal.elasticsearch,AbstractElasticsearchIntegrationTest,5,0,8,3,46,8,1,0,0.25,0,5,/temp/xp/modules/wem-repo/src/test/java/com/enonic/wem/repo/internal/elasticsearch/AbstractElasticsearchIntegrationTest.java,16
xp,com.enonic.wem.repo.internal.elasticsearch,NodeStoreDocumentFactoryTest,0,0,10,7,93,16,0,0,-1.0,0,17,/temp/xp/modules/wem-repo/src/test/java/com/enonic/wem/repo/internal/elasticsearch/NodeStoreDocumentFactoryTest.java,35
xp,com.enonic.wem.repo.internal.elasticsearch,OrderbyValueResolverTestJava,0,0,1,1,16,1,0,0,-1.0,0,3,/temp/xp/modules/wem-repo/src/test/java/com/enonic/wem/repo/internal/elasticsearch/OrderbyValueResolverTestJava.java,16
xp,com.enonic.wem.repo.internal.elasticsearch,OrderByValueResolverTest,3,0,4,2,40,4,0,1,0.0,0,14,/temp/xp/modules/wem-repo/src/test/java/com/enonic/wem/repo/internal/elasticsearch/OrderByValueResolverTest.java,29
xp,com.enonic.wem.repo.internal.elasticsearch,ReturnFields,0,0,5,3,18,5,0,0,-1.0,7,1,/temp/xp/modules/wem-repo/src/main/java/com/enonic/wem/repo/internal/elasticsearch/ReturnFields.java,14
xp,com.enonic.wem.repo.internal.elasticsearch,ElasticsearchVersionService,2,0,9,4,64,13,0,0,0.0,2,18,/temp/xp/modules/wem-repo/src/main/java/com/enonic/wem/repo/internal/elasticsearch/ElasticsearchVersionService.java,30
xp,com.enonic.wem.repo.internal.elasticsearch,IndexFormats,1,1,0,0,3,0,0,0,-1.0,1,0,/temp/xp/modules/wem-repo/src/main/java/com/enonic/wem/repo/internal/elasticsearch/IndexFormats.java,7
xp,com.enonic.wem.repo.internal.elasticsearch,GetQuery,10,0,15,13,68,15,0,0,0.26666666666666666,3,3,/temp/xp/modules/wem-repo/src/main/java/com/enonic/wem/repo/internal/elasticsearch/GetQuery.java,12
xp,com.enonic.wem.repo.internal.elasticsearch,Builder,5,0,8,7,36,8,0,0,0.875,5,3,/temp/xp/modules/wem-repo/src/main/java/com/enonic/wem/repo/internal/elasticsearch/GetQuery.java,63
xp,com.enonic.wem.repo.internal.elasticsearch,ReturnField,1,0,3,3,12,3,0,0,0.6666666666666666,0,1,/temp/xp/modules/wem-repo/src/main/java/com/enonic/wem/repo/internal/elasticsearch/ReturnField.java,5
xp,com.enonic.wem.repo.internal.elasticsearch,OrderbyValueResolver,0,0,4,1,29,9,0,0,-1.0,3,4,/temp/xp/modules/wem-repo/src/main/java/com/enonic/wem/repo/internal/elasticsearch/OrderbyValueResolver.java,8
xp,com.enonic.wem.repo.internal.elasticsearch,IndexConstants,6,6,0,0,8,0,0,0,-1.0,2,0,/temp/xp/modules/wem-repo/src/main/java/com/enonic/wem/repo/internal/elasticsearch/IndexConstants.java,3
xp,com.enonic.wem.repo.internal.elasticsearch,AccessControlListStoreDocumentFactory,0,0,2,0,32,11,0,0,-1.0,2,4,/temp/xp/modules/wem-repo/src/main/java/com/enonic/wem/repo/internal/elasticsearch/AccessControlListStoreDocumentFactory.java,16
xp,com.enonic.wem.repo.internal.elasticsearch,NodeStoreDocumentFactory,10,0,14,8,111,28,0,0,0.2857142857142857,3,15,/temp/xp/modules/wem-repo/src/main/java/com/enonic/wem/repo/internal/elasticsearch/NodeStoreDocumentFactory.java,24
xp,com.enonic.wem.repo.internal.elasticsearch,Builder,5,0,6,5,28,6,0,0,1.0,0,6,/temp/xp/modules/wem-repo/src/main/java/com/enonic/wem/repo/internal/elasticsearch/NodeStoreDocumentFactory.java,179
xp,com.enonic.wem.repo.internal.elasticsearch,ElasticsearchDao,7,0,17,10,104,22,0,0,0.0,9,10,/temp/xp/modules/wem-repo/src/main/java/com/enonic/wem/repo/internal/elasticsearch/ElasticsearchDao.java,41
xp,com.enonic.wem.repo.internal.elasticsearch,ClusterStatusCode,0,0,0,0,1,0,0,0,-1.0,3,0,/temp/xp/modules/wem-repo/src/main/java/com/enonic/wem/repo/internal/elasticsearch/ClusterStatusCode.java,3
xp,com.enonic.wem.repo.internal.elasticsearch,LexiSortable,3,0,3,2,23,4,0,0,0.0,2,0,/temp/xp/modules/wem-repo/src/main/java/com/enonic/wem/repo/internal/elasticsearch/LexiSortable.java,3
xp,com.enonic.wem.repo.internal.elasticsearch,FieldNameResolver,1,0,1,1,12,2,0,0,0.0,1,2,/temp/xp/modules/wem-repo/src/main/java/com/enonic/wem/repo/internal/elasticsearch/FieldNameResolver.java,9
xp,com.enonic.wem.repo.internal.elasticsearch,ElasticsearchQueryService,2,0,11,7,102,24,0,0,0.0,3,31,/temp/xp/modules/wem-repo/src/main/java/com/enonic/wem/repo/internal/elasticsearch/ElasticsearchQueryService.java,38
xp,com.enonic.wem.repo.internal.elasticsearch,ElasticsearchIndexService,8,0,14,12,104,17,0,0,0.21428571428571427,4,12,/temp/xp/modules/wem-repo/src/main/java/com/enonic/wem/repo/internal/elasticsearch/ElasticsearchIndexService.java,41
xp,com.enonic.wem.repo.internal.elasticsearch,GetResultCanReadResolver,0,0,1,1,16,4,0,0,-1.0,2,5,/temp/xp/modules/wem-repo/src/main/java/com/enonic/wem/repo/internal/elasticsearch/GetResultCanReadResolver.java,11
xp,com.enonic.wem.repo.internal.elasticsearch,ElasticsearchDataException,0,0,1,1,5,1,0,0,-1.0,0,0,/temp/xp/modules/wem-repo/src/main/java/com/enonic/wem/repo/internal/elasticsearch/ElasticsearchDataException.java,3
xp,com.enonic.wem.repo.internal.elasticsearch,ClusterHealthStatus,2,0,3,3,14,3,0,0,0.0,2,1,/temp/xp/modules/wem-repo/src/main/java/com/enonic/wem/repo/internal/elasticsearch/ClusterHealthStatus.java,3
xp,com.enonic.wem.repo.internal.elasticsearch,SearchRequestBuilderFactory,6,0,8,6,48,11,0,0,0.5,2,2,/temp/xp/modules/wem-repo/src/main/java/com/enonic/wem/repo/internal/elasticsearch/SearchRequestBuilderFactory.java,11
xp,com.enonic.wem.repo.internal.elasticsearch,Builder,3,0,5,4,22,5,0,0,1.0,0,3,/temp/xp/modules/wem-repo/src/main/java/com/enonic/wem/repo/internal/elasticsearch/SearchRequestBuilderFactory.java,61
xp,com.enonic.wem.repo.internal.elasticsearch.query.builder.function,FunctionQueryBuilderFactoryTest,0,0,1,1,8,1,0,0,-1.0,0,2,/temp/xp/modules/wem-repo/src/test/java/com/enonic/wem/repo/internal/elasticsearch/query/builder/function/FunctionQueryBuilderFactoryTest.java,17
xp,com.enonic.wem.repo.internal.elasticsearch.query.builder.function,AbstractSimpleQueryStringFunction,8,0,9,5,46,10,0,0,0.5555555555555556,1,1,/temp/xp/modules/wem-repo/src/main/java/com/enonic/wem/repo/internal/elasticsearch/query/builder/function/AbstractSimpleQueryStringFunction.java,12
xp,com.enonic.wem.repo.internal.elasticsearch.query.builder.function,FunctionQueryBuilderFactory,0,0,4,1,38,9,0,0,-1.0,2,4,/temp/xp/modules/wem-repo/src/main/java/com/enonic/wem/repo/internal/elasticsearch/query/builder/function/FunctionQueryBuilderFactory.java,14
xp,com.enonic.wem.repo.internal.elasticsearch.query.builder.function,DynamicSortBuilderFactory,0,0,2,1,0,3,0,0,-1.0,1,4,/temp/xp/modules/wem-repo/src/main/java/com/enonic/wem/repo/internal/elasticsearch/query/builder/function/DynamicSortBuilderFactory.java,13
xp,com.enonic.wem.repo.internal.elasticsearch.query,ElasticsearchQueryServiceTest,1,0,7,7,44,7,0,0,0.0,0,13,/temp/xp/modules/wem-repo/src/test/java/com/enonic/wem/repo/internal/elasticsearch/query/ElasticsearchQueryServiceTest.java,23
xp,com.enonic.wem.repo.internal.elasticsearch.query,ElasticsearchQuery,21,0,26,23,128,27,0,0,0.11538461538461539,9,2,/temp/xp/modules/wem-repo/src/main/java/com/enonic/wem/repo/internal/elasticsearch/query/ElasticsearchQuery.java,16
xp,com.enonic.wem.repo.internal.elasticsearch.query,Builder,10,0,11,11,55,11,0,0,0.9090909090909091,1,2,/temp/xp/modules/wem-repo/src/main/java/com/enonic/wem/repo/internal/elasticsearch/query/ElasticsearchQuery.java,143
xp,com.enonic.wem.repo.internal.elasticsearch.query,NodeQueryTranslator,0,0,5,1,27,7,0,0,-1.0,1,13,/temp/xp/modules/wem-repo/src/main/java/com/enonic/wem/repo/internal/elasticsearch/query/NodeQueryTranslator.java,18
xp,com.enonic.wem.repo.internal.elasticsearch.xcontent,StoreDocumentXContentBuilderFactoryTest,0,0,5,3,45,5,0,0,-1.0,0,6,/temp/xp/modules/wem-repo/src/test/java/com/enonic/wem/repo/internal/elasticsearch/xcontent/StoreDocumentXContentBuilderFactoryTest.java,27
xp,com.enonic.wem.repo.internal.elasticsearch.xcontent,AbstractXContentBuilderFactor,0,0,3,0,19,5,3,0,-1.0,0,1,/temp/xp/modules/wem-repo/src/main/java/com/enonic/wem/repo/internal/elasticsearch/xcontent/AbstractXContentBuilderFactor.java,8
xp,com.enonic.wem.repo.internal.elasticsearch.xcontent,StoreDocumentXContentBuilderFactory,0,0,5,1,51,11,0,1,-1.0,3,5,/temp/xp/modules/wem-repo/src/main/java/com/enonic/wem/repo/internal/elasticsearch/xcontent/StoreDocumentXContentBuilderFactory.java,21
xp,com.enonic.wem.repo.internal.elasticsearch.xcontent,WorkspaceXContentBuilderFactory,0,0,1,1,15,1,0,1,-1.0,1,3,/temp/xp/modules/wem-repo/src/main/java/com/enonic/wem/repo/internal/elasticsearch/xcontent/WorkspaceXContentBuilderFactory.java,10
xp,com.enonic.wem.repo.internal.elasticsearch.xcontent,VersionXContentBuilderFactory,0,0,1,1,15,1,0,1,-1.0,1,2,/temp/xp/modules/wem-repo/src/main/java/com/enonic/wem/repo/internal/elasticsearch/xcontent/VersionXContentBuilderFactory.java,11
xp,com.enonic.wem.repo.internal.elasticsearch.workspace,GetNodeVersionIdsByIdsCommandTest,1,0,2,2,10,2,0,0,0.0,0,4,/temp/xp/modules/wem-repo/src/test/java/com/enonic/wem/repo/internal/elasticsearch/workspace/GetNodeVersionIdsByIdsCommandTest.java,15
xp,com.enonic.wem.repo.internal.elasticsearch.workspace,StoreWorkspaceDocumentIdTest,0,0,4,4,17,4,0,0,-1.0,0,1,/temp/xp/modules/wem-repo/src/test/java/com/enonic/wem/repo/internal/elasticsearch/workspace/StoreWorkspaceDocumentIdTest.java,9
xp,com.enonic.wem.repo.internal.elasticsearch.workspace,WorkspaceIndexPath,3,3,0,0,5,0,0,0,-1.0,3,1,/temp/xp/modules/wem-repo/src/main/java/com/enonic/wem/repo/internal/elasticsearch/workspace/WorkspaceIndexPath.java,5
xp,com.enonic.wem.repo.internal.elasticsearch.workspace,DeleteNodeVersionCommand,4,0,7,4,33,7,0,1,0.5714285714285714,2,6,/temp/xp/modules/wem-repo/src/main/java/com/enonic/wem/repo/internal/elasticsearch/workspace/DeleteNodeVersionCommand.java,11
xp,com.enonic.wem.repo.internal.elasticsearch.workspace,Builder,2,0,4,3,17,4,0,1,1.0,6,4,/temp/xp/modules/wem-repo/src/main/java/com/enonic/wem/repo/internal/elasticsearch/workspace/DeleteNodeVersionCommand.java,42
xp,com.enonic.wem.repo.internal.elasticsearch.workspace,ElasticsearchWorkspaceService,1,0,3,3,12,3,0,0,0.0,2,6,/temp/xp/modules/wem-repo/src/main/java/com/enonic/wem/repo/internal/elasticsearch/workspace/ElasticsearchWorkspaceService.java,9
xp,com.enonic.wem.repo.internal.elasticsearch.workspace,AbstractWorkspaceCommand,5,0,5,0,38,7,6,0,0.6,6,6,/temp/xp/modules/wem-repo/src/main/java/com/enonic/wem/repo/internal/elasticsearch/workspace/AbstractWorkspaceCommand.java,15
xp,com.enonic.wem.repo.internal.elasticsearch.workspace,Builder,2,0,2,0,12,2,0,0,1.0,0,2,/temp/xp/modules/wem-repo/src/main/java/com/enonic/wem/repo/internal/elasticsearch/workspace/AbstractWorkspaceCommand.java,56
xp,com.enonic.wem.repo.internal.elasticsearch.workspace,GetNodeVersionIdsByIdsCommand,7,0,10,5,63,12,0,1,0.4,2,15,/temp/xp/modules/wem-repo/src/main/java/com/enonic/wem/repo/internal/elasticsearch/workspace/GetNodeVersionIdsByIdsCommand.java,28
xp,com.enonic.wem.repo.internal.elasticsearch.workspace,NodeIdToSearchResultFieldMapper,3,0,2,1,15,2,0,0,0.0,0,5,/temp/xp/modules/wem-repo/src/main/java/com/enonic/wem/repo/internal/elasticsearch/workspace/GetNodeVersionIdsByIdsCommand.java,93
xp,com.enonic.wem.repo.internal.elasticsearch.workspace,Builder,2,0,4,3,17,4,0,1,1.0,0,5,/temp/xp/modules/wem-repo/src/main/java/com/enonic/wem/repo/internal/elasticsearch/workspace/GetNodeVersionIdsByIdsCommand.java,120
xp,com.enonic.wem.repo.internal.elasticsearch.workspace,StoreWorkspaceDocumentCommand,4,0,7,4,34,7,0,1,0.5714285714285714,2,8,/temp/xp/modules/wem-repo/src/main/java/com/enonic/wem/repo/internal/elasticsearch/workspace/StoreWorkspaceDocumentCommand.java,13
xp,com.enonic.wem.repo.internal.elasticsearch.workspace,Builder,2,0,4,3,17,4,0,1,1.0,0,5,/temp/xp/modules/wem-repo/src/main/java/com/enonic/wem/repo/internal/elasticsearch/workspace/StoreWorkspaceDocumentCommand.java,47
xp,com.enonic.wem.repo.internal.elasticsearch.workspace,ChangedIdsResolver,0,0,1,0,15,3,0,0,-1.0,0,3,/temp/xp/modules/wem-repo/src/main/java/com/enonic/wem/repo/internal/elasticsearch/workspace/ChangedIdsResolver.java,13
xp,com.enonic.wem.repo.internal,TestContext,3,3,0,0,5,0,0,0,-1.0,0,3,/temp/xp/modules/wem-repo/src/test/java/com/enonic/wem/repo/internal/TestContext.java,9
xp,com.enonic.wem.repo.internal,NodeSettingsBuilder,0,0,1,1,3,1,1,0,-1.0,0,0,/temp/xp/modules/wem-repo/src/main/java/com/enonic/wem/repo/internal/NodeSettingsBuilder.java,5
xp,com.enonic.wem.repo.internal,ElasticsearchActivator,2,0,2,2,16,2,0,0,0.0,0,1,/temp/xp/modules/wem-repo/src/main/java/com/enonic/wem/repo/internal/ElasticsearchActivator.java,18
xp,com.enonic.wem.repo.internal,NodeSettingsBuilderImpl,0,0,1,1,22,1,0,1,-1.0,1,0,/temp/xp/modules/wem-repo/src/main/java/com/enonic/wem/repo/internal/NodeSettingsBuilderImpl.java,8
xp,com.enonic.wem.repo.internal.entity,GetNodeByPathCommandTest,0,0,4,3,23,4,0,1,-1.0,0,4,/temp/xp/modules/wem-repo/src/test/java/com/enonic/wem/repo/internal/entity/GetNodeByPathCommandTest.java,11
xp,com.enonic.wem.repo.internal.entity,StoreNodeCommandTest,0,0,1,1,9,1,0,1,-1.0,0,9,/temp/xp/modules/wem-repo/src/test/java/com/enonic/wem/repo/internal/entity/StoreNodeCommandTest.java,14
xp,com.enonic.wem.repo.internal.entity,DuplicateValueResolverTest,0,0,9,9,36,9,0,0,-1.0,0,1,/temp/xp/modules/wem-repo/src/test/java/com/enonic/wem/repo/internal/entity/DuplicateValueResolverTest.java,9
xp,com.enonic.wem.repo.internal.entity,NodePathTest,0,0,15,15,74,15,0,0,-1.0,0,2,/temp/xp/modules/wem-repo/src/test/java/com/enonic/wem/repo/internal/entity/NodePathTest.java,13
xp,com.enonic.wem.repo.internal.entity,RenameNodeCommandTest,0,0,2,2,31,2,0,1,-1.0,0,6,/temp/xp/modules/wem-repo/src/test/java/com/enonic/wem/repo/internal/entity/RenameNodeCommandTest.java,13
xp,com.enonic.wem.repo.internal.entity,NodeEditTest,0,0,4,3,26,4,0,0,-1.0,0,10,/temp/xp/modules/wem-repo/src/test/java/com/enonic/wem/repo/internal/entity/NodeEditTest.java,20
xp,com.enonic.wem.repo.internal.entity,NodeNameTest,0,0,12,12,41,12,0,0,-1.0,0,2,/temp/xp/modules/wem-repo/src/test/java/com/enonic/wem/repo/internal/entity/NodeNameTest.java,10
xp,com.enonic.wem.repo.internal.entity,FindContentByQueryCommand_histogramAggregationTest,0,0,3,2,51,5,0,1,-1.0,0,7,/temp/xp/modules/wem-repo/src/test/java/com/enonic/wem/repo/internal/entity/FindContentByQueryCommand_histogramAggregationTest.java,20
xp,com.enonic.wem.repo.internal.entity,GetNodeVersionsCommandTest,0,0,3,2,26,4,0,1,-1.0,0,8,/temp/xp/modules/wem-repo/src/test/java/com/enonic/wem/repo/internal/entity/GetNodeVersionsCommandTest.java,19
xp,com.enonic.wem.repo.internal.entity,AccessControlTest,1,0,2,2,18,2,0,1,0.0,0,8,/temp/xp/modules/wem-repo/src/test/java/com/enonic/wem/repo/internal/entity/AccessControlTest.java,14
xp,com.enonic.wem.repo.internal.entity,FindNodesByParentCommandTest,0,0,3,2,36,3,0,1,-1.0,0,11,/temp/xp/modules/wem-repo/src/test/java/com/enonic/wem/repo/internal/entity/FindNodesByParentCommandTest.java,20
xp,com.enonic.wem.repo.internal.entity,GetBinaryCommandTest,0,0,2,2,18,2,0,1,-1.0,0,7,/temp/xp/modules/wem-repo/src/test/java/com/enonic/wem/repo/internal/entity/GetBinaryCommandTest.java,16
xp,com.enonic.wem.repo.internal.entity,NodeBuilderTest,0,0,4,4,26,4,0,0,-1.0,0,5,/temp/xp/modules/wem-repo/src/test/java/com/enonic/wem/repo/internal/entity/NodeBuilderTest.java,16
xp,com.enonic.wem.repo.internal.entity,NodeTest,0,0,6,6,25,6,0,0,-1.0,0,2,/temp/xp/modules/wem-repo/src/test/java/com/enonic/wem/repo/internal/entity/NodeTest.java,10
xp,com.enonic.wem.repo.internal.entity,NodeHasChildResolverTest,0,0,3,3,24,3,0,1,-1.0,0,5,/temp/xp/modules/wem-repo/src/test/java/com/enonic/wem/repo/internal/entity/NodeHasChildResolverTest.java,13
xp,com.enonic.wem.repo.internal.entity,NodeIdsTest,0,0,6,6,25,6,0,0,-1.0,0,2,/temp/xp/modules/wem-repo/src/test/java/com/enonic/wem/repo/internal/entity/NodeIdsTest.java,11
xp,com.enonic.wem.repo.internal.entity,FindContentByQueryCommand_dateHistogramAggregationsTest,0,0,4,3,51,4,0,1,-1.0,0,7,/temp/xp/modules/wem-repo/src/test/java/com/enonic/wem/repo/internal/entity/FindContentByQueryCommand_dateHistogramAggregationsTest.java,18
xp,com.enonic.wem.repo.internal.entity,NodeServiceImplTest,1,0,5,5,36,5,0,1,0.0,0,15,/temp/xp/modules/wem-repo/src/test/java/com/enonic/wem/repo/internal/entity/NodeServiceImplTest.java,24
xp,com.enonic.wem.repo.internal.entity,GetActiveNodeVersionsCommandTest,0,0,5,1,37,5,0,1,-1.0,0,15,/temp/xp/modules/wem-repo/src/test/java/com/enonic/wem/repo/internal/entity/GetActiveNodeVersionsCommandTest.java,23
xp,com.enonic.wem.repo.internal.entity,PushNodeCommandTest,0,0,1,1,12,1,0,1,-1.0,0,8,/temp/xp/modules/wem-repo/src/test/java/com/enonic/wem/repo/internal/entity/PushNodeCommandTest.java,15
xp,com.enonic.wem.repo.internal.entity,AbstractNodeTest,6,0,8,1,51,8,28,0,0.25,0,19,/temp/xp/modules/wem-repo/src/test/java/com/enonic/wem/repo/internal/entity/AbstractNodeTest.java,25
xp,com.enonic.wem.repo.internal.entity,GetNodesByPathsCommandTest,0,0,2,2,12,2,0,1,-1.0,0,6,/temp/xp/modules/wem-repo/src/test/java/com/enonic/wem/repo/internal/entity/GetNodesByPathsCommandTest.java,13
xp,com.enonic.wem.repo.internal.entity,ReorderChildNodeCommandTest,0,0,6,3,67,6,0,1,-1.0,0,14,/temp/xp/modules/wem-repo/src/test/java/com/enonic/wem/repo/internal/entity/ReorderChildNodeCommandTest.java,22
xp,com.enonic.wem.repo.internal.entity,GetNodeByIdCommandTest,0,0,3,3,23,3,0,1,-1.0,0,8,/temp/xp/modules/wem-repo/src/test/java/com/enonic/wem/repo/internal/entity/GetNodeByIdCommandTest.java,16
xp,com.enonic.wem.repo.internal.entity,FindNodesByQueryCommandTest,0,0,4,4,47,4,0,1,-1.0,0,13,/temp/xp/modules/wem-repo/src/test/java/com/enonic/wem/repo/internal/entity/FindNodesByQueryCommandTest.java,23
xp,com.enonic.wem.repo.internal.entity,NodeOrderTest,0,0,3,2,36,3,0,1,-1.0,0,19,/temp/xp/modules/wem-repo/src/test/java/com/enonic/wem/repo/internal/entity/NodeOrderTest.java,31
xp,com.enonic.wem.repo.internal.entity,CompareNodesCommandTest,0,0,7,4,49,7,0,1,-1.0,0,13,/temp/xp/modules/wem-repo/src/test/java/com/enonic/wem/repo/internal/entity/CompareNodesCommandTest.java,18
xp,com.enonic.wem.repo.internal.entity,FindNodesByQueryCommand_termsAggregationsTest,0,0,6,4,92,6,0,1,-1.0,0,10,/temp/xp/modules/wem-repo/src/test/java/com/enonic/wem/repo/internal/entity/FindNodesByQueryCommand_termsAggregationsTest.java,22
xp,com.enonic.wem.repo.internal.entity,UpdateNodeCommandTest,0,0,8,7,105,8,0,1,-1.0,0,8,/temp/xp/modules/wem-repo/src/test/java/com/enonic/wem/repo/internal/entity/UpdateNodeCommandTest.java,20
xp,com.enonic.wem.repo.internal.entity,CreateNodeCommandTest,0,0,5,5,42,5,0,1,-1.0,0,9,/temp/xp/modules/wem-repo/src/test/java/com/enonic/wem/repo/internal/entity/CreateNodeCommandTest.java,21
xp,com.enonic.wem.repo.internal.entity,DuplicateNodeCommandTest,0,0,2,2,20,2,0,1,-1.0,0,8,/temp/xp/modules/wem-repo/src/test/java/com/enonic/wem/repo/internal/entity/DuplicateNodeCommandTest.java,14
xp,com.enonic.wem.repo.internal.entity,ApplyNodePermissionsCommandTest,0,0,2,2,65,2,0,1,-1.0,0,9,/temp/xp/modules/wem-repo/src/test/java/com/enonic/wem/repo/internal/entity/ApplyNodePermissionsCommandTest.java,21
xp,com.enonic.wem.repo.internal.entity,GetNodesByIdsCommandTest,0,0,2,2,20,2,0,1,-1.0,0,6,/temp/xp/modules/wem-repo/src/test/java/com/enonic/wem/repo/internal/entity/GetNodesByIdsCommandTest.java,13
xp,com.enonic.wem.repo.internal.entity,NodeManualOrderValueResolverTest,0,0,1,1,14,3,0,0,-1.0,0,2,/temp/xp/modules/wem-repo/src/test/java/com/enonic/wem/repo/internal/entity/NodeManualOrderValueResolverTest.java,13
xp,com.enonic.wem.repo.internal.entity,NodeChildOrderResolverTest,2,0,2,2,15,2,0,0,0.0,0,10,/temp/xp/modules/wem-repo/src/test/java/com/enonic/wem/repo/internal/entity/NodeChildOrderResolverTest.java,18
xp,com.enonic.wem.repo.internal.entity,NodesTest,0,0,3,3,39,3,0,0,-1.0,0,3,/temp/xp/modules/wem-repo/src/test/java/com/enonic/wem/repo/internal/entity/NodesTest.java,16
xp,com.enonic.wem.repo.internal.entity,SetNodeChildOrderCommandTest,0,0,11,5,89,16,0,1,-1.0,0,12,/temp/xp/modules/wem-repo/src/test/java/com/enonic/wem/repo/internal/entity/SetNodeChildOrderCommandTest.java,21
xp,com.enonic.wem.repo.internal.entity,FindContentByParentCommandTest,0,0,4,3,39,5,0,1,-1.0,0,7,/temp/xp/modules/wem-repo/src/test/java/com/enonic/wem/repo/internal/entity/FindContentByParentCommandTest.java,15
xp,com.enonic.wem.repo.internal.entity,DeleteNodeByIdCommandTest,0,0,3,2,26,3,0,1,-1.0,0,4,/temp/xp/modules/wem-repo/src/test/java/com/enonic/wem/repo/internal/entity/DeleteNodeByIdCommandTest.java,11
xp,com.enonic.wem.repo.internal.entity,ApplyNodePermissionsCommand,5,0,11,5,78,14,0,1,0.36363636363636365,3,9,/temp/xp/modules/wem-repo/src/main/java/com/enonic/wem/repo/internal/entity/ApplyNodePermissionsCommand.java,18
xp,com.enonic.wem.repo.internal.entity,Builder,2,0,5,3,23,5,0,1,0.4,59,4,/temp/xp/modules/wem-repo/src/main/java/com/enonic/wem/repo/internal/entity/ApplyNodePermissionsCommand.java,107
xp,com.enonic.wem.repo.internal.entity,GetNodesByPathsCommand,6,0,8,6,40,8,0,1,0.5,3,8,/temp/xp/modules/wem-repo/src/main/java/com/enonic/wem/repo/internal/entity/GetNodesByPathsCommand.java,10
xp,com.enonic.wem.repo.internal.entity,Builder,3,0,5,4,22,5,0,1,1.0,0,5,/temp/xp/modules/wem-repo/src/main/java/com/enonic/wem/repo/internal/entity/GetNodesByPathsCommand.java,42
xp,com.enonic.wem.repo.internal.entity,FindNodesByParentCommand,2,0,7,5,33,7,0,1,0.5714285714285714,5,11,/temp/xp/modules/wem-repo/src/main/java/com/enonic/wem/repo/internal/entity/FindNodesByParentCommand.java,13
xp,com.enonic.wem.repo.internal.entity,Builder,1,0,3,3,13,3,0,1,1.0,0,4,/temp/xp/modules/wem-repo/src/main/java/com/enonic/wem/repo/internal/entity/FindNodesByParentCommand.java,63
xp,com.enonic.wem.repo.internal.entity,AbstractNodeCommand,12,0,16,5,80,17,37,0,0.125,36,24,/temp/xp/modules/wem-repo/src/main/java/com/enonic/wem/repo/internal/entity/AbstractNodeCommand.java,27
xp,com.enonic.wem.repo.internal.entity,Builder,5,0,7,5,35,7,0,0,0.42857142857142855,0,5,/temp/xp/modules/wem-repo/src/main/java/com/enonic/wem/repo/internal/entity/AbstractNodeCommand.java,156
xp,com.enonic.wem.repo.internal.entity,StoreNodeCommand,2,0,6,4,29,6,0,1,0.6666666666666666,3,10,/temp/xp/modules/wem-repo/src/main/java/com/enonic/wem/repo/internal/entity/StoreNodeCommand.java,12
xp,com.enonic.wem.repo.internal.entity,Builder,1,0,3,2,12,3,0,1,1.0,0,4,/temp/xp/modules/wem-repo/src/main/java/com/enonic/wem/repo/internal/entity/StoreNodeCommand.java,48
xp,com.enonic.wem.repo.internal.entity,Relationship,17,0,30,28,137,30,0,0,0.16666666666666666,1,7,/temp/xp/modules/wem-repo/src/main/java/com/enonic/wem/repo/internal/entity/Relationship.java,14
xp,com.enonic.wem.repo.internal.entity,Builder,10,0,14,12,74,14,0,0,0.21428571428571427,0,7,/temp/xp/modules/wem-repo/src/main/java/com/enonic/wem/repo/internal/entity/Relationship.java,116
xp,com.enonic.wem.repo.internal.entity,PermissionsMergingStrategy,0,0,1,0,8,1,1,0,-1.0,2,1,/temp/xp/modules/wem-repo/src/main/java/com/enonic/wem/repo/internal/entity/PermissionsMergingStrategy.java,5
xp,com.enonic.wem.repo.internal.entity,AbstractDeleteNodeCommand,1,0,2,0,22,4,4,1,1.0,4,9,/temp/xp/modules/wem-repo/src/main/java/com/enonic/wem/repo/internal/entity/AbstractDeleteNodeCommand.java,12
xp,com.enonic.wem.repo.internal.entity,RelationshipTypeName,5,4,5,5,22,5,0,0,0.4,9,1,/temp/xp/modules/wem-repo/src/main/java/com/enonic/wem/repo/internal/entity/RelationshipTypeName.java,6
xp,com.enonic.wem.repo.internal.entity,RenameNodeCommand,2,0,10,4,69,16,0,1,0.4,3,13,/temp/xp/modules/wem-repo/src/main/java/com/enonic/wem/repo/internal/entity/RenameNodeCommand.java,17
xp,com.enonic.wem.repo.internal.entity,Builder,1,0,3,2,13,3,0,1,1.0,0,4,/temp/xp/modules/wem-repo/src/main/java/com/enonic/wem/repo/internal/entity/RenameNodeCommand.java,126
xp,com.enonic.wem.repo.internal.entity,GetNodeByPathCommand,4,0,7,5,38,8,0,1,0.5714285714285714,4,9,/temp/xp/modules/wem-repo/src/main/java/com/enonic/wem/repo/internal/entity/GetNodeByPathCommand.java,10
xp,com.enonic.wem.repo.internal.entity,Builder,2,0,4,3,17,4,0,1,1.0,0,4,/temp/xp/modules/wem-repo/src/main/java/com/enonic/wem/repo/internal/entity/GetNodeByPathCommand.java,49
xp,com.enonic.wem.repo.internal.entity,SetNodeChildOrderCommand,4,0,8,5,51,10,0,1,0.5,4,10,/temp/xp/modules/wem-repo/src/main/java/com/enonic/wem/repo/internal/entity/SetNodeChildOrderCommand.java,14
xp,com.enonic.wem.repo.internal.entity,Builder,2,0,4,3,17,4,0,1,1.0,0,5,/temp/xp/modules/wem-repo/src/main/java/com/enonic/wem/repo/internal/entity/SetNodeChildOrderCommand.java,77
xp,com.enonic.wem.repo.internal.entity,DuplicateValueResolver,6,1,13,5,76,17,0,0,0.3076923076923077,3,3,/temp/xp/modules/wem-repo/src/main/java/com/enonic/wem/repo/internal/entity/DuplicateValueResolver.java,9
xp,com.enonic.wem.repo.internal.entity,DuplicateName,3,0,8,1,54,12,0,0,0.25,1,0,/temp/xp/modules/wem-repo/src/main/java/com/enonic/wem/repo/internal/entity/DuplicateValueResolver.java,46
xp,com.enonic.wem.repo.internal.entity,PushNodeCommand,4,0,8,5,43,8,0,1,0.5,5,12,/temp/xp/modules/wem-repo/src/main/java/com/enonic/wem/repo/internal/entity/PushNodeCommand.java,15
xp,com.enonic.wem.repo.internal.entity,Builder,2,0,5,3,23,5,0,1,0.6,0,5,/temp/xp/modules/wem-repo/src/main/java/com/enonic/wem/repo/internal/entity/PushNodeCommand.java,60
xp,com.enonic.wem.repo.internal.entity,RelationshipTypes,1,0,8,7,32,8,0,0,0.875,0,3,/temp/xp/modules/wem-repo/src/main/java/com/enonic/wem/repo/internal/entity/RelationshipTypes.java,15
xp,com.enonic.wem.repo.internal.entity,ToNameFunction,0,0,1,1,5,1,0,0,-1.0,1,2,/temp/xp/modules/wem-repo/src/main/java/com/enonic/wem/repo/internal/entity/RelationshipTypes.java,59
xp,com.enonic.wem.repo.internal.entity,RelationshipId,1,0,5,5,25,7,0,0,0.0,2,0,/temp/xp/modules/wem-repo/src/main/java/com/enonic/wem/repo/internal/entity/RelationshipId.java,6
xp,com.enonic.wem.repo.internal.entity,NodeServiceImpl,6,0,32,29,108,33,0,0,0.0,3,47,/temp/xp/modules/wem-repo/src/main/java/com/enonic/wem/repo/internal/entity/NodeServiceImpl.java,41
xp,com.enonic.wem.repo.internal.entity,NodeDefaultAclFactory,0,0,1,1,5,1,0,0,-1.0,1,5,/temp/xp/modules/wem-repo/src/main/java/com/enonic/wem/repo/internal/entity/NodeDefaultAclFactory.java,9
xp,com.enonic.wem.repo.internal.entity,RelationshipType,15,0,23,20,114,25,0,0,0.21739130434782608,3,4,/temp/xp/modules/wem-repo/src/main/java/com/enonic/wem/repo/internal/entity/RelationshipType.java,11
xp,com.enonic.wem.repo.internal.entity,Builder,7,0,10,8,51,10,0,0,0.3,0,4,/temp/xp/modules/wem-repo/src/main/java/com/enonic/wem/repo/internal/entity/RelationshipType.java,122
xp,com.enonic.wem.repo.internal.entity,GetNodesByIdsCommand,6,0,8,6,41,8,0,1,0.5,4,9,/temp/xp/modules/wem-repo/src/main/java/com/enonic/wem/repo/internal/entity/GetNodesByIdsCommand.java,10
xp,com.enonic.wem.repo.internal.entity,Builder,3,0,5,4,22,5,0,1,1.0,0,5,/temp/xp/modules/wem-repo/src/main/java/com/enonic/wem/repo/internal/entity/GetNodesByIdsCommand.java,45
xp,com.enonic.wem.repo.internal.entity,GetBinaryCommand,8,0,12,7,76,15,0,1,0.25,4,9,/temp/xp/modules/wem-repo/src/main/java/com/enonic/wem/repo/internal/entity/GetBinaryCommand.java,14
xp,com.enonic.wem.repo.internal.entity,Builder,4,0,6,5,32,6,0,1,0.3333333333333333,0,7,/temp/xp/modules/wem-repo/src/main/java/com/enonic/wem/repo/internal/entity/GetBinaryCommand.java,86
xp,com.enonic.wem.repo.internal.entity,ReorderChildNodesCommand,2,0,6,4,33,7,0,1,0.6666666666666666,2,6,/temp/xp/modules/wem-repo/src/main/java/com/enonic/wem/repo/internal/entity/ReorderChildNodesCommand.java,8
xp,com.enonic.wem.repo.internal.entity,Builder,1,0,3,2,12,3,0,1,1.0,0,4,/temp/xp/modules/wem-repo/src/main/java/com/enonic/wem/repo/internal/entity/ReorderChildNodesCommand.java,53
xp,com.enonic.wem.repo.internal.entity,CompareNodesCommand,8,0,11,7,65,13,0,0,0.36363636363636365,2,15,/temp/xp/modules/wem-repo/src/main/java/com/enonic/wem/repo/internal/entity/CompareNodesCommand.java,19
xp,com.enonic.wem.repo.internal.entity,Builder,4,0,6,5,27,6,0,0,1.0,0,6,/temp/xp/modules/wem-repo/src/main/java/com/enonic/wem/repo/internal/entity/CompareNodesCommand.java,86
xp,com.enonic.wem.repo.internal.entity,GetNodeByIdCommand,4,0,7,5,38,8,0,1,0.5714285714285714,5,9,/temp/xp/modules/wem-repo/src/main/java/com/enonic/wem/repo/internal/entity/GetNodeByIdCommand.java,10
xp,com.enonic.wem.repo.internal.entity,Builder,2,0,4,3,17,4,0,1,1.0,0,4,/temp/xp/modules/wem-repo/src/main/java/com/enonic/wem/repo/internal/entity/GetNodeByIdCommand.java,48
xp,com.enonic.wem.repo.internal.entity,UpdatedAttachedBinariesResolver,10,0,15,0,107,23,0,0,0.26666666666666666,2,12,/temp/xp/modules/wem-repo/src/main/java/com/enonic/wem/repo/internal/entity/UpdatedAttachedBinariesResolver.java,27
xp,com.enonic.wem.repo.internal.entity,Builder,4,0,6,0,27,6,0,0,1.0,0,6,/temp/xp/modules/wem-repo/src/main/java/com/enonic/wem/repo/internal/entity/UpdatedAttachedBinariesResolver.java,161
xp,com.enonic.wem.repo.internal.entity,GetActiveNodeVersionsCommand,6,0,9,7,55,11,0,1,0.4444444444444444,3,10,/temp/xp/modules/wem-repo/src/main/java/com/enonic/wem/repo/internal/entity/GetActiveNodeVersionsCommand.java,15
xp,com.enonic.wem.repo.internal.entity,Builder,3,0,6,5,30,6,0,1,0.5,0,6,/temp/xp/modules/wem-repo/src/main/java/com/enonic/wem/repo/internal/entity/GetActiveNodeVersionsCommand.java,59
xp,com.enonic.wem.repo.internal.entity,GetNodeVersionsCommand,8,0,9,7,46,9,0,0,0.4444444444444444,3,5,/temp/xp/modules/wem-repo/src/main/java/com/enonic/wem/repo/internal/entity/GetNodeVersionsCommand.java,9
xp,com.enonic.wem.repo.internal.entity,Builder,4,0,6,5,27,6,0,0,1.0,0,4,/temp/xp/modules/wem-repo/src/main/java/com/enonic/wem/repo/internal/entity/GetNodeVersionsCommand.java,43
xp,com.enonic.wem.repo.internal.entity,UpdateNodeCommand,4,0,10,5,68,12,0,1,0.4,6,16,/temp/xp/modules/wem-repo/src/main/java/com/enonic/wem/repo/internal/entity/UpdateNodeCommand.java,19
xp,com.enonic.wem.repo.internal.entity,Builder,2,0,4,3,18,4,0,1,1.0,0,5,/temp/xp/modules/wem-repo/src/main/java/com/enonic/wem/repo/internal/entity/UpdateNodeCommand.java,117
xp,com.enonic.wem.repo.internal.entity,QualifiedRelationshipTypeNames,0,0,11,8,43,11,0,0,-1.0,0,2,/temp/xp/modules/wem-repo/src/main/java/com/enonic/wem/repo/internal/entity/QualifiedRelationshipTypeNames.java,14
xp,com.enonic.wem.repo.internal.entity,ParseFunction,0,0,1,1,5,1,0,0,-1.0,1,1,/temp/xp/modules/wem-repo/src/main/java/com/enonic/wem/repo/internal/entity/QualifiedRelationshipTypeNames.java,73
xp,com.enonic.wem.repo.internal.entity,DefaultPermissionsMergingStrategy,0,0,2,1,47,11,0,1,-1.0,0,4,/temp/xp/modules/wem-repo/src/main/java/com/enonic/wem/repo/internal/entity/DefaultPermissionsMergingStrategy.java,8
xp,com.enonic.wem.repo.internal.entity,DuplicateNodeCommand,4,0,10,5,66,13,0,1,0.4,3,11,/temp/xp/modules/wem-repo/src/main/java/com/enonic/wem/repo/internal/entity/DuplicateNodeCommand.java,14
xp,com.enonic.wem.repo.internal.entity,Builder,2,0,5,3,24,5,0,1,0.6,0,5,/temp/xp/modules/wem-repo/src/main/java/com/enonic/wem/repo/internal/entity/DuplicateNodeCommand.java,93
xp,com.enonic.wem.repo.internal.entity,CreateNodeCommand,4,0,17,5,143,31,0,1,0.23529411764705882,4,24,/temp/xp/modules/wem-repo/src/main/java/com/enonic/wem/repo/internal/entity/CreateNodeCommand.java,36
xp,com.enonic.wem.repo.internal.entity,Builder,2,0,5,3,22,5,0,1,0.8,0,5,/temp/xp/modules/wem-repo/src/main/java/com/enonic/wem/repo/internal/entity/CreateNodeCommand.java,258
xp,com.enonic.wem.repo.internal.entity,NodeHasChildResolver,2,0,8,5,35,9,0,0,0.5,10,6,/temp/xp/modules/wem-repo/src/main/java/com/enonic/wem/repo/internal/entity/NodeHasChildResolver.java,9
xp,com.enonic.wem.repo.internal.entity,Builder,1,0,3,2,12,3,0,0,1.0,0,3,/temp/xp/modules/wem-repo/src/main/java/com/enonic/wem/repo/internal/entity/NodeHasChildResolver.java,48
xp,com.enonic.wem.repo.internal.entity,ReorderChildNodeCommand,6,0,18,6,105,22,0,1,0.2222222222222222,3,16,/temp/xp/modules/wem-repo/src/main/java/com/enonic/wem/repo/internal/entity/ReorderChildNodeCommand.java,19
xp,com.enonic.wem.repo.internal.entity,Builder,3,0,6,4,27,6,0,1,0.6666666666666666,0,4,/temp/xp/modules/wem-repo/src/main/java/com/enonic/wem/repo/internal/entity/ReorderChildNodeCommand.java,154
xp,com.enonic.wem.repo.internal.entity,DeleteNodeByPathCommand,2,0,6,0,36,7,0,2,0.6666666666666666,2,10,/temp/xp/modules/wem-repo/src/main/java/com/enonic/wem/repo/internal/entity/DeleteNodeByPathCommand.java,13
xp,com.enonic.wem.repo.internal.entity,Builder,1,0,3,0,13,3,0,2,1.0,0,4,/temp/xp/modules/wem-repo/src/main/java/com/enonic/wem/repo/internal/entity/DeleteNodeByPathCommand.java,53
xp,com.enonic.wem.repo.internal.entity,CompareNodeCommand,8,0,11,7,64,12,0,0,0.36363636363636365,3,12,/temp/xp/modules/wem-repo/src/main/java/com/enonic/wem/repo/internal/entity/CompareNodeCommand.java,19
xp,com.enonic.wem.repo.internal.entity,Builder,4,0,7,5,34,7,0,0,0.42857142857142855,0,6,/temp/xp/modules/wem-repo/src/main/java/com/enonic/wem/repo/internal/entity/CompareNodeCommand.java,71
xp,com.enonic.wem.repo.internal.entity,NodeChildOrderResolver,8,0,9,7,56,12,0,0,0.4444444444444444,3,9,/temp/xp/modules/wem-repo/src/main/java/com/enonic/wem/repo/internal/entity/NodeChildOrderResolver.java,12
xp,com.enonic.wem.repo.internal.entity,Builder,4,0,6,5,27,6,0,0,1.0,0,6,/temp/xp/modules/wem-repo/src/main/java/com/enonic/wem/repo/internal/entity/NodeChildOrderResolver.java,60
xp,com.enonic.wem.repo.internal.entity,NodeManualOrderValueResolver,4,2,4,4,27,5,0,0,0.0,5,1,/temp/xp/modules/wem-repo/src/main/java/com/enonic/wem/repo/internal/entity/NodeManualOrderValueResolver.java,9
xp,com.enonic.wem.repo.internal.entity,NodeIdOrderValue,2,0,3,3,14,3,0,0,0.0,0,1,/temp/xp/modules/wem-repo/src/main/java/com/enonic/wem/repo/internal/entity/NodeManualOrderValueResolver.java,31
xp,com.enonic.wem.repo.internal.entity,DeleteNodeByIdCommand,2,0,6,4,38,7,0,2,0.6666666666666666,3,9,/temp/xp/modules/wem-repo/src/main/java/com/enonic/wem/repo/internal/entity/DeleteNodeByIdCommand.java,11
xp,com.enonic.wem.repo.internal.entity,Builder,1,0,3,2,13,3,0,2,1.0,0,4,/temp/xp/modules/wem-repo/src/main/java/com/enonic/wem/repo/internal/entity/DeleteNodeByIdCommand.java,51
xp,com.enonic.wem.repo.internal.entity,RelationshipKey,8,0,18,16,89,20,0,0,0.16666666666666666,2,4,/temp/xp/modules/wem-repo/src/main/java/com/enonic/wem/repo/internal/entity/RelationshipKey.java,9
xp,com.enonic.wem.repo.internal.entity,Builder,4,0,5,5,25,5,0,0,1.0,0,5,/temp/xp/modules/wem-repo/src/main/java/com/enonic/wem/repo/internal/entity/RelationshipKey.java,120
xp,com.enonic.wem.repo.internal.entity,FindNodesByQueryCommand,2,0,6,4,28,6,0,1,0.6666666666666666,3,9,/temp/xp/modules/wem-repo/src/main/java/com/enonic/wem/repo/internal/entity/FindNodesByQueryCommand.java,11
xp,com.enonic.wem.repo.internal.entity,Builder,1,0,3,2,13,3,0,1,1.0,0,4,/temp/xp/modules/wem-repo/src/main/java/com/enonic/wem/repo/internal/entity/FindNodesByQueryCommand.java,42
xp,com.enonic.wem.repo.internal.entity.query,NodeQueryTest,0,0,1,1,4,1,0,0,-1.0,0,0,/temp/xp/modules/wem-repo/src/test/java/com/enonic/wem/repo/internal/entity/query/NodeQueryTest.java,5
xp,com.enonic.wem.repo.internal.entity.json,NodeJsonSerializerTest,1,0,3,2,30,3,0,0,0.0,0,24,/temp/xp/modules/wem-repo/src/test/java/com/enonic/wem/repo/internal/entity/json/NodeJsonSerializerTest.java,38
xp,com.enonic.wem.repo.internal.entity.json,AttachedBinaryJson,2,0,2,2,13,2,0,0,0.0,1,2,/temp/xp/modules/wem-repo/src/main/java/com/enonic/wem/repo/internal/entity/json/AttachedBinaryJson.java,9
xp,com.enonic.wem.repo.internal.entity.json,AccessControlEntryJson,3,0,3,2,25,5,0,0,0.0,1,3,/temp/xp/modules/wem-repo/src/main/java/com/enonic/wem/repo/internal/entity/json/AccessControlEntryJson.java,14
xp,com.enonic.wem.repo.internal.entity.json,IndexConfigDocumentJson,3,0,2,2,19,3,0,0,0.0,1,2,/temp/xp/modules/wem-repo/src/main/java/com/enonic/wem/repo/internal/entity/json/IndexConfigDocumentJson.java,10
xp,com.enonic.wem.repo.internal.entity.json,IndexConfigJson,5,0,2,2,19,2,0,0,0.0,2,1,/temp/xp/modules/wem-repo/src/main/java/com/enonic/wem/repo/internal/entity/json/IndexConfigJson.java,7
xp,com.enonic.wem.repo.internal.entity.json,NodeJson,17,0,9,2,100,19,0,0,0.2222222222222222,1,16,/temp/xp/modules/wem-repo/src/main/java/com/enonic/wem/repo/internal/entity/json/NodeJson.java,27
xp,com.enonic.wem.repo.internal.entity.json,NodeJsonSerializer,1,0,4,3,37,5,0,0,0.5,2,3,/temp/xp/modules/wem-repo/src/main/java/com/enonic/wem/repo/internal/entity/json/NodeJsonSerializer.java,16
xp,com.enonic.wem.repo.internal.entity.json,PatternConfigJson,2,0,2,2,13,2,0,0,0.0,0,3,/temp/xp/modules/wem-repo/src/main/java/com/enonic/wem/repo/internal/entity/json/PatternConfigJson.java,8
xp,com.enonic.wem.repo.internal.entity.json,AttachmentJson,4,0,2,2,17,2,0,0,0.0,1,1,/temp/xp/modules/wem-repo/src/main/java/com/enonic/wem/repo/internal/entity/json/AttachmentJson.java,8
xp,com.enonic.wem.repo.internal.index.result,SearchResultFieldValue,1,0,5,4,18,5,0,0,0.4,7,0,/temp/xp/modules/wem-repo/src/main/java/com/enonic/wem/repo/internal/index/result/SearchResultFieldValue.java,7
xp,com.enonic.wem.repo.internal.index.result,SearchResultEntries,6,0,13,12,56,13,0,0,0.23076923076923078,5,2,/temp/xp/modules/wem-repo/src/main/java/com/enonic/wem/repo/internal/index/result/SearchResultEntries.java,12
xp,com.enonic.wem.repo.internal.index.result,Builder,3,0,4,4,20,4,0,0,1.0,5,2,/temp/xp/modules/wem-repo/src/main/java/com/enonic/wem/repo/internal/index/result/SearchResultEntries.java,73
xp,com.enonic.wem.repo.internal.index.result,SearchResult,4,1,9,8,38,9,0,0,0.3333333333333333,9,4,/temp/xp/modules/wem-repo/src/main/java/com/enonic/wem/repo/internal/index/result/SearchResult.java,5
xp,com.enonic.wem.repo.internal.index.result,Builder,2,1,3,3,15,3,0,0,1.0,0,4,/temp/xp/modules/wem-repo/src/main/java/com/enonic/wem/repo/internal/index/result/SearchResult.java,42
xp,com.enonic.wem.repo.internal.index.result,GetResult,1,0,4,4,15,4,0,0,0.5,3,1,/temp/xp/modules/wem-repo/src/main/java/com/enonic/wem/repo/internal/index/result/GetResult.java,3
xp,com.enonic.wem.repo.internal.index.result,SearchResultEntry,8,0,17,15,86,21,0,0,0.17647058823529413,11,3,/temp/xp/modules/wem-repo/src/main/java/com/enonic/wem/repo/internal/index/result/SearchResultEntry.java,10
xp,com.enonic.wem.repo.internal.index.result,Builder,4,0,6,6,29,6,0,0,0.8333333333333334,0,3,/temp/xp/modules/wem-repo/src/main/java/com/enonic/wem/repo/internal/index/result/SearchResultEntry.java,80
xp,com.enonic.wem.repo.internal.index.query,NodeQueryResultSet,3,0,9,8,44,11,0,0,0.3333333333333333,1,2,/temp/xp/modules/wem-repo/src/main/java/com/enonic/wem/repo/internal/index/query/NodeQueryResultSet.java,11
xp,com.enonic.wem.repo.internal.index.query,QueryService,1,1,6,6,9,6,0,0,-1.0,17,8,/temp/xp/modules/wem-repo/src/main/java/com/enonic/wem/repo/internal/index/query/QueryService.java,13
xp,com.enonic.wem.repo.internal.index.query,IndexQueryBuilderException,0,0,2,2,8,2,0,0,-1.0,0,0,/temp/xp/modules/wem-repo/src/main/java/com/enonic/wem/repo/internal/index/query/IndexQueryBuilderException.java,3
xp,com.enonic.wem.repo.internal.index.query,IndexQueryFieldNameResolver,0,0,11,10,51,14,0,0,-1.0,13,7,/temp/xp/modules/wem-repo/src/main/java/com/enonic/wem/repo/internal/index/query/IndexQueryFieldNameResolver.java,14
xp,com.enonic.wem.repo.internal.index.query,QueryResultFactory,0,0,1,1,11,2,0,0,-1.0,1,3,/temp/xp/modules/wem-repo/src/main/java/com/enonic/wem/repo/internal/index/query/QueryResultFactory.java,7
xp,com.enonic.wem.repo.internal.index.query,NodeQueryResultEntry,2,0,3,3,14,3,0,0,0.0,2,1,/temp/xp/modules/wem-repo/src/main/java/com/enonic/wem/repo/internal/index/query/NodeQueryResultEntry.java,5
xp,com.enonic.wem.repo.internal.index.query,NodeQueryResult,11,0,14,13,67,14,0,0,0.21428571428571427,9,4,/temp/xp/modules/wem-repo/src/main/java/com/enonic/wem/repo/internal/index/query/NodeQueryResult.java,11
xp,com.enonic.wem.repo.internal.index.query,Builder,5,0,6,6,30,6,0,0,1.0,1,3,/temp/xp/modules/wem-repo/src/main/java/com/enonic/wem/repo/internal/index/query/NodeQueryResult.java,75
xp,com.enonic.wem.repo.internal.elasticsearch.aggregation,AggregationsFactory,1,0,5,1,39,11,0,0,0.0,1,3,/temp/xp/modules/wem-repo/src/main/java/com/enonic/wem/repo/internal/elasticsearch/aggregation/AggregationsFactory.java,14
xp,com.enonic.wem.repo.internal.elasticsearch.aggregation,HistogramAggregationQueryBuilderFactory,0,0,4,1,47,15,0,0,-1.0,1,4,/temp/xp/modules/wem-repo/src/main/java/com/enonic/wem/repo/internal/elasticsearch/aggregation/HistogramAggregationQueryBuilderFactory.java,14
xp,com.enonic.wem.repo.internal.elasticsearch.aggregation,RangeAggregationBuilderFactory,0,0,3,1,37,9,0,0,-1.0,1,4,/temp/xp/modules/wem-repo/src/main/java/com/enonic/wem/repo/internal/elasticsearch/aggregation/RangeAggregationBuilderFactory.java,14
xp,com.enonic.wem.repo.internal.elasticsearch.aggregation,AggregationBuilderFactory,0,0,2,1,28,7,0,0,-1.0,1,4,/temp/xp/modules/wem-repo/src/main/java/com/enonic/wem/repo/internal/elasticsearch/aggregation/AggregationBuilderFactory.java,18
xp,com.enonic.wem.repo.internal.elasticsearch.aggregation,BucketsFactory,0,0,4,0,33,8,0,0,-1.0,1,2,/temp/xp/modules/wem-repo/src/main/java/com/enonic/wem/repo/internal/elasticsearch/aggregation/BucketsFactory.java,14
xp,com.enonic.wem.repo.internal.elasticsearch.function,FulltextFunctionArguments,1,0,3,3,12,3,0,0,1.0,1,1,/temp/xp/modules/wem-repo/src/main/java/com/enonic/wem/repo/internal/elasticsearch/function/FulltextFunctionArguments.java,9
xp,com.enonic.wem.repo.internal.elasticsearch.function,FunctionQueryBuilderException,0,0,4,3,16,4,0,0,-1.0,0,0,/temp/xp/modules/wem-repo/src/main/java/com/enonic/wem/repo/internal/elasticsearch/function/FunctionQueryBuilderException.java,3
xp,com.enonic.wem.repo.internal.elasticsearch.function,GeoDistanceSortFunctionArguments,7,0,8,5,43,8,0,1,0.5,1,2,/temp/xp/modules/wem-repo/src/main/java/com/enonic/wem/repo/internal/elasticsearch/function/GeoDistanceSortFunctionArguments.java,9
xp,com.enonic.wem.repo.internal.elasticsearch.function,AbstractFunctionArguments,0,0,4,0,10,5,1,0,-1.0,0,0,/temp/xp/modules/wem-repo/src/main/java/com/enonic/wem/repo/internal/elasticsearch/function/AbstractFunctionArguments.java,7
xp,com.enonic.wem.repo.internal.elasticsearch.function,WeightedQueryFieldName,2,0,4,3,26,6,0,0,0.5,1,0,/temp/xp/modules/wem-repo/src/main/java/com/enonic/wem/repo/internal/elasticsearch/function/WeightedQueryFieldName.java,5
xp,com.enonic.wem.repo.internal.elasticsearch.function,NGramFunctionArguments,0,0,3,3,11,3,0,0,-1.0,1,1,/temp/xp/modules/wem-repo/src/main/java/com/enonic/wem/repo/internal/elasticsearch/function/NGramFunctionArguments.java,9
xp,com.enonic.wem.repo.internal.elasticsearch.function,WeightedQueryFieldNames,1,0,4,3,23,6,0,0,0.5,1,1,/temp/xp/modules/wem-repo/src/main/java/com/enonic/wem/repo/internal/elasticsearch/function/WeightedQueryFieldNames.java,11
xp,com.enonic.wem.repo.internal.elasticsearch.result,GetResultFactory,0,0,1,1,8,2,0,0,-1.0,1,2,/temp/xp/modules/wem-repo/src/main/java/com/enonic/wem/repo/internal/elasticsearch/result/GetResultFactory.java,7
xp,com.enonic.wem.repo.internal.elasticsearch.result,SearchResultFieldsFactory,0,0,2,2,20,4,0,0,-1.0,1,1,/temp/xp/modules/wem-repo/src/main/java/com/enonic/wem/repo/internal/elasticsearch/result/SearchResultFieldsFactory.java,14
xp,com.enonic.wem.repo.internal.elasticsearch.result,SearchResultEntriesFactory,0,0,2,2,13,3,0,0,-1.0,2,3,/temp/xp/modules/wem-repo/src/main/java/com/enonic/wem/repo/internal/elasticsearch/result/SearchResultEntriesFactory.java,10
xp,com.enonic.wem.repo.internal.elasticsearch.result,SearchResultFactory,0,0,1,1,5,1,0,0,-1.0,1,3,/temp/xp/modules/wem-repo/src/main/java/com/enonic/wem/repo/internal/elasticsearch/result/SearchResultFactory.java,8
xp,com.enonic.wem.repo.internal.elasticsearch.document,StoreDocumentDateItem,1,0,3,3,13,3,0,1,0.6666666666666666,1,2,/temp/xp/modules/wem-repo/src/main/java/com/enonic/wem/repo/internal/elasticsearch/document/StoreDocumentDateItem.java,9
xp,com.enonic.wem.repo.internal.elasticsearch.document,StoreDocumentNGramItem,1,0,3,3,13,3,0,1,0.6666666666666666,0,2,/temp/xp/modules/wem-repo/src/main/java/com/enonic/wem/repo/internal/elasticsearch/document/StoreDocumentNGramItem.java,6
xp,com.enonic.wem.repo.internal.elasticsearch.document,AbstractStoreDocumentItem,1,0,4,3,11,4,7,0,0.75,5,1,/temp/xp/modules/wem-repo/src/main/java/com/enonic/wem/repo/internal/elasticsearch/document/AbstractStoreDocumentItem.java,6
xp,com.enonic.wem.repo.internal.elasticsearch.document,StoreDocumentAnalyzedItem,1,0,3,3,13,3,0,1,0.6666666666666666,0,2,/temp/xp/modules/wem-repo/src/main/java/com/enonic/wem/repo/internal/elasticsearch/document/StoreDocumentAnalyzedItem.java,6
xp,com.enonic.wem.repo.internal.elasticsearch.document,StoreDocumentStringItem,1,0,3,3,13,3,0,1,0.6666666666666666,1,2,/temp/xp/modules/wem-repo/src/main/java/com/enonic/wem/repo/internal/elasticsearch/document/StoreDocumentStringItem.java,6
xp,com.enonic.wem.repo.internal.elasticsearch.document,StoreDocumentNumberItem,1,0,3,3,13,3,0,1,0.6666666666666666,1,2,/temp/xp/modules/wem-repo/src/main/java/com/enonic/wem/repo/internal/elasticsearch/document/StoreDocumentNumberItem.java,6
xp,com.enonic.wem.repo.internal.elasticsearch.document,StoreDocumentOrderbyItem,1,0,3,3,13,3,0,1,0.6666666666666666,1,2,/temp/xp/modules/wem-repo/src/main/java/com/enonic/wem/repo/internal/elasticsearch/document/StoreDocumentOrderbyItem.java,6
xp,com.enonic.wem.repo.internal.elasticsearch.document,StoreDocumentItemFactory,0,0,13,2,77,22,0,0,-1.0,2,13,/temp/xp/modules/wem-repo/src/main/java/com/enonic/wem/repo/internal/elasticsearch/document/StoreDocumentItemFactory.java,16
xp,com.enonic.wem.repo.internal.elasticsearch.document,AbstractIndexDocument,6,0,7,6,36,7,4,0,0.0,4,1,/temp/xp/modules/wem-repo/src/main/java/com/enonic/wem/repo/internal/elasticsearch/document/AbstractIndexDocument.java,3
xp,com.enonic.wem.repo.internal.elasticsearch.document,Builder,3,0,3,3,17,3,0,0,1.0,5,0,/temp/xp/modules/wem-repo/src/main/java/com/enonic/wem/repo/internal/elasticsearch/document/AbstractIndexDocument.java,33
xp,com.enonic.wem.repo.internal.elasticsearch.document,DeleteDocument,2,0,6,4,25,6,0,1,0.6666666666666666,3,2,/temp/xp/modules/wem-repo/src/main/java/com/enonic/wem/repo/internal/elasticsearch/document/DeleteDocument.java,3
xp,com.enonic.wem.repo.internal.elasticsearch.document,Builder,1,0,3,2,12,3,0,1,1.0,0,3,/temp/xp/modules/wem-repo/src/main/java/com/enonic/wem/repo/internal/elasticsearch/document/DeleteDocument.java,25
xp,com.enonic.wem.repo.internal.elasticsearch.document,StoreDocument,6,0,11,10,50,11,0,1,0.2727272727272727,6,4,/temp/xp/modules/wem-repo/src/main/java/com/enonic/wem/repo/internal/elasticsearch/document/StoreDocument.java,11
xp,com.enonic.wem.repo.internal.elasticsearch.document,Builder,3,0,6,6,27,6,0,1,0.6666666666666666,0,5,/temp/xp/modules/wem-repo/src/main/java/com/enonic/wem/repo/internal/elasticsearch/document/StoreDocument.java,48
xp,com.enonic.wem.repo.internal.elasticsearch.document,StoreDocumentGeoPointItem,1,0,3,3,13,3,0,1,0.6666666666666666,1,2,/temp/xp/modules/wem-repo/src/main/java/com/enonic/wem/repo/internal/elasticsearch/document/StoreDocumentGeoPointItem.java,6
xp,com.enonic.wem.repo.internal.elasticsearch.query.builder,DynamicQueryBuilderFactory,0,0,1,1,9,2,0,0,-1.0,1,3,/temp/xp/modules/wem-repo/src/main/java/com/enonic/wem/repo/internal/elasticsearch/query/builder/DynamicQueryBuilderFactory.java,9
xp,com.enonic.wem.repo.internal.elasticsearch.query.builder,InQueryBuilderFactory,0,0,1,1,14,3,0,0,-1.0,1,3,/temp/xp/modules/wem-repo/src/main/java/com/enonic/wem/repo/internal/elasticsearch/query/builder/InQueryBuilderFactory.java,14
xp,com.enonic.wem.repo.internal.elasticsearch.query.builder,AclFilterBuilderFactory,0,0,2,1,15,4,0,0,-1.0,3,5,/temp/xp/modules/wem-repo/src/main/java/com/enonic/wem/repo/internal/elasticsearch/query/builder/AclFilterBuilderFactory.java,11
xp,com.enonic.wem.repo.internal.elasticsearch.query.builder,RangeQueryBuilderFactory,0,0,3,1,0,7,0,1,-1.0,1,2,/temp/xp/modules/wem-repo/src/main/java/com/enonic/wem/repo/internal/elasticsearch/query/builder/RangeQueryBuilderFactory.java,10
xp,com.enonic.wem.repo.internal.elasticsearch.query.builder,TermQueryBuilderFactory,0,0,2,2,10,2,0,1,-1.0,2,3,/temp/xp/modules/wem-repo/src/main/java/com/enonic/wem/repo/internal/elasticsearch/query/builder/TermQueryBuilderFactory.java,10
xp,com.enonic.wem.repo.internal.elasticsearch.query.builder,SortQueryBuilderFactory,1,0,4,2,30,8,0,1,0.0,2,4,/temp/xp/modules/wem-repo/src/main/java/com/enonic/wem/repo/internal/elasticsearch/query/builder/SortQueryBuilderFactory.java,20
xp,com.enonic.wem.repo.internal.elasticsearch.query.builder,AbstractQueryBuilderFactory,0,0,2,0,18,5,7,0,-1.0,0,3,/temp/xp/modules/wem-repo/src/main/java/com/enonic/wem/repo/internal/elasticsearch/query/builder/AbstractQueryBuilderFactory.java,10
xp,com.enonic.wem.repo.internal.elasticsearch.query.builder,CompareQueryBuilderFactory,0,0,1,1,0,11,0,1,-1.0,1,5,/temp/xp/modules/wem-repo/src/main/java/com/enonic/wem/repo/internal/elasticsearch/query/builder/CompareQueryBuilderFactory.java,8
xp,com.enonic.wem.repo.internal.elasticsearch.query.builder,QueryBuilderFactory,2,0,9,5,80,18,0,1,0.3333333333333333,4,11,/temp/xp/modules/wem-repo/src/main/java/com/enonic/wem/repo/internal/elasticsearch/query/builder/QueryBuilderFactory.java,18
xp,com.enonic.wem.repo.internal.elasticsearch.query.builder,Builder,2,0,4,4,19,4,0,0,0.75,1,4,/temp/xp/modules/wem-repo/src/main/java/com/enonic/wem/repo/internal/elasticsearch/query/builder/QueryBuilderFactory.java,113
xp,com.enonic.wem.repo.internal.elasticsearch.query.builder,FilterBuilderFactory,0,0,9,2,82,23,0,1,-1.0,2,7,/temp/xp/modules/wem-repo/src/main/java/com/enonic/wem/repo/internal/elasticsearch/query/builder/FilterBuilderFactory.java,25
xp,com.enonic.wem.repo.internal.elasticsearch.query.builder,LikeQueryBuilderFactory,0,0,1,1,7,1,0,1,-1.0,1,3,/temp/xp/modules/wem-repo/src/main/java/com/enonic/wem/repo/internal/elasticsearch/query/builder/LikeQueryBuilderFactory.java,10
xp,com.enonic.wem.repo.internal.entity.dao,NodeDao,0,0,3,3,5,3,1,0,-1.0,6,3,/temp/xp/modules/wem-repo/src/main/java/com/enonic/wem/repo/internal/entity/dao/NodeDao.java,8
xp,com.enonic.wem.repo.internal.entity.dao,NodeDaoImpl,2,0,7,4,50,10,0,1,0.0,2,8,/temp/xp/modules/wem-repo/src/main/java/com/enonic/wem/repo/internal/entity/dao/NodeDaoImpl.java,20
xp,com.enonic.wem.repo.internal.entity.relationship.dao,RelationshipDao,0,0,0,0,2,0,0,0,-1.0,0,0,/temp/xp/modules/wem-repo/src/main/java/com/enonic/wem/repo/internal/entity/relationship/dao/RelationshipDao.java,4
xp,com.enonic.wem.repo.internal.version,VersionService,0,0,3,3,5,3,0,0,-1.0,11,4,/temp/xp/modules/wem-repo/src/main/java/com/enonic/wem/repo/internal/version/VersionService.java,8
xp,com.enonic.wem.repo.internal.version,NodeVersionDocument,4,0,9,6,39,9,0,0,0.4444444444444444,5,3,/temp/xp/modules/wem-repo/src/main/java/com/enonic/wem/repo/internal/version/NodeVersionDocument.java,8
xp,com.enonic.wem.repo.internal.version,Builder,2,0,5,3,22,5,0,0,0.4,3,3,/temp/xp/modules/wem-repo/src/main/java/com/enonic/wem/repo/internal/version/NodeVersionDocument.java,36
xp,com.enonic.wem.repo.internal.version,VersionNotFoundException,0,0,1,1,5,1,0,0,-1.0,0,0,/temp/xp/modules/wem-repo/src/main/java/com/enonic/wem/repo/internal/version/VersionNotFoundException.java,3
xp,com.enonic.wem.repo.internal.version,GetVersionsQuery,6,0,10,8,44,10,0,0,0.4,4,2,/temp/xp/modules/wem-repo/src/main/java/com/enonic/wem/repo/internal/version/GetVersionsQuery.java,5
xp,com.enonic.wem.repo.internal.version,Builder,3,0,5,4,22,5,0,0,1.0,0,3,/temp/xp/modules/wem-repo/src/main/java/com/enonic/wem/repo/internal/version/GetVersionsQuery.java,41
xp,com.enonic.wem.repo.internal.version,VersionIndexPath,3,3,0,0,5,0,0,0,-1.0,3,1,/temp/xp/modules/wem-repo/src/main/java/com/enonic/wem/repo/internal/version/VersionIndexPath.java,5
xp,com.enonic.wem.repo.internal.repository,RepositoryInitializerImpl,3,0,8,4,64,11,0,0,0.0,2,10,/temp/xp/modules/wem-repo/src/main/java/com/enonic/wem/repo/internal/repository/RepositoryInitializerImpl.java,18
xp,com.enonic.wem.repo.internal.repository,StorageSettings,1,0,1,1,6,1,0,0,0.0,0,0,/temp/xp/modules/wem-repo/src/main/java/com/enonic/wem/repo/internal/repository/StorageSettings.java,5
xp,com.enonic.wem.repo.internal.repository,RepositorySearchIndexSettingsProvider,2,1,2,1,10,2,0,1,0.0,1,1,/temp/xp/modules/wem-repo/src/main/java/com/enonic/wem/repo/internal/repository/RepositorySearchIndexSettingsProvider.java,5
xp,com.enonic.wem.repo.internal.repository,RepositoryIndexMappingProvider,5,0,3,3,16,3,0,1,0.0,2,1,/temp/xp/modules/wem-repo/src/main/java/com/enonic/wem/repo/internal/repository/RepositoryIndexMappingProvider.java,5
xp,com.enonic.wem.repo.internal.repository,IndexNameResolver,2,2,1,1,7,1,0,0,0.0,8,1,/temp/xp/modules/wem-repo/src/main/java/com/enonic/wem/repo/internal/repository/IndexNameResolver.java,5
xp,com.enonic.wem.repo.internal.repository,RepositoryStorageSettingsProvider,2,1,2,1,10,2,0,1,0.0,2,1,/temp/xp/modules/wem-repo/src/main/java/com/enonic/wem/repo/internal/repository/RepositoryStorageSettingsProvider.java,5
xp,com.enonic.wem.repo.internal.repository,StorageNameResolver,2,2,1,1,7,1,0,0,0.0,6,1,/temp/xp/modules/wem-repo/src/main/java/com/enonic/wem/repo/internal/repository/StorageNameResolver.java,5
xp,com.enonic.wem.repo.internal.repository,AbstractRepositorySettingsProvider,0,0,1,0,14,1,3,0,-1.0,0,2,/temp/xp/modules/wem-repo/src/main/java/com/enonic/wem/repo/internal/repository/AbstractRepositorySettingsProvider.java,12
xp,com.enonic.wem.repo.internal.workspace,WorkspaceContext,2,0,7,6,41,11,0,0,0.2857142857142857,7,3,/temp/xp/modules/wem-repo/src/main/java/com/enonic/wem/repo/internal/workspace/WorkspaceContext.java,7
xp,com.enonic.wem.repo.internal.workspace,UpdateWorkspaceReferenceDocument,2,0,7,6,32,8,0,0,0.42857142857142855,1,1,/temp/xp/modules/wem-repo/src/main/java/com/enonic/wem/repo/internal/workspace/UpdateWorkspaceReferenceDocument.java,9
xp,com.enonic.wem.repo.internal.workspace,Builder,1,0,4,4,20,5,0,0,0.5,3,1,/temp/xp/modules/wem-repo/src/main/java/com/enonic/wem/repo/internal/workspace/UpdateWorkspaceReferenceDocument.java,28
xp,com.enonic.wem.repo.internal.workspace,WorkspaceService,0,0,2,2,4,2,0,0,-1.0,3,3,/temp/xp/modules/wem-repo/src/main/java/com/enonic/wem/repo/internal/workspace/WorkspaceService.java,5
xp,com.enonic.wem.repo.internal.workspace,WorkspaceStoreException,0,0,2,2,8,2,0,0,-1.0,0,0,/temp/xp/modules/wem-repo/src/main/java/com/enonic/wem/repo/internal/workspace/WorkspaceStoreException.java,3
xp,com.enonic.wem.repo.internal.workspace,StoreWorkspaceDocument,4,0,9,8,53,13,0,0,0.3333333333333333,8,3,/temp/xp/modules/wem-repo/src/main/java/com/enonic/wem/repo/internal/workspace/StoreWorkspaceDocument.java,6
xp,com.enonic.wem.repo.internal.workspace,Builder,2,0,3,3,15,3,0,0,1.0,0,4,/temp/xp/modules/wem-repo/src/main/java/com/enonic/wem/repo/internal/workspace/StoreWorkspaceDocument.java,33
xp,com.enonic.wem.repo.internal.workspace,WorkspaceDocumentId,4,0,7,6,41,8,0,0,0.0,5,2,/temp/xp/modules/wem-repo/src/main/java/com/enonic/wem/repo/internal/workspace/WorkspaceDocumentId.java,11
xp,com.enonic.wem.repo.internal.workspace.compare,DiffStatusResolver,0,0,1,1,22,6,0,0,-1.0,2,3,/temp/xp/modules/wem-repo/src/main/java/com/enonic/wem/repo/internal/workspace/compare/DiffStatusResolver.java,6
xp,com.enonic.wem.repo.internal.workspace.compare,DiffStatusParams,2,0,3,3,14,3,0,0,0.0,1,1,/temp/xp/modules/wem-repo/src/main/java/com/enonic/wem/repo/internal/workspace/compare/DiffStatusParams.java,5
xp,com.enonic.wem.repo.internal.workspace.compare.query,CompareWorkspacesQuery,4,0,7,6,32,7,0,0,0.42857142857142855,1,2,/temp/xp/modules/wem-repo/src/main/java/com/enonic/wem/repo/internal/workspace/compare/query/CompareWorkspacesQuery.java,5
xp,com.enonic.wem.repo.internal.workspace.compare.query,Builder,2,0,3,3,15,3,0,0,1.0,1,2,/temp/xp/modules/wem-repo/src/main/java/com/enonic/wem/repo/internal/workspace/compare/query/CompareWorkspacesQuery.java,32
xp,com.enonic.xp.portal.jslib.impl,ServiceUrlHandlerTest,0,0,2,1,8,2,0,1,-1.0,0,0,/temp/xp/modules/portal-jslib/src/test/java/com/enonic/xp/portal/jslib/impl/ServiceUrlHandlerTest.java,7
xp,com.enonic.xp.portal.jslib.impl,AssetUrlHandlerTest,0,0,2,1,8,2,0,1,-1.0,0,0,/temp/xp/modules/portal-jslib/src/test/java/com/enonic/xp/portal/jslib/impl/AssetUrlHandlerTest.java,7
xp,com.enonic.xp.portal.jslib.impl,AbstractUrlHandlerTest,0,0,3,1,21,3,7,0,-1.0,0,8,/temp/xp/modules/portal-jslib/src/test/java/com/enonic/xp/portal/jslib/impl/AbstractUrlHandlerTest.java,19
xp,com.enonic.xp.portal.jslib.impl,AttachmentUrlHandlerTest,0,0,2,1,8,2,0,1,-1.0,0,0,/temp/xp/modules/portal-jslib/src/test/java/com/enonic/xp/portal/jslib/impl/AttachmentUrlHandlerTest.java,7
xp,com.enonic.xp.portal.jslib.impl,PageUrlHandlerTest,0,0,2,1,8,2,0,1,-1.0,0,0,/temp/xp/modules/portal-jslib/src/test/java/com/enonic/xp/portal/jslib/impl/PageUrlHandlerTest.java,7
xp,com.enonic.xp.portal.jslib.impl,GeneralUrlHandlerTest,0,0,2,1,8,2,0,1,-1.0,0,0,/temp/xp/modules/portal-jslib/src/test/java/com/enonic/xp/portal/jslib/impl/GeneralUrlHandlerTest.java,7
xp,com.enonic.xp.portal.jslib.impl,ComponentUrlHandlerTest,0,0,2,1,8,2,0,1,-1.0,0,0,/temp/xp/modules/portal-jslib/src/test/java/com/enonic/xp/portal/jslib/impl/ComponentUrlHandlerTest.java,7
xp,com.enonic.xp.portal.jslib.impl,ImageUrlHandlerTest,0,0,2,1,8,2,0,1,-1.0,0,0,/temp/xp/modules/portal-jslib/src/test/java/com/enonic/xp/portal/jslib/impl/ImageUrlHandlerTest.java,7
xp,com.enonic.xp.portal.jslib.impl,ServiceUrlHandler,0,0,2,1,8,2,0,1,-1.0,0,1,/temp/xp/modules/portal-jslib/src/main/java/com/enonic/xp/portal/jslib/impl/ServiceUrlHandler.java,11
xp,com.enonic.xp.portal.jslib.impl,AttachmentUrlHandler,0,0,2,1,8,2,0,1,-1.0,0,1,/temp/xp/modules/portal-jslib/src/main/java/com/enonic/xp/portal/jslib/impl/AttachmentUrlHandler.java,11
xp,com.enonic.xp.portal.jslib.impl,AbstractUrlHandler,1,0,10,3,56,16,7,0,0.4,0,4,/temp/xp/modules/portal-jslib/src/main/java/com/enonic/xp/portal/jslib/impl/AbstractUrlHandler.java,15
xp,com.enonic.xp.portal.jslib.impl,PageUrlHandler,0,0,2,1,8,2,0,1,-1.0,0,1,/temp/xp/modules/portal-jslib/src/main/java/com/enonic/xp/portal/jslib/impl/PageUrlHandler.java,11
xp,com.enonic.xp.portal.jslib.impl,ImageUrlHandler,0,0,2,1,8,2,0,1,-1.0,0,1,/temp/xp/modules/portal-jslib/src/main/java/com/enonic/xp/portal/jslib/impl/ImageUrlHandler.java,11
xp,com.enonic.xp.portal.jslib.impl,GeneralUrlHandler,0,0,2,1,8,2,0,1,-1.0,0,1,/temp/xp/modules/portal-jslib/src/main/java/com/enonic/xp/portal/jslib/impl/GeneralUrlHandler.java,11
xp,com.enonic.xp.portal.jslib.impl,ComponentUrlHandler,0,0,2,1,8,2,0,1,-1.0,0,1,/temp/xp/modules/portal-jslib/src/main/java/com/enonic/xp/portal/jslib/impl/ComponentUrlHandler.java,11
xp,com.enonic.xp.portal.jslib.impl,AssetUrlHandler,0,0,2,1,8,2,0,1,-1.0,0,1,/temp/xp/modules/portal-jslib/src/main/java/com/enonic/xp/portal/jslib/impl/AssetUrlHandler.java,11
xp,com.enonic.wem.jsapi.internal.content,GetContentHandlerTest,1,0,5,4,29,5,0,0,0.0,0,6,/temp/xp/modules/wem-jsapi/src/test/java/com/enonic/wem/jsapi/internal/content/GetContentHandlerTest.java,14
xp,com.enonic.wem.jsapi.internal.content,ModifyContentHandlerTest,1,0,5,3,25,5,0,0,0.8,0,6,/temp/xp/modules/wem-jsapi/src/test/java/com/enonic/wem/jsapi/internal/content/ModifyContentHandlerTest.java,16
xp,com.enonic.wem.jsapi.internal.content,ContentFixtures,0,0,10,10,78,10,0,0,-1.0,2,16,/temp/xp/modules/wem-jsapi/src/test/java/com/enonic/wem/jsapi/internal/content/ContentFixtures.java,24
xp,com.enonic.wem.jsapi.internal.content,GetContentHandler,1,0,6,3,37,7,0,0,0.3333333333333333,1,5,/temp/xp/modules/wem-jsapi/src/main/java/com/enonic/wem/jsapi/internal/content/GetContentHandler.java,15
xp,com.enonic.wem.jsapi.internal.content,ModifyContentHandler,1,0,4,3,33,6,0,0,0.5,1,6,/temp/xp/modules/wem-jsapi/src/main/java/com/enonic/wem/jsapi/internal/content/ModifyContentHandler.java,17
xp,com.enonic.wem.jsapi.internal,AbstractHandlerTest,0,0,3,1,12,3,0,0,-1.0,0,1,/temp/xp/modules/wem-jsapi/src/test/java/com/enonic/wem/jsapi/internal/AbstractHandlerTest.java,11
xp,com.enonic.wem.jsapi.internal.mapper,PropertyTreeMapper,1,0,7,2,40,11,0,0,0.0,0,2,/temp/xp/modules/wem-jsapi/src/main/java/com/enonic/wem/jsapi/internal/mapper/PropertyTreeMapper.java,10
xp,com.enonic.wem.jsapi.internal.mapper,PageMapper,1,0,4,2,26,5,0,0,0.0,0,3,/temp/xp/modules/wem-jsapi/src/main/java/com/enonic/wem/jsapi/internal/mapper/PageMapper.java,9
xp,com.enonic.wem.jsapi.internal.mapper,PageComponentMapper,1,0,5,2,35,8,0,0,0.4,0,4,/temp/xp/modules/wem-jsapi/src/main/java/com/enonic/wem/jsapi/internal/mapper/PageComponentMapper.java,10
xp,com.enonic.wem.jsapi.internal.mapper,RegionMapper,1,0,4,2,22,5,0,0,0.0,0,2,/temp/xp/modules/wem-jsapi/src/main/java/com/enonic/wem/jsapi/internal/mapper/RegionMapper.java,8
xp,com.enonic.wem.jsapi.internal.mapper,ContentMapper,1,0,6,2,44,7,0,0,0.0,0,4,/temp/xp/modules/wem-jsapi/src/main/java/com/enonic/wem/jsapi/internal/mapper/ContentMapper.java,10
xp,com.enonic.xp.portal.xslt.impl,UrlFunctionsTest,0,0,1,1,14,1,0,1,-1.0,0,7,/temp/xp/modules/portal-xslt/src/test/java/com/enonic/xp/portal/xslt/impl/UrlFunctionsTest.java,14
xp,com.enonic.xp.portal.xslt.impl,AbstractFunctionTest,1,0,3,1,21,3,1,0,0.0,0,6,/temp/xp/modules/portal-xslt/src/test/java/com/enonic/xp/portal/xslt/impl/AbstractFunctionTest.java,20
xp,com.enonic.xp.portal.xslt.impl,RenderViewHandlerTest,0,0,6,3,32,6,0,0,-1.0,0,2,/temp/xp/modules/portal-xslt/src/test/java/com/enonic/xp/portal/xslt/impl/RenderViewHandlerTest.java,17
xp,com.enonic.xp.portal.xslt.impl,RenderViewHandler,1,0,3,3,15,3,0,0,0.6666666666666666,0,5,/temp/xp/modules/portal-xslt/src/main/java/com/enonic/xp/portal/xslt/impl/RenderViewHandler.java,9
xp,com.enonic.xp.portal.xslt.impl,XsltProcessorFactory,1,0,3,2,19,3,0,0,0.0,2,1,/temp/xp/modules/portal-xslt/src/main/java/com/enonic/xp/portal/xslt/impl/XsltProcessorFactory.java,10
xp,com.enonic.xp.portal.xslt.impl,UriResolverImpl,0,0,2,1,15,2,0,0,-1.0,0,1,/temp/xp/modules/portal-xslt/src/main/java/com/enonic/xp/portal/xslt/impl/UriResolverImpl.java,12
xp,com.enonic.xp.portal.xslt.impl,MapToXmlConverter,0,0,4,1,32,8,0,0,-1.0,1,1,/temp/xp/modules/portal-xslt/src/main/java/com/enonic/xp/portal/xslt/impl/MapToXmlConverter.java,11
xp,com.enonic.xp.portal.xslt.impl,XsltProcessorErrors,1,0,6,6,20,6,0,0,0.3333333333333333,1,0,/temp/xp/modules/portal-xslt/src/main/java/com/enonic/xp/portal/xslt/impl/XsltProcessorErrors.java,11
xp,com.enonic.xp.portal.xslt.impl,XsltProcessor,5,0,9,4,76,13,0,0,0.2222222222222222,3,4,/temp/xp/modules/portal-xslt/src/main/java/com/enonic/xp/portal/xslt/impl/XsltProcessor.java,23
xp,com.enonic.xp.portal.xslt.impl.function,ServiceUrlFunction,0,0,2,1,8,2,0,2,-1.0,0,1,/temp/xp/modules/portal-xslt/src/main/java/com/enonic/xp/portal/xslt/impl/function/ServiceUrlFunction.java,7
xp,com.enonic.xp.portal.xslt.impl.function,ImageUrlFunction,0,0,2,1,8,2,0,2,-1.0,0,1,/temp/xp/modules/portal-xslt/src/main/java/com/enonic/xp/portal/xslt/impl/function/ImageUrlFunction.java,7
xp,com.enonic.xp.portal.xslt.impl.function,ComponentUrlFunction,0,0,2,1,8,2,0,2,-1.0,0,1,/temp/xp/modules/portal-xslt/src/main/java/com/enonic/xp/portal/xslt/impl/function/ComponentUrlFunction.java,7
xp,com.enonic.xp.portal.xslt.impl.function,PageUrlFunction,0,0,2,1,8,2,0,2,-1.0,0,1,/temp/xp/modules/portal-xslt/src/main/java/com/enonic/xp/portal/xslt/impl/function/PageUrlFunction.java,7
xp,com.enonic.xp.portal.xslt.impl.function,AbstractUrlFunction,0,0,5,3,28,6,7,1,-1.0,0,3,/temp/xp/modules/portal-xslt/src/main/java/com/enonic/xp/portal/xslt/impl/function/AbstractUrlFunction.java,16
xp,com.enonic.xp.portal.xslt.impl.function,Call,0,0,1,1,11,2,0,1,-1.0,0,1,/temp/xp/modules/portal-xslt/src/main/java/com/enonic/xp/portal/xslt/impl/function/AbstractUrlFunction.java,19
xp,com.enonic.xp.portal.xslt.impl.function,XsltFunctionLibrary,0,0,1,1,11,1,0,0,-1.0,0,0,/temp/xp/modules/portal-xslt/src/main/java/com/enonic/xp/portal/xslt/impl/function/XsltFunctionLibrary.java,5
xp,com.enonic.xp.portal.xslt.impl.function,AssetUrlFunction,0,0,2,1,8,2,0,2,-1.0,0,1,/temp/xp/modules/portal-xslt/src/main/java/com/enonic/xp/portal/xslt/impl/function/AssetUrlFunction.java,7
xp,com.enonic.xp.portal.xslt.impl.function,AbstractFunctionCall,0,0,2,0,14,3,1,0,-1.0,0,0,/temp/xp/modules/portal-xslt/src/main/java/com/enonic/xp/portal/xslt/impl/function/AbstractFunctionCall.java,9
xp,com.enonic.xp.portal.xslt.impl.function,AbstractFunction,6,0,10,6,40,10,1,0,0.3,0,0,/temp/xp/modules/portal-xslt/src/main/java/com/enonic/xp/portal/xslt/impl/function/AbstractFunction.java,7
xp,com.enonic.xp.portal.xslt.impl.function,AttachmentUrlFunction,0,0,2,1,8,2,0,2,-1.0,0,1,/temp/xp/modules/portal-xslt/src/main/java/com/enonic/xp/portal/xslt/impl/function/AttachmentUrlFunction.java,7
xp,com.enonic.xp.portal.xslt.impl.function,GeneralUrlFunction,0,0,2,1,8,2,0,2,-1.0,0,1,/temp/xp/modules/portal-xslt/src/main/java/com/enonic/xp/portal/xslt/impl/function/GeneralUrlFunction.java,7
xp,com.enonic.wem.script,AbstractScriptTest,2,0,5,1,22,5,0,0,0.4,0,7,/temp/xp/modules/wem-script/src/test/java/com/enonic/wem/script/AbstractScriptTest.java,10
xp,com.enonic.wem.script,AssertHelper,1,0,4,4,22,4,0,0,0.75,0,1,/temp/xp/modules/wem-script/src/test/java/com/enonic/wem/script/AssertHelper.java,10
xp,com.enonic.wem.script,ScriptObject,0,0,12,12,14,12,0,0,-1.0,3,0,/temp/xp/modules/wem-script/src/main/java/com/enonic/wem/script/ScriptObject.java,6
xp,com.enonic.wem.script,ScriptExports,0,0,3,3,5,3,0,0,-1.0,12,1,/temp/xp/modules/wem-script/src/main/java/com/enonic/wem/script/ScriptExports.java,5
xp,com.enonic.wem.script,ScriptService,0,0,1,1,3,1,0,0,-1.0,1,2,/temp/xp/modules/wem-script/src/main/java/com/enonic/wem/script/ScriptService.java,5
xp,com.enonic.wem.script.internal.bean,ScriptObjectImplTest,0,0,7,6,92,7,0,0,-1.0,0,2,/temp/xp/modules/wem-script/src/test/java/com/enonic/wem/script/internal/bean/ScriptObjectImplTest.java,12
xp,com.enonic.wem.script.internal.bean,ScriptObjectFactoryImpl,1,0,2,2,9,2,0,1,1.0,0,1,/temp/xp/modules/wem-script/src/main/java/com/enonic/wem/script/internal/bean/ScriptObjectFactoryImpl.java,6
xp,com.enonic.wem.script.internal.bean,ScriptObjectImpl,2,0,14,13,69,19,0,0,0.0,0,3,/temp/xp/modules/wem-script/src/main/java/com/enonic/wem/script/internal/bean/ScriptObjectImpl.java,15
xp,com.enonic.wem.script.internal.bean,ScriptObjectFactory,0,0,1,1,3,1,1,0,-1.0,1,0,/temp/xp/modules/wem-script/src/main/java/com/enonic/wem/script/internal/bean/ScriptObjectFactory.java,5
xp,com.enonic.wem.script.internal.bean,JsObjectConverter,0,0,12,5,84,24,0,0,-1.0,7,2,/temp/xp/modules/wem-script/src/main/java/com/enonic/wem/script/internal/bean/JsObjectConverter.java,18
xp,com.enonic.wem.script.internal,ScriptServiceImplTest,0,0,6,6,52,6,0,0,-1.0,0,2,/temp/xp/modules/wem-script/src/test/java/com/enonic/wem/script/internal/ScriptServiceImplTest.java,12
xp,com.enonic.wem.script.internal,TestCommandHandler,0,0,2,2,10,2,0,0,-1.0,1,1,/temp/xp/modules/wem-script/src/test/java/com/enonic/wem/script/internal/TestCommandHandler.java,8
xp,com.enonic.wem.script.internal,CommandHandlerTest,1,0,3,3,24,3,0,0,0.6666666666666666,0,2,/temp/xp/modules/wem-script/src/test/java/com/enonic/wem/script/internal/CommandHandlerTest.java,12
xp,com.enonic.wem.script.internal,ScriptExecutor,0,0,3,3,5,3,1,0,-1.0,4,1,/temp/xp/modules/wem-script/src/main/java/com/enonic/wem/script/internal/ScriptExecutor.java,10
xp,com.enonic.wem.script.internal,ScriptServiceImpl,2,0,5,5,22,5,0,0,0.0,1,5,/temp/xp/modules/wem-script/src/main/java/com/enonic/wem/script/internal/ScriptServiceImpl.java,19
xp,com.enonic.wem.script.internal,ScriptExecutorImpl,4,0,7,4,54,7,0,1,0.0,1,6,/temp/xp/modules/wem-script/src/main/java/com/enonic/wem/script/internal/ScriptExecutorImpl.java,25
xp,com.enonic.wem.script.internal,ScriptExportsImpl,3,0,5,4,37,9,0,0,0.0,0,2,/temp/xp/modules/wem-script/src/main/java/com/enonic/wem/script/internal/ScriptExportsImpl.java,11
xp,com.enonic.wem.script.internal.logger,ScriptLoggerTest,0,0,2,2,8,2,0,0,-1.0,0,0,/temp/xp/modules/wem-script/src/test/java/com/enonic/wem/script/internal/logger/ScriptLoggerTest.java,7
xp,com.enonic.wem.script.internal.logger,LogArgConverter,1,0,4,2,35,8,0,0,0.0,1,2,/temp/xp/modules/wem-script/src/main/java/com/enonic/wem/script/internal/logger/LogArgConverter.java,12
xp,com.enonic.wem.script.internal.logger,ScriptLogger,4,0,7,7,29,7,0,0,0.42857142857142855,0,2,/temp/xp/modules/wem-script/src/main/java/com/enonic/wem/script/internal/logger/ScriptLogger.java,10
xp,com.enonic.wem.script.internal.serializer,ScriptMapGeneratorTest,0,0,2,2,21,2,0,0,-1.0,0,1,/temp/xp/modules/wem-script/src/test/java/com/enonic/wem/script/internal/serializer/ScriptMapGeneratorTest.java,14
xp,com.enonic.wem.script.internal.serializer,ScriptMapGenerator,0,0,6,0,20,6,0,1,-1.0,1,0,/temp/xp/modules/wem-script/src/main/java/com/enonic/wem/script/internal/serializer/ScriptMapGenerator.java,7
xp,com.enonic.wem.script.internal.serializer,MapGeneratorBase,3,0,21,9,85,27,1,0,0.0,0,0,/temp/xp/modules/wem-script/src/main/java/com/enonic/wem/script/internal/serializer/MapGeneratorBase.java,7
xp,com.enonic.wem.script.command,CommandHandler,0,0,2,2,4,2,0,0,-1.0,3,1,/temp/xp/modules/wem-script/src/main/java/com/enonic/wem/script/command/CommandHandler.java,3
xp,com.enonic.wem.script.command,CommandParam,0,0,6,6,8,6,0,0,-1.0,1,0,/temp/xp/modules/wem-script/src/main/java/com/enonic/wem/script/command/CommandParam.java,8
xp,com.enonic.wem.script.command,CommandRequest,0,0,4,4,6,4,0,0,-1.0,12,1,/temp/xp/modules/wem-script/src/main/java/com/enonic/wem/script/command/CommandRequest.java,8
xp,com.enonic.wem.script.internal.invoker,CommandInvokerImpl,1,0,5,4,24,6,0,1,0.0,1,3,/temp/xp/modules/wem-script/src/main/java/com/enonic/wem/script/internal/invoker/CommandInvokerImpl.java,11
xp,com.enonic.wem.script.internal.invoker,CommandParamImpl,3,0,11,8,64,17,0,0,0.18181818181818182,0,2,/temp/xp/modules/wem-script/src/main/java/com/enonic/wem/script/internal/invoker/CommandParamImpl.java,13
xp,com.enonic.wem.script.internal.invoker,CommandRequestImpl,3,0,7,7,26,7,0,0,0.2857142857142857,1,1,/temp/xp/modules/wem-script/src/main/java/com/enonic/wem/script/internal/invoker/CommandRequestImpl.java,9
xp,com.enonic.wem.script.internal.invoker,CommandInvoker,0,0,1,1,3,1,1,0,-1.0,2,1,/temp/xp/modules/wem-script/src/main/java/com/enonic/wem/script/internal/invoker/CommandInvoker.java,5
xp,com.enonic.wem.script.internal.function,ResolveFunction,1,0,6,5,30,8,0,0,0.6666666666666666,0,1,/temp/xp/modules/wem-script/src/main/java/com/enonic/wem/script/internal/function/ResolveFunction.java,9
xp,com.enonic.wem.script.internal.function,RequireFunction,3,0,6,5,42,11,0,0,0.6666666666666666,0,3,/temp/xp/modules/wem-script/src/main/java/com/enonic/wem/script/internal/function/RequireFunction.java,11
xp,com.enonic.wem.script.internal.function,ExecuteFunction,2,0,5,5,29,6,0,0,0.8,0,4,/temp/xp/modules/wem-script/src/main/java/com/enonic/wem/script/internal/function/ExecuteFunction.java,12
xp,com.enonic.wem.script.internal.error,ErrorHelper,0,0,5,1,44,9,0,0,-1.0,2,3,/temp/xp/modules/wem-script/src/main/java/com/enonic/wem/script/internal/error/ErrorHelper.java,11
xp,com.enonic.wem.script.serializer,MapSerializable,0,0,1,1,3,1,0,0,-1.0,1,1,/temp/xp/modules/wem-script/src/main/java/com/enonic/wem/script/serializer/MapSerializable.java,3
xp,com.enonic.wem.script.serializer,MapGenerator,0,0,7,0,9,7,0,0,-1.0,6,0,/temp/xp/modules/wem-script/src/main/java/com/enonic/wem/script/serializer/MapGenerator.java,3
xp,com.enonic.wem.itests.api,ApiBundleTest,0,0,2,1,8,2,0,0,-1.0,0,0,/temp/xp/modules/wem-itests/src/test/java/com/enonic/wem/itests/api/ApiBundleTest.java,12
xp,com.enonic.wem.itests,AbstractOsgiTest,0,0,2,1,11,2,0,0,-1.0,0,0,/temp/xp/modules/wem-itests/src/test/java/com/enonic/wem/itests/AbstractOsgiTest.java,17
xp,com.enonic.wem.itests.core.elasticsearch,EmbeddedElasticsearchServer,5,0,5,4,34,5,0,0,0.4,1,0,/temp/xp/modules/wem-itests/src/test/java/com/enonic/wem/itests/core/elasticsearch/EmbeddedElasticsearchServer.java,16
xp,com.enonic.wem.itests.core.elasticsearch,AbstractElasticsearchIntegrationTest,5,0,4,3,28,4,0,0,0.0,0,3,/temp/xp/modules/wem-itests/src/test/java/com/enonic/wem/itests/core/elasticsearch/AbstractElasticsearchIntegrationTest.java,14
xp,com.enonic.wem.itests.core.security,SecurityServiceImplTest,8,0,17,16,283,17,0,0,0.0,0,36,/temp/xp/modules/wem-itests/src/test/java/com/enonic/wem/itests/core/security/SecurityServiceImplTest.java,51
xp,com.enonic.wem.itests.core.security,CustomAuthenticationToken,0,0,0,0,2,0,0,0,-1.0,1,0,/temp/xp/modules/wem-itests/src/test/java/com/enonic/wem/itests/core/security/SecurityServiceImplTest.java,629
xp,com.enonic.wem.portal.internal.underscore,PublicResourceTest,0,0,5,4,34,5,0,0,-1.0,0,1,/temp/xp/modules/portal-impl/src/test/java/com/enonic/wem/portal/internal/underscore/PublicResourceTest.java,11
xp,com.enonic.wem.portal.internal.underscore,ImageByNameResourceTest,0,0,3,3,23,3,0,1,-1.0,0,0,/temp/xp/modules/portal-impl/src/test/java/com/enonic/wem/portal/internal/underscore/ImageByNameResourceTest.java,10
xp,com.enonic.wem.portal.internal.underscore,ServiceResourceTest,1,0,2,1,28,2,0,0,0.0,0,6,/temp/xp/modules/portal-impl/src/test/java/com/enonic/wem/portal/internal/underscore/ServiceResourceTest.java,20
xp,com.enonic.wem.portal.internal.underscore,ImageByIdResourceTest,0,0,3,3,23,3,0,1,-1.0,0,0,/temp/xp/modules/portal-impl/src/test/java/com/enonic/wem/portal/internal/underscore/ImageByIdResourceTest.java,10
xp,com.enonic.wem.portal.internal.underscore,ImageBaseResourceTest,3,0,4,0,34,4,2,0,0.5,0,15,/temp/xp/modules/portal-impl/src/test/java/com/enonic/wem/portal/internal/underscore/ImageBaseResourceTest.java,26
xp,com.enonic.wem.portal.internal.underscore,ServiceResourceProvider,2,0,4,4,19,4,0,0,0.5,1,3,/temp/xp/modules/portal-impl/src/main/java/com/enonic/wem/portal/internal/underscore/ServiceResourceProvider.java,7
xp,com.enonic.wem.portal.internal.underscore,ImageResource,10,0,15,6,125,25,0,0,0.13333333333333333,1,13,/temp/xp/modules/portal-impl/src/main/java/com/enonic/wem/portal/internal/underscore/ImageResource.java,36
xp,com.enonic.wem.portal.internal.underscore,PublicResourceProvider,1,0,3,3,14,3,0,0,0.6666666666666666,1,2,/temp/xp/modules/portal-impl/src/main/java/com/enonic/wem/portal/internal/underscore/PublicResourceProvider.java,6
xp,com.enonic.wem.portal.internal.underscore,PublicResource,3,0,2,2,20,4,0,0,0.0,1,3,/temp/xp/modules/portal-impl/src/main/java/com/enonic/wem/portal/internal/underscore/PublicResource.java,16
xp,com.enonic.wem.portal.internal.underscore,ServiceResource,7,0,5,4,34,5,0,0,0.0,1,9,/temp/xp/modules/portal-impl/src/main/java/com/enonic/wem/portal/internal/underscore/ServiceResource.java,24
xp,com.enonic.wem.portal.internal.underscore,ImageResourceProvider,3,0,5,5,24,5,0,0,0.4,1,4,/temp/xp/modules/portal-impl/src/main/java/com/enonic/wem/portal/internal/underscore/ImageResourceProvider.java,8
xp,com.enonic.wem.portal.internal.controller,PortalResponseSerializerTest,2,0,7,7,63,7,0,0,0.0,0,3,/temp/xp/modules/portal-impl/src/test/java/com/enonic/wem/portal/internal/controller/PortalResponseSerializerTest.java,17
xp,com.enonic.wem.portal.internal.controller,AbstractControllerTest,6,0,2,1,25,2,1,0,0.0,0,8,/temp/xp/modules/portal-impl/src/test/java/com/enonic/wem/portal/internal/controller/AbstractControllerTest.java,12
xp,com.enonic.wem.portal.internal.controller,ControllerScriptImplTest,0,0,4,4,29,4,0,1,-1.0,0,6,/temp/xp/modules/portal-impl/src/test/java/com/enonic/wem/portal/internal/controller/ControllerScriptImplTest.java,16
xp,com.enonic.wem.portal.internal.controller,PortalRequestImplTest,0,0,6,6,45,6,0,0,-1.0,0,3,/temp/xp/modules/portal-impl/src/test/java/com/enonic/wem/portal/internal/controller/PortalRequestImplTest.java,18
xp,com.enonic.wem.portal.internal.controller,PortalContextImpl,8,0,22,22,76,22,0,0,0.36363636363636365,11,8,/temp/xp/modules/portal-impl/src/main/java/com/enonic/wem/portal/internal/controller/PortalContextImpl.java,17
xp,com.enonic.wem.portal.internal.controller,ControllerScriptFactoryImpl,3,0,7,4,35,8,0,1,0.0,1,7,/temp/xp/modules/portal-impl/src/main/java/com/enonic/wem/portal/internal/controller/ControllerScriptFactoryImpl.java,12
xp,com.enonic.wem.portal.internal.controller,ControllerScriptFactory,0,0,1,1,3,1,1,0,-1.0,5,2,/temp/xp/modules/portal-impl/src/main/java/com/enonic/wem/portal/internal/controller/ControllerScriptFactory.java,5
xp,com.enonic.wem.portal.internal.controller,ControllerScript,0,0,1,1,3,1,1,0,-1.0,7,1,/temp/xp/modules/portal-impl/src/main/java/com/enonic/wem/portal/internal/controller/ControllerScript.java,5
xp,com.enonic.wem.portal.internal.controller,PortalRequestImpl,5,1,14,14,53,15,0,0,0.21428571428571427,7,4,/temp/xp/modules/portal-impl/src/main/java/com/enonic/wem/portal/internal/controller/PortalRequestImpl.java,15
xp,com.enonic.wem.portal.internal.controller,ControllerScriptImpl,2,0,8,2,56,12,0,1,0.0,1,7,/temp/xp/modules/portal-impl/src/main/java/com/enonic/wem/portal/internal/controller/ControllerScriptImpl.java,11
xp,com.enonic.wem.portal.internal.controller,PortalResponseSerializer,1,0,5,2,35,8,0,0,0.0,1,2,/temp/xp/modules/portal-impl/src/main/java/com/enonic/wem/portal/internal/controller/PortalResponseSerializer.java,11
xp,com.enonic.wem.portal.internal.content,RenderBaseResourceTest,5,0,8,0,71,9,2,0,0.0,0,26,/temp/xp/modules/portal-impl/src/test/java/com/enonic/wem/portal/internal/content/RenderBaseResourceTest.java,33
xp,com.enonic.wem.portal.internal.content,GetContentByIdHandlerTest,1,0,2,2,12,2,0,0,0.0,0,6,/temp/xp/modules/portal-impl/src/test/java/com/enonic/wem/portal/internal/content/GetContentByIdHandlerTest.java,20
xp,com.enonic.wem.portal.internal.content,ContentResourceTest,1,0,5,4,45,5,0,1,0.6,0,5,/temp/xp/modules/portal-impl/src/test/java/com/enonic/wem/portal/internal/content/ContentResourceTest.java,18
xp,com.enonic.wem.portal.internal.content,FindContentByParentHandlerTest,1,0,2,2,14,2,0,0,0.0,0,8,/temp/xp/modules/portal-impl/src/test/java/com/enonic/wem/portal/internal/content/FindContentByParentHandlerTest.java,22
xp,com.enonic.wem.portal.internal.content,ComponentResourceTest,1,0,4,3,38,4,0,1,0.75,0,5,/temp/xp/modules/portal-impl/src/test/java/com/enonic/wem/portal/internal/content/ComponentResourceTest.java,18
xp,com.enonic.wem.portal.internal.content,RenderBaseResource,11,0,11,2,95,19,2,0,0.5454545454545454,0,18,/temp/xp/modules/portal-impl/src/main/java/com/enonic/wem/portal/internal/content/RenderBaseResource.java,30
xp,com.enonic.wem.portal.internal.content,ContentResourceProvider,0,0,2,2,10,2,0,1,-1.0,0,1,/temp/xp/modules/portal-impl/src/main/java/com/enonic/wem/portal/internal/content/ContentResourceProvider.java,3
xp,com.enonic.wem.portal.internal.content,GetContentByIdHandler,1,0,3,3,13,3,0,0,0.6666666666666666,0,3,/temp/xp/modules/portal-impl/src/main/java/com/enonic/wem/portal/internal/content/GetContentByIdHandler.java,8
xp,com.enonic.wem.portal.internal.content,ComponentResource,1,0,4,2,58,9,0,1,0.0,1,11,/temp/xp/modules/portal-impl/src/main/java/com/enonic/wem/portal/internal/content/ComponentResource.java,22
xp,com.enonic.wem.portal.internal.content,ContentResource,0,0,3,2,54,9,0,1,-1.0,1,9,/temp/xp/modules/portal-impl/src/main/java/com/enonic/wem/portal/internal/content/ContentResource.java,19
xp,com.enonic.wem.portal.internal.content,RenderBaseResourceProvider,6,0,7,6,34,7,2,0,0.0,0,6,/temp/xp/modules/portal-impl/src/main/java/com/enonic/wem/portal/internal/content/RenderBaseResourceProvider.java,11
xp,com.enonic.wem.portal.internal.content,FindContentByParentHandler,1,0,3,3,13,3,0,0,0.6666666666666666,0,4,/temp/xp/modules/portal-impl/src/main/java/com/enonic/wem/portal/internal/content/FindContentByParentHandler.java,9
xp,com.enonic.wem.portal.internal.content,ComponentResourceProvider,0,0,2,2,10,2,0,1,-1.0,0,1,/temp/xp/modules/portal-impl/src/main/java/com/enonic/wem/portal/internal/content/ComponentResourceProvider.java,3
xp,com.enonic.wem.portal.internal.content.page,TextRendererTest,5,0,6,6,50,6,0,0,0.0,0,7,/temp/xp/modules/portal-impl/src/test/java/com/enonic/wem/portal/internal/content/page/TextRendererTest.java,15
xp,com.enonic.wem.portal.internal.content.page,DescriptorNotFoundException,0,0,1,1,5,1,0,0,-1.0,0,1,/temp/xp/modules/portal-impl/src/main/java/com/enonic/wem/portal/internal/content/page/DescriptorNotFoundException.java,6
xp,com.enonic.wem.portal.internal.content.page,PageRenderer,2,0,5,4,40,7,0,0,0.4,0,8,/temp/xp/modules/portal-impl/src/main/java/com/enonic/wem/portal/internal/content/page/PageRenderer.java,15
xp,com.enonic.wem.portal.internal.content.page,DescriptorBasedPageComponentRenderer,3,0,8,2,0,12,2,0,0.0,0,10,/temp/xp/modules/portal-impl/src/main/java/com/enonic/wem/portal/internal/content/page/DescriptorBasedPageComponentRenderer.java,19
xp,com.enonic.wem.portal.internal.content.page,ImageRenderer,0,0,3,2,36,7,0,0,-1.0,0,7,/temp/xp/modules/portal-impl/src/main/java/com/enonic/wem/portal/internal/content/page/ImageRenderer.java,15
xp,com.enonic.wem.portal.internal.content.page,TextRenderer,2,0,4,2,44,9,0,0,0.5,1,5,/temp/xp/modules/portal-impl/src/main/java/com/enonic/wem/portal/internal/content/page/TextRenderer.java,14
xp,com.enonic.wem.portal.internal.content.page,LayoutRenderer,1,0,3,2,12,3,0,1,0.6666666666666666,0,2,/temp/xp/modules/portal-impl/src/main/java/com/enonic/wem/portal/internal/content/page/LayoutRenderer.java,9
xp,com.enonic.wem.portal.internal.content.page,PartRenderer,1,0,3,2,12,3,0,1,0.6666666666666666,0,2,/temp/xp/modules/portal-impl/src/main/java/com/enonic/wem/portal/internal/content/page/PartRenderer.java,9
xp,com.enonic.wem.portal.internal.postprocess.injection,LiveEditInjectionTest,3,0,6,4,44,6,0,0,0.0,0,6,/temp/xp/modules/portal-impl/src/test/java/com/enonic/wem/portal/internal/postprocess/injection/LiveEditInjectionTest.java,20
xp,com.enonic.wem.portal.internal.postprocess.injection,LiveEditInjection,2,0,6,2,44,9,0,0,0.0,1,3,/temp/xp/modules/portal-impl/src/main/java/com/enonic/wem/portal/internal/postprocess/injection/LiveEditInjection.java,17
xp,com.enonic.wem.portal.internal.postprocess,TestPostProcessInstruction,0,0,1,1,5,1,0,0,-1.0,0,1,/temp/xp/modules/portal-impl/src/test/java/com/enonic/wem/portal/internal/postprocess/TestPostProcessInstruction.java,6
xp,com.enonic.wem.portal.internal.postprocess,TestPostProcessInjection,0,0,1,1,5,1,0,0,-1.0,0,2,/temp/xp/modules/portal-impl/src/test/java/com/enonic/wem/portal/internal/postprocess/TestPostProcessInjection.java,6
xp,com.enonic.wem.portal.internal.postprocess,PostProcessorImplTest,0,0,3,2,39,3,0,0,-1.0,0,3,/temp/xp/modules/portal-impl/src/test/java/com/enonic/wem/portal/internal/postprocess/PostProcessorImplTest.java,19
xp,com.enonic.wem.portal.internal.postprocess,PostProcessEvaluator,5,0,16,10,117,32,0,0,0.1875,1,3,/temp/xp/modules/portal-impl/src/main/java/com/enonic/wem/portal/internal/postprocess/PostProcessEvaluator.java,20
xp,com.enonic.wem.portal.internal.postprocess,PostProcessor,0,0,1,0,3,1,1,0,-1.0,6,1,/temp/xp/modules/portal-impl/src/main/java/com/enonic/wem/portal/internal/postprocess/PostProcessor.java,6
xp,com.enonic.wem.portal.internal.postprocess,PostProcessorImpl,2,0,4,3,29,6,0,1,0.0,1,3,/temp/xp/modules/portal-impl/src/main/java/com/enonic/wem/portal/internal/postprocess/PostProcessorImpl.java,10
xp,com.enonic.wem.portal.internal.postprocess.instruction,ComponentInstructionTest,0,0,9,4,74,9,0,0,-1.0,0,26,/temp/xp/modules/portal-impl/src/test/java/com/enonic/wem/portal/internal/postprocess/instruction/ComponentInstructionTest.java,41
xp,com.enonic.wem.portal.internal.postprocess.instruction,ComponentInstruction,3,0,7,3,74,16,0,0,0.0,1,13,/temp/xp/modules/portal-impl/src/main/java/com/enonic/wem/portal/internal/postprocess/instruction/ComponentInstruction.java,28
xp,com.enonic.wem.portal.internal.rendering,RendererFactoryImplTest,0,0,8,5,41,8,0,0,-1.0,0,8,/temp/xp/modules/portal-impl/src/test/java/com/enonic/wem/portal/internal/rendering/RendererFactoryImplTest.java,15
xp,com.enonic.wem.portal.internal.rendering,RendererNotFoundException,0,0,1,0,5,1,0,0,-1.0,0,0,/temp/xp/modules/portal-impl/src/main/java/com/enonic/wem/portal/internal/rendering/RendererNotFoundException.java,4
xp,com.enonic.wem.portal.internal.rendering,Renderer,0,0,2,0,4,2,0,0,-1.0,9,1,/temp/xp/modules/portal-impl/src/main/java/com/enonic/wem/portal/internal/rendering/Renderer.java,6
xp,com.enonic.wem.portal.internal.rendering,RendererFactory,0,0,1,0,3,1,1,0,-1.0,6,1,/temp/xp/modules/portal-impl/src/main/java/com/enonic/wem/portal/internal/rendering/RendererFactory.java,6
xp,com.enonic.wem.portal.internal.rendering,RendererFactoryImpl,1,0,5,2,36,9,0,1,0.4,1,1,/temp/xp/modules/portal-impl/src/main/java/com/enonic/wem/portal/internal/rendering/RendererFactoryImpl.java,11
xp,com.enonic.wem.portal.internal.rendering,RenderException,0,0,4,4,14,4,0,0,-1.0,0,0,/temp/xp/modules/portal-impl/src/main/java/com/enonic/wem/portal/internal/rendering/RenderException.java,5
xp,com.enonic.wem.portal.internal.rendering,RenderResult,5,0,14,12,56,14,0,0,0.14285714285714285,15,1,/temp/xp/modules/portal-impl/src/main/java/com/enonic/wem/portal/internal/rendering/RenderResult.java,6
xp,com.enonic.wem.portal.internal.rendering,Builder,1,0,7,6,29,7,0,0,0.0,1,1,/temp/xp/modules/portal-impl/src/main/java/com/enonic/wem/portal/internal/rendering/RenderResult.java,51
xp,com.enonic.wem.portal.internal.base,ModuleBaseResourceTest,3,1,3,0,23,3,0,1,0.0,0,4,/temp/xp/modules/portal-impl/src/test/java/com/enonic/wem/portal/internal/base/ModuleBaseResourceTest.java,19
xp,com.enonic.wem.portal.internal.base,BaseResourceTest,1,0,5,1,26,5,1,0,0.6,0,1,/temp/xp/modules/portal-impl/src/test/java/com/enonic/wem/portal/internal/base/BaseResourceTest.java,10
xp,com.enonic.wem.portal.internal.base,BaseResource,0,0,4,0,30,7,0,0,-1.0,0,2,/temp/xp/modules/portal-impl/src/main/java/com/enonic/wem/portal/internal/base/BaseResource.java,13
xp,com.enonic.wem.portal.internal.view,ViewServiceImpl,1,0,5,4,22,6,0,0,0.0,0,2,/temp/xp/modules/portal-impl/src/main/java/com/enonic/wem/portal/internal/view/ViewServiceImpl.java,16
