Project Name,Package Name,Type Name,Method Name,Implementation Smell,Cause of the Smell,Method start line no
xp,com.enonic.xp.portal.url,AttachmentUrlParamsTest,testSetAsMap,Long Statement,The length of the statement "assertEquals("AttachmentUrlParams{params={a=[1]}` id=123456` path=/a/b` name=myfile.pdf` label=media` download=true}"`params.toString());" is 137.,78
xp,com.enonic.xp.portal.url,ImageUrlParamsTest,testQuality,Magic Number,The method contains a magic number: 90,78
xp,com.enonic.xp.portal.url,ImageUrlParamsTest,testSetAsMap,Long Statement,The length of the statement "assertEquals("ImageUrlParams{params={a=[1]}` id=123456` path=/a/b` format=png` quality=90` filter=scale(10`10)` background=00ff00}"`params.toString());" is 151.,91
xp,com.enonic.xp.portal.url,ImageUrlParamsTest,testSetAsMap,Magic Number,The method contains a magic number: 90,91
xp,com.enonic.xp.portal.script.serializer,JsonMapGenerator,toValue,Complex Method,Cyclomatic complexity of the method is 8,54
xp,com.enonic.xp.portal.script.serializer,MapGeneratorBase,MapGeneratorBase,Abstract Function Call From Constructor,The constructor MapGeneratorBase calls a virtual method newMap.,14
xp,com.enonic.xp.core.impl.schema.mixin,BuiltinMixinProviderTest,testBuiltin,Magic Number,The method contains a magic number: 3,14
xp,com.enonic.xp.core.impl.schema.mixin,BuiltinMixinProviderTest,testBuiltin,Magic Number,The method contains a magic number: 2,14
xp,com.enonic.xp.core.impl.schema.mixin,MixinServiceImplTest,testGetAll,Magic Number,The method contains a magic number: 2,65
xp,com.enonic.xp.core.impl.schema.mixin,BundleMixinProviderTest,test_loaded_mixins,Magic Number,The method contains a magic number: 2,29
xp,com.enonic.xp.core.impl.schema.mixin,MixinServiceImpl,getByLocalName,Long Statement,The length of the statement "return this.map.values().stream().filter((mixin) -> mixin.getName().getLocalName().equals(localName)).findFirst().orElse(null);" is 127.,39
xp,com.enonic.xp.core.impl.schema.mixin,MixinServiceImpl,getByModule,Long Statement,The length of the statement "final Stream<Mixin> stream=this.map.values().stream().filter((mixin) -> mixin.getName().getModuleKey().equals(moduleKey));" is 122.,53
xp,com.enonic.xp.core.impl.schema.mixin,MixinServiceImpl,getByContentType,Long Statement,The length of the statement "final Stream<Mixin> stream=this.map.values().stream().filter((mixin) -> contentType.getMetadata().contains(mixin.getName()));" is 125.,62
xp,com.enonic.xp.core.impl.schema.relationship,BuiltinRelationshipTypesProviderTest,testBuiltin,Magic Number,The method contains a magic number: 2,14
xp,com.enonic.xp.core.impl.schema.relationship,RelationshipTypeServiceImplTest,testGetAll,Magic Number,The method contains a magic number: 2,55
xp,com.enonic.xp.core.impl.schema.relationship,BuiltinRelationshipTypesProvider,createRelationshipType,Long Parameter List,The method has 5 parameters. ,48
xp,com.enonic.xp.core.impl.schema.relationship,BuiltinRelationshipTypesProvider,createRelationshipType,Long Statement,The length of the statement "return newRelationshipType().name(relationshipTypeName).displayName(displayName).fromSemantic(fromSemantic).toSemantic(toSemantic).addAllowedToTypes(toContentTypes).build();" is 173.,48
xp,com.enonic.xp.core.impl.schema.relationship,BuiltinRelationshipTypesProvider,generateSystemRelationshipTypes,Long Statement,The length of the statement "relationshipType=RelationshipType.newRelationshipType(relationshipType).icon(loadSchemaIcon(RELATIONSHIP_TYPES_FOLDER`relationshipType.getName().getLocalName())).build();" is 170.,61
xp,com.enonic.xp.core.impl.schema.content,ContentTypeServiceImpl_getChildrenTest,getChildContentTypes,Long Statement,The length of the statement "final ContentType contentType1=ContentType.newContentType().name("mymodule:my_content_type1").displayName(ContentTypeName.unstructured().toString()).superType(null).setBuiltIn().build();" is 186.,15
xp,com.enonic.xp.core.impl.schema.content,ContentTypeServiceImpl_getChildrenTest,getChildContentTypes,Long Statement,The length of the statement "final ContentType contentType2=ContentType.newContentType().name("mymodule:my_content_type2").displayName("Display Name 2").superType(ContentTypeName.from("mymodule:my_content_type1")).build();" is 193.,15
xp,com.enonic.xp.core.impl.schema.content,ContentTypeServiceImpl_getChildrenTest,getChildContentTypes,Long Statement,The length of the statement "final ContentType contentType3=ContentType.newContentType().name("mymodule:my_content_type3").displayName("Display Name 3").superType(ContentTypeName.from("mymodule:my_content_type2")).build();" is 193.,15
xp,com.enonic.xp.core.impl.schema.content,ContentTypeServiceImpl_getChildrenTest,getChildContentTypes,Long Statement,The length of the statement "final ContentType contentType4=ContentType.newContentType().name("mymodule:my_content_type4").displayName("Display Name 4").superType(ContentTypeName.from("mymodule:my_content_type2")).build();" is 193.,15
xp,com.enonic.xp.core.impl.schema.content,ContentTypeServiceImpl_getChildrenTest,getChildContentTypes,Long Statement,The length of the statement "final ContentType contentType5=ContentType.newContentType().name(ContentTypeName.folder().toString()).displayName("Folder root content type").setBuiltIn().build();" is 163.,15
xp,com.enonic.xp.core.impl.schema.content,ContentTypeServiceImpl_getChildrenTest,getChildContentTypes,Magic Number,The method contains a magic number: 2,15
xp,com.enonic.xp.core.impl.schema.content,ContentTypeServiceImpl_getByNamesTest,testGetByName,Long Statement,The length of the statement "register(createContentType("mymodule:my-contenttype-1"`"DisplayName1")`createContentType("mymodule:my-contenttype-2"`"DisplayName2"));" is 134.,14
xp,com.enonic.xp.core.impl.schema.content,ContentTypeServiceImpl_getByNamesTest,testGetByName,Long Statement,The length of the statement "final GetContentTypesParams params=new GetContentTypesParams().contentTypeNames(ContentTypeNames.from("mymodule:my-contenttype-1"));" is 132.,14
xp,com.enonic.xp.core.impl.schema.content,ContentTypeServiceImpl_getByModuleTest,testGetByName,Long Statement,The length of the statement "register(createContentType("mymodule:my-contenttype"`"DisplayName1")`createContentType("othermodule:my-contenttype"`"DisplayName2"));" is 133.,13
xp,com.enonic.xp.core.impl.schema.content,BuiltinContentTypeProviderTest,testBuiltin,Magic Number,The method contains a magic number: 21,13
xp,com.enonic.xp.core.impl.schema.content,BuiltinContentTypeProviderTest,testBuiltin,Magic Number,The method contains a magic number: 2,13
xp,com.enonic.xp.core.impl.schema.content,BuiltinContentTypeProviderTest,testBuiltin,Magic Number,The method contains a magic number: 3,13
xp,com.enonic.xp.core.impl.schema.content,BuiltinContentTypeProviderTest,testBuiltin,Magic Number,The method contains a magic number: 4,13
xp,com.enonic.xp.core.impl.schema.content,BuiltinContentTypeProviderTest,testBuiltin,Magic Number,The method contains a magic number: 5,13
xp,com.enonic.xp.core.impl.schema.content,BuiltinContentTypeProviderTest,testBuiltin,Magic Number,The method contains a magic number: 6,13
xp,com.enonic.xp.core.impl.schema.content,BuiltinContentTypeProviderTest,testBuiltin,Magic Number,The method contains a magic number: 7,13
xp,com.enonic.xp.core.impl.schema.content,BuiltinContentTypeProviderTest,testBuiltin,Magic Number,The method contains a magic number: 8,13
xp,com.enonic.xp.core.impl.schema.content,BuiltinContentTypeProviderTest,testBuiltin,Magic Number,The method contains a magic number: 9,13
xp,com.enonic.xp.core.impl.schema.content,BuiltinContentTypeProviderTest,testBuiltin,Magic Number,The method contains a magic number: 10,13
xp,com.enonic.xp.core.impl.schema.content,BuiltinContentTypeProviderTest,testBuiltin,Magic Number,The method contains a magic number: 11,13
xp,com.enonic.xp.core.impl.schema.content,BuiltinContentTypeProviderTest,testBuiltin,Magic Number,The method contains a magic number: 12,13
xp,com.enonic.xp.core.impl.schema.content,BuiltinContentTypeProviderTest,testBuiltin,Magic Number,The method contains a magic number: 13,13
xp,com.enonic.xp.core.impl.schema.content,BuiltinContentTypeProviderTest,testBuiltin,Magic Number,The method contains a magic number: 14,13
xp,com.enonic.xp.core.impl.schema.content,BuiltinContentTypeProviderTest,testBuiltin,Magic Number,The method contains a magic number: 15,13
xp,com.enonic.xp.core.impl.schema.content,BuiltinContentTypeProviderTest,testBuiltin,Magic Number,The method contains a magic number: 16,13
xp,com.enonic.xp.core.impl.schema.content,BuiltinContentTypeProviderTest,testBuiltin,Magic Number,The method contains a magic number: 17,13
xp,com.enonic.xp.core.impl.schema.content,BuiltinContentTypeProviderTest,testBuiltin,Magic Number,The method contains a magic number: 18,13
xp,com.enonic.xp.core.impl.schema.content,BuiltinContentTypeProviderTest,testBuiltin,Magic Number,The method contains a magic number: 19,13
xp,com.enonic.xp.core.impl.schema.content,BuiltinContentTypeProviderTest,testBuiltin,Magic Number,The method contains a magic number: 20,13
xp,com.enonic.xp.core.impl.schema.content,ContentTypeServiceImpl_getAllTest,testGetAll,Magic Number,The method contains a magic number: 2,24
xp,com.enonic.xp.core.impl.schema.content,ContentTypeServiceImpl_getAllTest,testGetAll_inlineMixins,Long Statement,The length of the statement "final Mixin mixin=newMixin().name("mymodule:my_mixin").addFormItem(newInput().name("inputToBeMixedIn").inputType(InputTypes.TEXT_LINE).build()).build();" is 152.,44
xp,com.enonic.xp.core.impl.schema.content,ContentTypeServiceImpl_getAllTest,testGetAll_inlineMixins,Long Statement,The length of the statement "final ContentType contentType=ContentType.newContentType().superType(ContentTypeName.structured()).name(contentTypeName).displayName("displayName").description("description").form(form).build();" is 194.,44
xp,com.enonic.xp.core.impl.schema.content,BuiltinContentTypeProvider,generateSystemContentTypes,Long Statement,The length of the statement "contentType=newContentType(contentType).icon(loadSchemaIcon(CONTENT_TYPES_FOLDER`contentType.getName().getLocalName())).build();" is 128.,135
xp,com.enonic.xp.core.impl.schema.content,ContentTypeServiceImpl,validate,Long Statement,The length of the statement "final ContentTypeSuperTypeValidator validator=ContentTypeSuperTypeValidator.newContentTypeSuperTypeValidator().contentTypeService(this).build();" is 144.,80
xp,com.enonic.xp.admin.event.impl,EventListenerImpl,getEventJsonSerializer,Complex Method,Cyclomatic complexity of the method is 8,67
xp,com.enonic.xp.admin.event.impl.json,ContentChangeEventJson,ContentChangeEventJson,Long Statement,The length of the statement "this.changes=event.getChanges().stream().map(ContentServerEventItemJson::new).toArray(ContentServerEventItemJson[]::new);" is 121.,10
xp,com.enonic.xp.admin.event.impl.json,ContentChangeEventJson,ContentServerEventItemJson,Long Statement,The length of the statement "this.contentPaths=contentChange.getContentPaths().stream().map((contentPath) -> contentPath.asAbsolute().toString()).toArray(String[]::new);" is 140.,26
xp,com.enonic.xp.admin.event.impl.json,ContentServerEventItemJson,ContentServerEventItemJson,Long Statement,The length of the statement "this.contentPaths=contentChange.getContentPaths().stream().map((contentPath) -> contentPath.asAbsolute().toString()).toArray(String[]::new);" is 140.,26
xp,com.enonic.xp.core.impl.module,ModuleImplTest,testCreateModule,Long Statement,The length of the statement "final Form config=Form.newForm().addFormItem(Input.newInput().name("some-name").inputType(InputTypes.TEXT_LINE).build()).build();" is 129.,41
xp,com.enonic.xp.core.impl.module,ModuleImplTest,testCreateModule,Long Statement,The length of the statement "final Module module=new ModuleBuilder().moduleKey(ModuleKey.from("mymodule")).moduleVersion(ModuleVersion.from("1.0.0")).displayName("module display name").url("http://enonic.net").vendorName("Enonic").vendorUrl("https://www.enonic.com").config(config).build();" is 261.,41
xp,com.enonic.xp.core.impl.module,ModuleImplTest,testGetResource,Long Statement,The length of the statement "final Module module=new ModuleBuilder().moduleKey(ModuleKey.from("mymodule")).moduleVersion(ModuleVersion.from("1.0.0")).bundle(bundle).build();" is 144.,66
xp,com.enonic.xp.core.impl.module,ModuleImplTest,testGetResourcePaths,Long Statement,The length of the statement "final Module module=new ModuleBuilder().moduleKey(ModuleKey.from("mymodule")).moduleVersion(ModuleVersion.from("1.0.0")).bundle(bundle).build();" is 144.,81
xp,com.enonic.xp.core.impl.module,ModuleImplTest,testGetResourcePaths,Magic Number,The method contains a magic number: 3,81
xp,com.enonic.xp.core.impl.module,ModuleServiceImplTest,createModule,Long Statement,The length of the statement "return new ModuleBuilder().moduleKey(ModuleKey.from(key)).moduleVersion(ModuleVersion.from("1.0.0")).displayName("module display name").url("http://enonic.net").vendorName("Enonic").vendorUrl("https://www.enonic.com").build();" is 226.,32
xp,com.enonic.xp.core.impl.module,ModuleXmlBuilderTest,createModule,Long Statement,The length of the statement "final Form config=Form.newForm().addFormItem(Input.newInput().name("some-name").inputType(InputTypes.TEXT_LINE).build()).build();" is 129.,51
xp,com.enonic.xp.core.impl.module,ModuleXmlBuilderTest,createModule,Long Statement,The length of the statement "return new ModuleBuilder().moduleKey(ModuleKey.from("mymodule")).displayName("module display name").url("http://enonic.net").vendorName("Enonic").vendorUrl("https://www.enonic.com").config(config).metaSteps(MixinNames.from("system:menu-item"`"mymodule:my-meta-mixin")).build();" is 277.,51
xp,com.enonic.xp.core.impl.module,ModuleRegistryImplTest,testModuleInstalled,Magic Number,The method contains a magic number: 2,90
xp,com.enonic.xp.core.impl.module,ModuleRegistryImplTest,testModuleInstalled,Magic Number,The method contains a magic number: 2,90
xp,com.enonic.xp.core.impl.module,ModuleRegistryImplTest,testModuleLifecycle,Magic Number,The method contains a magic number: 2,111
xp,com.enonic.xp.core.impl.module,ModuleRegistryImplTest,testModuleLifecycle,Magic Number,The method contains a magic number: 3,111
xp,com.enonic.xp.core.impl.module,ModuleRegistryImplTest,testModuleLifecycle,Magic Number,The method contains a magic number: 2,111
xp,com.enonic.xp.core.impl.module,ModuleImpl,toString,Long Statement,The length of the statement "return MoreObjects.toStringHelper(this).add("moduleKey"`moduleKey).add("displayName"`displayName).add("url"`url).add("vendorName"`vendorName).add("vendorUrl"`vendorUrl).add("metaSteps"`metaSteps).add("config"`config).omitNullValues().toString();" is 245.,140
xp,com.enonic.xp.core.impl.module,ModuleXmlBuilder,toModule,Long Statement,The length of the statement "final MixinName metadataSchemaName=mixinName.contains(SEPARATOR) ? MixinName.from(mixinName) : MixinName.from(moduleKey`mixinName);" is 131.,25
xp,com.enonic.xp.core.impl.module,ModuleURLStreamHandler,findBundle,Long Statement,The length of the statement "return Arrays.stream(this.bundleContext.getBundles()).filter(bundle -> bundle.getSymbolicName().equals(moduleName)).sorted((b1`b2) -> b1.getVersion().compareTo(b2.getVersion())).findFirst().orElse(null);" is 203.,75
xp,com.enonic.xp.launcher.config,ConfigLoaderTest,testHomeConfig,Magic Number,The method contains a magic number: 2,61
xp,com.enonic.xp.launcher.env,EnvironmentResolverTest,resolve,Magic Number,The method contains a magic number: 2,47
xp,com.enonic.xp.launcher.watch,BundleWatcher,refreshBundles,Empty catch clause,The method has an empty catch block.,159
xp,com.enonic.xp.launcher,Launcher,applySystemPropertyArgs,Magic Number,The method contains a magic number: 2,149
xp,com.enonic.xp.launcher.framework,FrameworkLogger,doLog,Long Parameter List,The method has 5 parameters. ,23
xp,com.enonic.xp.launcher.logging,LogConfigurator,configure,Empty catch clause,The method has an empty catch block.,40
xp,com.enonic.xp.launcher.provision,BundleLocationResolver,getFileName,Magic Number,The method contains a magic number: 2,51
xp,com.enonic.xp.launcher.provision,BundleLocationResolver,getFileName,Magic Number,The method contains a magic number: 3,51
xp,com.enonic.xp.launcher.provision,BundleLocationResolver,getFileName,Magic Number,The method contains a magic number: 3,51
xp,com.enonic.xp.launcher.provision,BundleLocationResolver,getFileName,Magic Number,The method contains a magic number: 4,51
xp,com.enonic.xp.launcher.provision,BundleLocationResolver,getFileName,Magic Number,The method contains a magic number: 4,51
xp,com.enonic.xp.launcher.provision,BundleLocationResolver,getFileInSystem,Magic Number,The method contains a magic number: 2,73
xp,com.enonic.xp.portal.impl.thymeleaf,RenderViewHandlerTest,renderTest,Long Statement,The length of the statement "final String expected=Resources.toString(getClass().getResource("/modules/mymodule/view/test-result.html")`Charsets.UTF_8);" is 123.,90
xp,com.enonic.xp.portal.impl.thymeleaf,RenderViewHandlerTest,functionsTest,Long Statement,The length of the statement "final String expected=Resources.toString(getClass().getResource("/modules/mymodule/view/functions-result.html")`Charsets.UTF_8);" is 128.,99
xp,com.enonic.xp.portal.impl.thymeleaf,ComponentProcessor,getPrecedence,Magic Number,The method contains a magic number: 100,25
xp,com.enonic.xp.portal.impl.thymeleaf,ThymeleafProcessor,handleException,Long Statement,The length of the statement "return ResourceProblemException.newBuilder().lineNumber(lineNumber).resource(resource).cause(e).message(e.getMessage()).build();" is 128.,74
xp,com.enonic.wem.admin.portal,PortalForwardHandlerTest,forward_forbidden,Magic Number,The method contains a magic number: 403,46
xp,com.enonic.wem.admin.portal,PortalForwardHandlerTest,forward_notFound,Magic Number,The method contains a magic number: 404,57
xp,com.enonic.wem.admin.portal,PortalForwardHandler,PortalForwardHandler,Magic Number,The method contains a magic number: 10,27
xp,com.enonic.wem.admin.rest.resource.auth,AuthResourceTest,testLoginWithUsernameSuccess,Long Statement,The length of the statement "final User user=User.create().key(PrincipalKey.ofUser(UserStoreKey.system()`"user1")).displayName("User 1").modifiedTime(Instant.now(clock)).email("user1@enonic.com").login("user1").build();" is 190.,54
xp,com.enonic.wem.admin.rest.resource.auth,AuthResourceTest,testLoginWithUsernameSuccess,Long Statement,The length of the statement "String jsonString=request().path("auth/login").entity("{\"user\":\"user1\"`\"password\":\"password\"`\"rememberMe\":false}"`MediaType.APPLICATION_JSON_TYPE).post().getAsString();" is 178.,54
xp,com.enonic.wem.admin.rest.resource.auth,AuthResourceTest,testLoginWithEmailSuccess,Long Statement,The length of the statement "final User user=User.create().key(PrincipalKey.ofUser(UserStoreKey.system()`"user1")).displayName("User 1").modifiedTime(Instant.now(clock)).email("user1@enonic.com").login("user1").build();" is 190.,76
xp,com.enonic.wem.admin.rest.resource.auth,AuthResourceTest,testLoginWithEmailSuccess,Long Statement,The length of the statement "String jsonString=request().path("auth/login").entity("{\"user\":\"user1@enonic.com\"`\"password\":\"password\"`\"rememberMe\":false}"`MediaType.APPLICATION_JSON_TYPE).post().getAsString();" is 189.,76
xp,com.enonic.wem.admin.rest.resource.auth,AuthResourceTest,testLoginWithUserNameUserStore,Long Statement,The length of the statement "final User user=User.create().key(PrincipalKey.ofUser(UserStoreKey.system()`"user1")).displayName("User 1").modifiedTime(Instant.now(clock)).email("user1@enonic.com").login("user1").build();" is 190.,98
xp,com.enonic.wem.admin.rest.resource.auth,AuthResourceTest,testLoginWithUserNameUserStore,Long Statement,The length of the statement "String jsonString=request().path("auth/login").entity("{\"user\":\"system\\\\user1\"`\"password\":\"password\"`\"rememberMe\":false}"`MediaType.APPLICATION_JSON_TYPE).post().getAsString();" is 188.,98
xp,com.enonic.wem.admin.rest.resource.auth,AuthResourceTest,testLoginFail,Long Statement,The length of the statement "String jsonString=request().path("auth/login").entity("{\"user\":\"user1\"`\"password\":\"password\"`\"rememberMe\":false}"`MediaType.APPLICATION_JSON_TYPE).post().getAsString();" is 178.,120
xp,com.enonic.wem.admin.rest.resource.auth,AuthResourceTest,testLoginUserWithoutLoginAdminRoleFail,Long Statement,The length of the statement "final User user=User.create().key(PrincipalKey.ofUser(UserStoreKey.system()`"user1")).displayName("User 1").modifiedTime(Instant.now(clock)).email("user1@enonic.com").login("user1").build();" is 190.,135
xp,com.enonic.wem.admin.rest.resource.auth,AuthResourceTest,testLoginUserWithoutLoginAdminRoleFail,Long Statement,The length of the statement "String jsonString=request().path("auth/login").entity("{\"user\":\"user1\"`\"password\":\"password\"`\"rememberMe\":false}"`MediaType.APPLICATION_JSON_TYPE).post().getAsString();" is 178.,135
xp,com.enonic.wem.admin.rest.resource.auth,AuthResourceTest,testAuthenticated_authenticated,Long Statement,The length of the statement "final User user=User.create().key(PrincipalKey.ofUser(UserStoreKey.system()`"user1")).displayName("User 1").modifiedTime(Instant.now(clock)).email("user1@enonic.com").login("user1").build();" is 190.,166
xp,com.enonic.wem.admin.rest.resource.schema.mixin,MixinResourceTest,test_get_mixin,Long Statement,The length of the statement "Mixin mixin=Mixin.newMixin().createdTime(LocalDateTime.of(2013`1`1`12`0`0).toInstant(ZoneOffset.UTC)).name(MY_MIXIN_QUALIFIED_NAME_1.toString()).addFormItem(newInput().name(MY_MIXIN_INPUT_NAME_1).inputType(TEXT_LINE).label("Line Text 1").required(true).helpText("Help text line 1").required(true).build()).build();" is 314.,58
xp,com.enonic.wem.admin.rest.resource.schema.mixin,MixinResourceTest,test_get_mixin,Long Statement,The length of the statement "String response=request().path("schema/mixin").queryParam("name"`MY_MIXIN_QUALIFIED_NAME_1.toString()).get().getAsString();" is 123.,58
xp,com.enonic.wem.admin.rest.resource.schema.mixin,MixinResourceTest,test_get_mixin,Magic Number,The method contains a magic number: 2013,58
xp,com.enonic.wem.admin.rest.resource.schema.mixin,MixinResourceTest,test_get_mixin,Magic Number,The method contains a magic number: 12,58
xp,com.enonic.wem.admin.rest.resource.schema.mixin,MixinResourceTest,test_get_mixin_not_found,Long Statement,The length of the statement "final MockRestResponse response=request().path("schema/mixin").queryParam("name"`MY_MIXIN_QUALIFIED_NAME_1.toString()).get();" is 125.,75
xp,com.enonic.wem.admin.rest.resource.schema.mixin,MixinResourceTest,test_get_mixin_not_found,Magic Number,The method contains a magic number: 404,75
xp,com.enonic.wem.admin.rest.resource.schema.mixin,MixinResourceTest,test_list_mixins,Long Statement,The length of the statement "Mixin mixin1=Mixin.newMixin().createdTime(LocalDateTime.of(2013`1`1`12`0`0).toInstant(ZoneOffset.UTC)).name(MY_MIXIN_QUALIFIED_NAME_1.toString()).addFormItem(newInput().name(MY_MIXIN_INPUT_NAME_1).inputType(TEXT_LINE).label("Line Text 1").required(true).helpText("Help text line 1").required(true).build()).build();" is 315.,86
xp,com.enonic.wem.admin.rest.resource.schema.mixin,MixinResourceTest,test_list_mixins,Long Statement,The length of the statement "Mixin mixin2=Mixin.newMixin().createdTime(LocalDateTime.of(2013`1`1`12`0`0).toInstant(ZoneOffset.UTC)).name(MY_MIXIN_QUALIFIED_NAME_2.toString()).addFormItem(newInput().name(MY_MIXIN_INPUT_NAME_2).inputType(TEXT_AREA).inputTypeConfig(TEXT_AREA.getDefaultConfig()).label("Text Area").required(true).helpText("Help text area").required(true).build()).build();" is 357.,86
xp,com.enonic.wem.admin.rest.resource.schema.mixin,MixinResourceTest,test_list_mixins,Magic Number,The method contains a magic number: 2013,86
xp,com.enonic.wem.admin.rest.resource.schema.mixin,MixinResourceTest,test_list_mixins,Magic Number,The method contains a magic number: 12,86
xp,com.enonic.wem.admin.rest.resource.schema.mixin,MixinResourceTest,test_list_mixins,Magic Number,The method contains a magic number: 2013,86
xp,com.enonic.wem.admin.rest.resource.schema.mixin,MixinResourceTest,test_list_mixins,Magic Number,The method contains a magic number: 12,86
xp,com.enonic.wem.admin.rest.resource.schema.mixin,MixinResourceTest,testMixinIcon,Long Statement,The length of the statement "Mixin mixin=newMixin().name("mymodule:postal_code").displayName("My content type").icon(icon).addFormItem(newInput().name("postal_code").inputType(InputTypes.TEXT_LINE).build()).build();" is 186.,108
xp,com.enonic.wem.admin.rest.resource.schema.mixin,MixinResourceTest,testMixinIcon,Magic Number,The method contains a magic number: 20,108
xp,com.enonic.wem.admin.rest.resource.schema.mixin,MixinResourceTest,testMixinIcon,Magic Number,The method contains a magic number: 20,108
xp,com.enonic.wem.admin.rest.resource.schema.mixin,MixinResourceTest,testMixinIcon_default_image,Long Statement,The length of the statement "Mixin mixin=newMixin().name("mymodule:postal_code").displayName("My content type").addFormItem(newInput().name("postal_code").inputType(InputTypes.TEXT_LINE).build()).build();" is 175.,131
xp,com.enonic.wem.admin.rest.resource.schema.mixin,MixinResourceTest,testMixinIcon_default_image,Magic Number,The method contains a magic number: 20,131
xp,com.enonic.wem.admin.rest.resource.schema.mixin,MixinResourceTest,testMixinIcon_default_image,Magic Number,The method contains a magic number: 20,131
xp,com.enonic.wem.admin.rest.resource.schema.mixin,MixinResource,get,Long Statement,The length of the statement "throw new WebApplicationException(Response.status(Response.Status.NOT_FOUND).entity(message).type(MediaType.TEXT_PLAIN_TYPE).build());" is 134.,51
xp,com.enonic.wem.admin.rest.resource.schema.relationship,RelationshipTypeResourceTest,testRequestGetRelationshipTypeJson_existing,Long Statement,The length of the statement "final RelationshipType relationshipType=newRelationshipType().name("mymodule:the_relationship_type").description("RT description").build();" is 139.,45
xp,com.enonic.wem.admin.rest.resource.schema.relationship,RelationshipTypeResourceTest,testRequestGetRelationshipTypeJson_existing,Long Statement,The length of the statement "String response=request().path("schema/relationship").queryParam("name"`"mymodule:the_relationship_type").get().getAsString();" is 126.,45
xp,com.enonic.wem.admin.rest.resource.schema.relationship,RelationshipTypeResourceTest,testRequestGetRelationshipTypeJson_not_found,Long Statement,The length of the statement "final MockRestResponse response=request().path("schema/relationship").queryParam("name"`"mymodule:relationship_type").get();" is 124.,64
xp,com.enonic.wem.admin.rest.resource.schema.relationship,RelationshipTypeResourceTest,testRequestGetRelationshipTypeJson_not_found,Magic Number,The method contains a magic number: 404,64
xp,com.enonic.wem.admin.rest.resource.schema.relationship,RelationshipTypeResourceTest,testRelationshipTypeIcon,Long Statement,The length of the statement "RelationshipType relationshipType=newRelationshipType().name("mymodule:like").fromSemantic("likes").toSemantic("liked by").addAllowedFromType(ContentTypeName.from("mymodule:person")).addAllowedToType(ContentTypeName.from("mymodule:person")).icon(icon).build();" is 260.,96
xp,com.enonic.wem.admin.rest.resource.schema.relationship,RelationshipTypeResourceTest,testRelationshipTypeIcon,Magic Number,The method contains a magic number: 20,96
xp,com.enonic.wem.admin.rest.resource.schema.relationship,RelationshipTypeResourceTest,testRelationshipTypeIcon,Magic Number,The method contains a magic number: 20,96
xp,com.enonic.wem.admin.rest.resource.schema.relationship,RelationshipTypeResourceTest,testRelationshipTypeIcon_default_image,Long Statement,The length of the statement "RelationshipType relationshipType=newRelationshipType().name("mymodule:like").fromSemantic("likes").toSemantic("liked by").addAllowedFromType(ContentTypeName.from("mymodule:person")).addAllowedToType(ContentTypeName.from("mymodule:person")).build();" is 249.,121
xp,com.enonic.wem.admin.rest.resource.schema.relationship,RelationshipTypeResourceTest,testRelationshipTypeIcon_default_image,Magic Number,The method contains a magic number: 20,121
xp,com.enonic.wem.admin.rest.resource.schema.relationship,RelationshipTypeResourceTest,testRelationshipTypeIcon_default_image,Magic Number,The method contains a magic number: 20,121
xp,com.enonic.wem.admin.rest.resource.schema.relationship,RelationshipTypeResource,get,Long Identifier,The length of the field relationshipTypeIconUrlResolver is 31.,51
xp,com.enonic.wem.admin.rest.resource.schema.relationship,RelationshipTypeResource,get,Long Statement,The length of the statement "throw new WebApplicationException(Response.status(Response.Status.NOT_FOUND).entity(message).type(MediaType.TEXT_PLAIN_TYPE).build());" is 134.,51
xp,com.enonic.wem.admin.rest.resource.schema.relationship,RelationshipTypeResource,list,Long Identifier,The length of the field relationshipTypeIconUrlResolver is 31.,72
xp,com.enonic.wem.admin.rest.resource.schema.relationship,RelationshipTypeResource,getByModule,Long Identifier,The length of the field relationshipTypeIconUrlResolver is 31.,81
xp,com.enonic.wem.admin.rest.resource.schema.relationship,RelationshipTypeResource,setRelationshipTypeService,Long Identifier,The length of the field relationshipTypeIconUrlResolver is 31.,127
xp,com.enonic.wem.admin.rest.resource.schema.content,ContentTypeResourceTest,get_contentType_with_only_one_input,Long Statement,The length of the statement "final ContentType contentType=newContentType().name(MY_CTY_QUALIFIED_NAME).createdTime(SOME_DATE).superType(ContentTypeName.unstructured()).displayName("My ContentType").description("My description").icon(Icon.from(new byte[]{123}`"image/gif"`SOME_DATE)).addFormItem(newInput().name("myTextLine").inputType(TEXT_LINE).label("My text line").required(true).build()).build();" is 372.,65
xp,com.enonic.wem.admin.rest.resource.schema.content,ContentTypeResourceTest,get_contentType_with_only_one_input,Long Statement,The length of the statement "String jsonString=request().path("schema/content").queryParam("name"`MY_CTY_QUALIFIED_NAME.toString()).queryParam("inlineMixinsToFormItems"`"false").get().getAsString();" is 169.,65
xp,com.enonic.wem.admin.rest.resource.schema.content,ContentTypeResourceTest,get_contentType_with_all_formItem_types,Long Statement,The length of the statement "Input myCustomInput=newInput().name("myCustomInput").inputType(new DummyCustomInputType()).label("My custom input").required(false).build();" is 140.,95
xp,com.enonic.wem.admin.rest.resource.schema.content,ContentTypeResourceTest,get_contentType_with_all_formItem_types,Long Statement,The length of the statement "FieldSet myFieldSet=newFieldSet().name("myFieldSet").label("My field set").addFormItem(newInput().name("myTextLine").inputType(TEXT_LINE).label("My text line").required(false).build()).build();" is 193.,95
xp,com.enonic.wem.admin.rest.resource.schema.content,ContentTypeResourceTest,get_contentType_with_all_formItem_types,Long Statement,The length of the statement "FormItemSet myFormItemSet=newFormItemSet().name("myFormItemSet").label("My form item set").addFormItem(newInput().name("myTextLine").inputType(TEXT_LINE).label("My text line").required(false).build()).build();" is 209.,95
xp,com.enonic.wem.admin.rest.resource.schema.content,ContentTypeResourceTest,get_contentType_with_all_formItem_types,Long Statement,The length of the statement "ContentType contentType=newContentType().createdTime(SOME_DATE).name(MY_CTY_QUALIFIED_NAME).icon(Icon.from(new byte[]{123}`"image/gif"`SOME_DATE)).superType(ContentTypeName.unstructured()).addFormItem(myTextLine).addFormItem(myCustomInput).addFormItem(myFieldSet).addFormItem(myFormItemSet).addFormItem(myInline).build();" is 321.,95
xp,com.enonic.wem.admin.rest.resource.schema.content,ContentTypeResourceTest,get_contentType_with_all_formItem_types,Long Statement,The length of the statement "String jsonString=request().path("schema/content").queryParam("name"`MY_CTY_QUALIFIED_NAME.toString()).queryParam("inlineMixinsToFormItems"`"false").get().getAsString();" is 169.,95
xp,com.enonic.wem.admin.rest.resource.schema.content,ContentTypeResourceTest,list_one_contentType_with_only_one_input,Long Statement,The length of the statement "final ContentType contentType=newContentType().createdTime(SOME_DATE).name(MY_CTY_QUALIFIED_NAME).icon(Icon.from(new byte[]{123}`"image/gif"`SOME_DATE)).superType(ContentTypeName.unstructured()).addFormItem(newInput().name("myTextLine").inputType(TEXT_LINE).label("My text line").required(true).build()).build();" is 312.,163
xp,com.enonic.wem.admin.rest.resource.schema.content,ContentTypeResourceTest,list_one_contentType_with_only_one_input,Long Statement,The length of the statement "Mockito.when(contentTypeService.getAll(Mockito.isA(GetAllContentTypesParams.class))).thenReturn(ContentTypes.from(contentType));" is 128.,163
xp,com.enonic.wem.admin.rest.resource.schema.content,ContentTypeResourceTest,list_one_contentType_with_only_one_input,Long Statement,The length of the statement "String jsonString=request().path("schema/content/all").queryParam("names"`MY_CTY_QUALIFIED_NAME.toString()).queryParam("format"`"JSON").queryParam("inlineMixinsToFormItems"`"false").get().getAsString();" is 202.,163
xp,com.enonic.wem.admin.rest.resource.schema.content,ContentTypeResourceTest,testContentTypeIcon,Long Statement,The length of the statement "final ContentType contentType=ContentType.newContentType().name("mymodule:my_content_type").displayName("My content type").superType(ContentTypeName.from("mymodule:unstructured")).icon(schemaIcon).build();" is 205.,196
xp,com.enonic.wem.admin.rest.resource.schema.content,ContentTypeResourceTest,testContentTypeIcon,Magic Number,The method contains a magic number: 20,196
xp,com.enonic.wem.admin.rest.resource.schema.content,ContentTypeResourceTest,testContentTypeIcon,Magic Number,The method contains a magic number: 20,196
xp,com.enonic.wem.admin.rest.resource.schema.content,ContentTypeResourceTest,testContentTypeIcon_fromSuperType,Long Statement,The length of the statement "final ContentType systemContentType=ContentType.newContentType().superType(ContentTypeName.structured()).name("mymodule:unstructured").displayName("Unstructured").icon(schemaIcon).build();" is 188.,219
xp,com.enonic.wem.admin.rest.resource.schema.content,ContentTypeResourceTest,testContentTypeIcon_fromSuperType,Long Statement,The length of the statement "final ContentType contentType=ContentType.newContentType().name("mymodule:my_content_type").displayName("My content type").superType(systemContentType.getName()).build();" is 170.,219
xp,com.enonic.wem.admin.rest.resource.schema.content,ContentTypeResourceTest,testContentTypeIcon_fromSuperType,Magic Number,The method contains a magic number: 20,219
xp,com.enonic.wem.admin.rest.resource.schema.content,ContentTypeResourceTest,testContentTypeIcon_fromSuperType,Magic Number,The method contains a magic number: 20,219
xp,com.enonic.wem.admin.rest.resource.schema.content,ContentTypeResourceTest,testContentTypeIcon_notFound,Magic Number,The method contains a magic number: 10,249
xp,com.enonic.wem.admin.rest.resource.schema.content,ContentTypeResourceTest,testContentTypeIcon_notFound,Magic Number,The method contains a magic number: 404,249
xp,com.enonic.wem.admin.rest.resource.schema.content,ContentTypeResource,get,Long Statement,The length of the statement "final GetContentTypeParams getContentTypes=GetContentTypeParams.from(name).inlineMixinsToFormItems(inlineMixinsToFormItems);" is 124.,51
xp,com.enonic.wem.admin.rest.resource,AbstractResourceTest,mockCurrentContextHttpRequest,Magic Number,The method contains a magic number: 80,53
xp,com.enonic.wem.admin.rest.resource.security,SecurityResourceTest,getUserStoreByKey,Long Statement,The length of the statement "final User user1=User.create().key(PrincipalKey.from("user:local:user1")).displayName("User 1").login("user1").modifiedTime(Instant.now(clock)).build();" is 152.,89
xp,com.enonic.wem.admin.rest.resource.security,SecurityResourceTest,getUserStoreByKey,Long Statement,The length of the statement "final Group group1=Group.create().key(PrincipalKey.from("group:local:mygroup")).displayName("My Group").modifiedTime(Instant.now(clock)).build();" is 145.,89
xp,com.enonic.wem.admin.rest.resource.security,SecurityResourceTest,getUserStoreByKey,Long Statement,The length of the statement "final UserStoreAccessControlList userStorePermissions=UserStoreAccessControlList.create().add(UserStoreAccessControlEntry.create().principal(PrincipalKey.from("user:local:user1")).access(UserStoreAccess.CREATE_USERS).build()).add(UserStoreAccessControlEntry.create().principal(PrincipalKey.from("group:local:mygroup")).access(UserStoreAccess.USER_STORE_MANAGER).build()).build();" is 379.,89
xp,com.enonic.wem.admin.rest.resource.security,SecurityResourceTest,createUserStore,Long Statement,The length of the statement "final User user1=User.create().key(PrincipalKey.from("user:system:user1")).displayName("User 1").login("user1").modifiedTime(Instant.now(clock)).build();" is 153.,125
xp,com.enonic.wem.admin.rest.resource.security,SecurityResourceTest,createUserStore,Long Statement,The length of the statement "final UserStoreAccessControlList permissions=UserStoreAccessControlList.of(UserStoreAccessControlEntry.create().principal(PrincipalKey.from("user:system:user1")).access(ADMINISTRATOR).build());" is 193.,125
xp,com.enonic.wem.admin.rest.resource.security,SecurityResourceTest,createUserStore,Long Statement,The length of the statement "final UserStore userStore=UserStore.newUserStore().key(new UserStoreKey("enonic")).displayName("Enonic User Store").build();" is 124.,125
xp,com.enonic.wem.admin.rest.resource.security,SecurityResourceTest,createUserStore,Long Statement,The length of the statement "String jsonString=request().path("security/userstore/create").entity(readFromFile("createUserStoreParams.json")`MediaType.APPLICATION_JSON_TYPE).post().getAsString();" is 166.,125
xp,com.enonic.wem.admin.rest.resource.security,SecurityResourceTest,updateUserStore,Long Statement,The length of the statement "final User user1=User.create().key(PrincipalKey.from("user:system:user1")).displayName("User 1").login("user1").modifiedTime(Instant.now(clock)).build();" is 153.,156
xp,com.enonic.wem.admin.rest.resource.security,SecurityResourceTest,updateUserStore,Long Statement,The length of the statement "final UserStoreAccessControlList permissions=UserStoreAccessControlList.of(UserStoreAccessControlEntry.create().principal(PrincipalKey.from("user:system:user1")).access(ADMINISTRATOR).build());" is 193.,156
xp,com.enonic.wem.admin.rest.resource.security,SecurityResourceTest,updateUserStore,Long Statement,The length of the statement "final UserStore userStore=UserStore.newUserStore().key(new UserStoreKey("enonic")).displayName("Enonic User Store").build();" is 124.,156
xp,com.enonic.wem.admin.rest.resource.security,SecurityResourceTest,updateUserStore,Long Statement,The length of the statement "String jsonString=request().path("security/userstore/update").entity(readFromFile("updateUserStoreParams.json")`MediaType.APPLICATION_JSON_TYPE).post().getAsString();" is 166.,156
xp,com.enonic.wem.admin.rest.resource.security,SecurityResourceTest,getPrincipals,Long Statement,The length of the statement "String jsonString=request().path("security/principals").queryParam("types"`"user").queryParam("userStoreKey"`"local").get().getAsString();" is 138.,187
xp,com.enonic.wem.admin.rest.resource.security,SecurityResourceTest,getPrincipalUserById,Long Statement,The length of the statement "final User user1=User.create().key(PrincipalKey.ofUser(USER_STORE_1`"a")).displayName("Alice").modifiedTime(Instant.now(clock)).email("alice@a.org").login("alice").build();" is 172.,207
xp,com.enonic.wem.admin.rest.resource.security,SecurityResourceTest,getPrincipalUserById,Long Statement,The length of the statement "Mockito.<Optional<? extends Principal>>when(securityService.getPrincipal(PrincipalKey.from("user:local:alice"))).thenReturn(userRes);" is 133.,207
xp,com.enonic.wem.admin.rest.resource.security,SecurityResourceTest,getPrincipalUserById,Long Statement,The length of the statement "String jsonString=request().path("security/principals/" + URLEncoder.encode("user:local:alice"`"UTF-8")).get().getAsString();" is 125.,207
xp,com.enonic.wem.admin.rest.resource.security,SecurityResourceTest,getPrincipalUserByIdWithMemberships,Long Statement,The length of the statement "final User user1=User.create().key(PrincipalKey.ofUser(USER_STORE_1`"a")).displayName("Alice").modifiedTime(Instant.now(clock)).email("alice@a.org").login("alice").build();" is 172.,230
xp,com.enonic.wem.admin.rest.resource.security,SecurityResourceTest,getPrincipalUserByIdWithMemberships,Long Statement,The length of the statement "final Group group1=Group.create().key(PrincipalKey.ofGroup(UserStoreKey.system()`"group-a")).displayName("Group A").modifiedTime(Instant.now(clock)).build();" is 157.,230
xp,com.enonic.wem.admin.rest.resource.security,SecurityResourceTest,getPrincipalUserByIdWithMemberships,Long Statement,The length of the statement "final Group group2=Group.create().key(PrincipalKey.ofGroup(UserStoreKey.system()`"group-b")).displayName("Group B").modifiedTime(Instant.now(clock)).build();" is 157.,230
xp,com.enonic.wem.admin.rest.resource.security,SecurityResourceTest,getPrincipalUserByIdWithMemberships,Long Statement,The length of the statement "Mockito.<Optional<? extends Principal>>when(securityService.getPrincipal(PrincipalKey.from("user:local:a"))).thenReturn(userRes);" is 129.,230
xp,com.enonic.wem.admin.rest.resource.security,SecurityResourceTest,getPrincipalUserByIdWithMemberships,Long Statement,The length of the statement "String jsonString=request().path("security/principals/" + URLEncoder.encode("user:local:a"`"UTF-8")).queryParam("memberships"`"true").get().getAsString();" is 154.,230
xp,com.enonic.wem.admin.rest.resource.security,SecurityResourceTest,getPrincipalGroupById,Long Statement,The length of the statement "final Group group=Group.create().key(PrincipalKey.ofGroup(UserStoreKey.system()`"group-a")).displayName("Group A").modifiedTime(Instant.now(clock)).build();" is 156.,268
xp,com.enonic.wem.admin.rest.resource.security,SecurityResourceTest,getPrincipalGroupById,Long Statement,The length of the statement "Mockito.<Optional<? extends Principal>>when(securityService.getPrincipal(PrincipalKey.from("group:system:group-a"))).thenReturn(userRes);" is 137.,268
xp,com.enonic.wem.admin.rest.resource.security,SecurityResourceTest,getPrincipalGroupById,Long Statement,The length of the statement "String jsonString=request().path("security/principals/" + URLEncoder.encode("group:system:group-a"`"UTF-8")).get().getAsString();" is 129.,268
xp,com.enonic.wem.admin.rest.resource.security,SecurityResourceTest,getPrincipalRoleById,Long Statement,The length of the statement "final Role role=Role.create().key(PrincipalKey.ofRole("superuser")).displayName("Super user role").modifiedTime(Instant.now(clock)).build();" is 140.,294
xp,com.enonic.wem.admin.rest.resource.security,SecurityResourceTest,getPrincipalRoleById,Long Statement,The length of the statement "Mockito.<Optional<? extends Principal>>when(securityService.getPrincipal(PrincipalKey.from("role:superuser"))).thenReturn(userRes);" is 131.,294
xp,com.enonic.wem.admin.rest.resource.security,SecurityResourceTest,getPrincipalRoleById,Long Statement,The length of the statement "String jsonString=request().path("security/principals/" + URLEncoder.encode("role:superuser"`"UTF-8")).get().getAsString();" is 123.,294
xp,com.enonic.wem.admin.rest.resource.security,SecurityResourceTest,isEmailAvailableNegative,Long Statement,The length of the statement "final User user=User.create().key(PrincipalKey.ofUser(USER_STORE_1`"a")).displayName("Alice").modifiedTime(Instant.now(clock)).email("alice@enonic.com").login("alice").build();" is 176.,320
xp,com.enonic.wem.admin.rest.resource.security,SecurityResourceTest,isEmailAvailableNegative,Long Statement,The length of the statement "String jsonString=request().path("security/principals/emailAvailable").queryParam("email"`"true").queryParam("userStoreKey"`"true").get().getAsString();" is 152.,320
xp,com.enonic.wem.admin.rest.resource.security,SecurityResourceTest,isEmailAvailablePositive,Long Statement,The length of the statement "String jsonString=request().path("security/principals/emailAvailable").queryParam("email"`"true").queryParam("userStoreKey"`"true").get().getAsString();" is 152.,344
xp,com.enonic.wem.admin.rest.resource.security,SecurityResourceTest,createUser,Long Statement,The length of the statement "final User user=User.create().key(PrincipalKey.ofUser(USER_STORE_1`"user1")).displayName("User 1").modifiedTime(Instant.now(clock)).email("user1@enonic.com").login("user1").build();" is 181.,360
xp,com.enonic.wem.admin.rest.resource.security,SecurityResourceTest,createUser,Long Statement,The length of the statement "String jsonString=request().path("security/principals/createUser").entity(readFromFile("createUserParams.json")`MediaType.APPLICATION_JSON_TYPE).post().getAsString();" is 166.,360
xp,com.enonic.wem.admin.rest.resource.security,SecurityResourceTest,createGroup,Long Statement,The length of the statement "final Group group=Group.create().key(PrincipalKey.ofGroup(UserStoreKey.system()`"group-a")).displayName("Group A").modifiedTime(Instant.now(clock)).build();" is 156.,382
xp,com.enonic.wem.admin.rest.resource.security,SecurityResourceTest,createGroup,Long Statement,The length of the statement "String jsonString=request().path("security/principals/createGroup").entity(readFromFile("createGroupParams.json")`MediaType.APPLICATION_JSON_TYPE).post().getAsString();" is 168.,382
xp,com.enonic.wem.admin.rest.resource.security,SecurityResourceTest,createRole,Long Statement,The length of the statement "final Role role=Role.create().key(PrincipalKey.ofRole("superuser")).displayName("Super user role").modifiedTime(Instant.now(clock)).build();" is 140.,402
xp,com.enonic.wem.admin.rest.resource.security,SecurityResourceTest,createRole,Long Statement,The length of the statement "String jsonString=request().path("security/principals/createRole").entity(readFromFile("createRoleParams.json")`MediaType.APPLICATION_JSON_TYPE).post().getAsString();" is 166.,402
xp,com.enonic.wem.admin.rest.resource.security,SecurityResourceTest,updateUser,Long Statement,The length of the statement "final User user=User.create().key(PrincipalKey.ofUser(USER_STORE_1`"user1")).displayName("User 1").modifiedTime(Instant.now(clock)).email("user1@enonic.com").login("user1").build();" is 181.,422
xp,com.enonic.wem.admin.rest.resource.security,SecurityResourceTest,updateUser,Long Statement,The length of the statement "String jsonString=request().path("security/principals/updateUser").entity(readFromFile("updateUserParams.json")`MediaType.APPLICATION_JSON_TYPE).post().getAsString();" is 166.,422
xp,com.enonic.wem.admin.rest.resource.security,SecurityResourceTest,updateGroup,Long Statement,The length of the statement "final Group group=Group.create().key(PrincipalKey.ofGroup(UserStoreKey.system()`"group-a")).displayName("Group A").modifiedTime(Instant.now(clock)).build();" is 156.,444
xp,com.enonic.wem.admin.rest.resource.security,SecurityResourceTest,updateGroup,Long Statement,The length of the statement "String jsonString=request().path("security/principals/updateGroup").entity(readFromFile("updateGroupParams.json")`MediaType.APPLICATION_JSON_TYPE).post().getAsString();" is 168.,444
xp,com.enonic.wem.admin.rest.resource.security,SecurityResourceTest,updateRole,Long Statement,The length of the statement "final Role role=Role.create().key(PrincipalKey.ofRole("superuser")).displayName("Super user role").modifiedTime(Instant.now(clock)).build();" is 140.,468
xp,com.enonic.wem.admin.rest.resource.security,SecurityResourceTest,updateRole,Long Statement,The length of the statement "String jsonString=request().path("security/principals/updateRole").entity(readFromFile("updateRoleParams.json")`MediaType.APPLICATION_JSON_TYPE).post().getAsString();" is 166.,468
xp,com.enonic.wem.admin.rest.resource.security,SecurityResourceTest,deletePrincipals,Long Statement,The length of the statement "String jsonString=request().path("security/principals/delete").entity(readFromFile("deletePrincipalsParams.json")`MediaType.APPLICATION_JSON_TYPE).post().getAsString();" is 168.,492
xp,com.enonic.wem.admin.rest.resource.security,SecurityResourceTest,createPrincipals,Long Statement,The length of the statement "final User user1=User.create().key(PrincipalKey.ofUser(USER_STORE_1`"a")).displayName("Alice").modifiedTime(Instant.now(clock)).email("alice@a.org").login("alice").build();" is 172.,522
xp,com.enonic.wem.admin.rest.resource.security,SecurityResourceTest,createPrincipals,Long Statement,The length of the statement "final User user2=User.create().key(PrincipalKey.ofUser(USER_STORE_2`"b")).displayName("Bobby").modifiedTime(Instant.now(clock)).email("bobby@b.org").login("bobby").build();" is 172.,522
xp,com.enonic.wem.admin.rest.resource.security,SecurityResource,isEmailAvailable,Long Statement,The length of the statement "final UserStoreKey userStoreKey=isBlank(userStoreKeyParam) ? UserStoreKey.system() : new UserStoreKey(userStoreKeyParam);" is 121.,202
xp,com.enonic.wem.admin.rest.resource.relationship,RelationshipResourceTest,get_from_content_with_one_relationship,Long Statement,The length of the statement "Relationships relationships=Relationships.from(newRelationship().fromContent(ContentId.from("111")).toContent(ContentId.from("222")).type(RelationshipTypeName.REFERENCE).build());" is 179.,31
xp,com.enonic.wem.admin.rest.resource.relationship,RelationshipResourceTest,get_from_content_with_two_relationships,Long Statement,The length of the statement "Relationships relationships=Relationships.from(newRelationship().fromContent(ContentId.from("111")).toContent(ContentId.from("222")).type(RelationshipTypeName.REFERENCE).build()`newRelationship().fromContent(ContentId.from("111")).toContent(ContentId.from("333")).type(RelationshipTypeName.REFERENCE).build());" is 310.,48
xp,com.enonic.wem.admin.rest.resource.relationship,RelationshipResourceTest,create,Long Statement,The length of the statement "String result=request().path("relationship/create").entity(readFromFile("create_relationship_params.json")`MediaType.APPLICATION_JSON_TYPE).post().getAsString();" is 161.,67
xp,com.enonic.wem.admin.rest.resource.relationship,RelationshipResourceTest,update_success,Long Statement,The length of the statement "String result=request().path("relationship/update").entity(readFromFile("update_relationship_params.json")`MediaType.APPLICATION_JSON_TYPE).post().getAsString();" is 161.,86
xp,com.enonic.wem.admin.rest.resource.relationship,RelationshipResourceTest,update_failure,Long Statement,The length of the statement "RelationshipKey relationshipKey=RelationshipKey.newRelationshipKey().type(RelationshipTypeName.REFERENCE).fromContent(ContentId.from("123")).toContent(ContentId.from("321")).build();" is 182.,96
xp,com.enonic.wem.admin.rest.resource.relationship,RelationshipResourceTest,update_failure,Long Statement,The length of the statement "UpdateRelationshipFailureException exception=newUpdateRelationshipsResult().relationshipKey(relationshipKey).failure(new RelationshipNotFoundException(relationshipKey)).build();" is 177.,96
xp,com.enonic.wem.admin.rest.resource.relationship,RelationshipResourceTest,update_failure,Long Statement,The length of the statement "final MockRestResponse response=request().path("relationship/update").entity(readFromFile("update_relationship_params.json")`MediaType.APPLICATION_JSON_TYPE).post();" is 165.,96
xp,com.enonic.wem.admin.rest.resource.relationship,RelationshipResourceTest,update_failure,Magic Number,The method contains a magic number: 404,96
xp,com.enonic.wem.admin.rest.resource.relationship,RelationshipResource,create,Long Statement,The length of the statement "final CreateRelationshipParams createCommand=new CreateRelationshipParams().type(typeName).fromContent(fromContentId).toContent(toContentId).property(params.getProperties());" is 174.,50
xp,com.enonic.wem.admin.rest.resource.relationship,RelationshipResource,create,Long Statement,The length of the statement "return new CreateRelationshipJson(RelationshipKey.from(createCommand.getType()`createCommand.getFromContent()`createCommand.getToContent()));" is 141.,50
xp,com.enonic.wem.admin.rest.resource.relationship,RelationshipResource,update,Long Statement,The length of the statement "final UpdateRelationshipParams updateCommand=new UpdateRelationshipParams().relationshipKey(params.getRelationshipKey().from());" is 128.,68
xp,com.enonic.wem.admin.rest.resource.module,ModuleResourceTest,install_module,Long Statement,The length of the statement "request().path("module/install").entity("{\"url\":\"http://some.host/some.path\"}"`MediaType.APPLICATION_JSON_TYPE).post();" is 123.,118
xp,com.enonic.wem.admin.rest.resource.module,ModuleResourceTest,createModule,Long Statement,The length of the statement "final Form config=Form.newForm().addFormItem(Input.newInput().name("some-name").inputType(InputTypes.TEXT_LINE).build()).build();" is 129.,130
xp,com.enonic.wem.admin.rest.resource.content,ContentResourceTest,getResourceInstance,Long Statement,The length of the statement "Mockito.when(contentTypeService.getByName(Mockito.isA(GetContentTypeParams.class))).thenReturn(createContentType("mymodule:my_type"));" is 134.,88
xp,com.enonic.wem.admin.rest.resource.content,ContentResourceTest,get_content_by_path,Magic Number,The method contains a magic number: 2L,107
xp,com.enonic.wem.admin.rest.resource.content,ContentResourceTest,get_content_by_path,Magic Number,The method contains a magic number: 3.14159,107
xp,com.enonic.wem.admin.rest.resource.content,ContentResourceTest,get_content_by_path,Magic Number,The method contains a magic number: 1.333,107
xp,com.enonic.wem.admin.rest.resource.content,ContentResourceTest,get_content_summary_by_path,Long Statement,The length of the statement "String jsonString=request().path("content/bypath").queryParam("path"`"/my_a_content").queryParam("expand"`"summary").get().getAsString();" is 137.,132
xp,com.enonic.wem.admin.rest.resource.content,ContentResourceTest,get_content_summary_by_path,Magic Number,The method contains a magic number: 2L,132
xp,com.enonic.wem.admin.rest.resource.content,ContentResourceTest,get_content_by_path_not_found,Magic Number,The method contains a magic number: 404,153
xp,com.enonic.wem.admin.rest.resource.content,ContentResourceTest,get_content_id_by_path_and_version,Long Statement,The length of the statement "String jsonString=request().path("content/bypath").queryParam("path"`"/my_a_content").queryParam("expand"`"none").get().getAsString();" is 134.,166
xp,com.enonic.wem.admin.rest.resource.content,ContentResourceTest,get_content_id_by_path_and_version,Magic Number,The method contains a magic number: 2L,166
xp,com.enonic.wem.admin.rest.resource.content,ContentResourceTest,get_content_by_path_and_version_not_found,Magic Number,The method contains a magic number: 404,189
xp,com.enonic.wem.admin.rest.resource.content,ContentResourceTest,get_content_by_id,Magic Number,The method contains a magic number: 2L,200
xp,com.enonic.wem.admin.rest.resource.content,ContentResourceTest,get_content_by_id,Magic Number,The method contains a magic number: 3.14159,200
xp,com.enonic.wem.admin.rest.resource.content,ContentResourceTest,get_content_by_id,Magic Number,The method contains a magic number: 1.333,200
xp,com.enonic.wem.admin.rest.resource.content,ContentResourceTest,get_site_content_by_id,Long Statement,The length of the statement "ModuleConfig moduleConfig=ModuleConfig.newModuleConfig().module(ModuleKey.from("mymodule")).config(moduleConfigConfig).build();" is 127.,221
xp,com.enonic.wem.admin.rest.resource.content,ContentResourceTest,get_page_content_by_id,Long Statement,The length of the statement "PartComponent component=PartComponent.newPartComponent().name("my-component").descriptor(DescriptorKey.from("mainmodule:partTemplateName")).config(componentConfig).build();" is 172.,244
xp,com.enonic.wem.admin.rest.resource.content,ContentResourceTest,get_content_summary_by_id,Magic Number,The method contains a magic number: 2L,287
xp,com.enonic.wem.admin.rest.resource.content,ContentResourceTest,get_content_by_id_not_found,Magic Number,The method contains a magic number: 404,307
xp,com.enonic.wem.admin.rest.resource.content,ContentResourceTest,get_content_id_by_id_and_version,Magic Number,The method contains a magic number: 3.14159,318
xp,com.enonic.wem.admin.rest.resource.content,ContentResourceTest,get_content_id_by_id_and_version,Magic Number,The method contains a magic number: 1.333,318
xp,com.enonic.wem.admin.rest.resource.content,ContentResourceTest,get_content_by_id_and_version_not_found,Magic Number,The method contains a magic number: 404,339
xp,com.enonic.wem.admin.rest.resource.content,ContentResourceTest,list_content_by_path,Long Statement,The length of the statement "Mockito.when(contentService.findByParent(Mockito.isA(FindContentByParentParams.class))).thenReturn(FindContentByParentResult.create().contents(Contents.from(aContent`bContent)).hits(2).totalHits(2).build());" is 207.,350
xp,com.enonic.wem.admin.rest.resource.content,ContentResourceTest,list_content_by_path,Magic Number,The method contains a magic number: 2,350
xp,com.enonic.wem.admin.rest.resource.content,ContentResourceTest,list_content_by_path,Magic Number,The method contains a magic number: 2,350
xp,com.enonic.wem.admin.rest.resource.content,ContentResourceTest,list_content_full_by_path,Long Statement,The length of the statement "Mockito.when(contentService.findByParent(Mockito.isA(FindContentByParentParams.class))).thenReturn(FindContentByParentResult.create().contents(Contents.from(aContent`bContent)).hits(2).totalHits(2).build());" is 207.,368
xp,com.enonic.wem.admin.rest.resource.content,ContentResourceTest,list_content_full_by_path,Long Statement,The length of the statement "String jsonString=request().path("content/list/bypath").queryParam("parentPath"`"/").queryParam("expand"`"full").get().getAsString();" is 133.,368
xp,com.enonic.wem.admin.rest.resource.content,ContentResourceTest,list_content_full_by_path,Magic Number,The method contains a magic number: 2,368
xp,com.enonic.wem.admin.rest.resource.content,ContentResourceTest,list_content_full_by_path,Magic Number,The method contains a magic number: 2,368
xp,com.enonic.wem.admin.rest.resource.content,ContentResourceTest,list_content_by_path_not_found,Long Statement,The length of the statement "Mockito.when(contentService.findByParent(Mockito.isA(FindContentByParentParams.class))).thenReturn(FindContentByParentResult.create().contents(Contents.empty()).hits(0).totalHits(0).build());" is 191.,387
xp,com.enonic.wem.admin.rest.resource.content,ContentResourceTest,list_root_content_id_by_path,Long Statement,The length of the statement "Mockito.when(contentService.findByParent(Mockito.isA(FindContentByParentParams.class))).thenReturn(FindContentByParentResult.create().contents(Contents.from(aContent`bContent)).hits(2).totalHits(2).build());" is 207.,403
xp,com.enonic.wem.admin.rest.resource.content,ContentResourceTest,list_root_content_id_by_path,Magic Number,The method contains a magic number: 2,403
xp,com.enonic.wem.admin.rest.resource.content,ContentResourceTest,list_root_content_id_by_path,Magic Number,The method contains a magic number: 2,403
xp,com.enonic.wem.admin.rest.resource.content,ContentResourceTest,list_content_by_id,Long Statement,The length of the statement "Mockito.when(contentService.findByParent(Mockito.isA(FindContentByParentParams.class))).thenReturn(FindContentByParentResult.create().contents(Contents.from(aContent`bContent)).hits(2).totalHits(2).build());" is 207.,421
xp,com.enonic.wem.admin.rest.resource.content,ContentResourceTest,list_content_by_id,Magic Number,The method contains a magic number: 2,421
xp,com.enonic.wem.admin.rest.resource.content,ContentResourceTest,list_content_by_id,Magic Number,The method contains a magic number: 2,421
xp,com.enonic.wem.admin.rest.resource.content,ContentResourceTest,list_content_full_by_id,Long Statement,The length of the statement "Mockito.when(contentService.findByParent(Mockito.isA(FindContentByParentParams.class))).thenReturn(FindContentByParentResult.create().contents(Contents.from(aContent`bContent)).hits(2).totalHits(2).build());" is 207.,442
xp,com.enonic.wem.admin.rest.resource.content,ContentResourceTest,list_content_full_by_id,Long Statement,The length of the statement "String jsonString=request().path("content/list").queryParam("parentId"`"ccc").queryParam("expand"`"full").get().getAsString();" is 126.,442
xp,com.enonic.wem.admin.rest.resource.content,ContentResourceTest,list_content_full_by_id,Magic Number,The method contains a magic number: 2,442
xp,com.enonic.wem.admin.rest.resource.content,ContentResourceTest,list_content_full_by_id,Magic Number,The method contains a magic number: 2,442
xp,com.enonic.wem.admin.rest.resource.content,ContentResourceTest,list_root_content_id_by_id,Long Statement,The length of the statement "Mockito.when(contentService.findByParent(Mockito.isA(FindContentByParentParams.class))).thenReturn(FindContentByParentResult.create().contents(Contents.from(aContent`bContent)).hits(2).totalHits(2).build());" is 207.,464
xp,com.enonic.wem.admin.rest.resource.content,ContentResourceTest,list_root_content_id_by_id,Magic Number,The method contains a magic number: 2,464
xp,com.enonic.wem.admin.rest.resource.content,ContentResourceTest,list_root_content_id_by_id,Magic Number,The method contains a magic number: 2,464
xp,com.enonic.wem.admin.rest.resource.content,ContentResourceTest,batch_content,Long Statement,The length of the statement "String jsonString=request().path("content/batch").entity(readFromFile("batch_content_params.json")`MediaType.APPLICATION_JSON_TYPE).post().getAsString();" is 153.,482
xp,com.enonic.wem.admin.rest.resource.content,ContentResourceTest,generate_name,Long Statement,The length of the statement "String jsonString=request().path("content/generateName").queryParam("displayName"`"Some rea11y we!rd name...").get().getAsString();" is 131.,501
xp,com.enonic.wem.admin.rest.resource.content,ContentResourceTest,delete_content_success,Long Statement,The length of the statement "Mockito.when(contentService.delete(Mockito.isA(DeleteContentParams.class))).thenReturn(newContent().parentPath(ContentPath.ROOT).name("one").build());" is 150.,513
xp,com.enonic.wem.admin.rest.resource.content,ContentResourceTest,delete_content_success,Long Statement,The length of the statement "String jsonString=request().path("content/delete").entity(readFromFile("delete_content_params.json")`MediaType.APPLICATION_JSON_TYPE).post().getAsString();" is 155.,513
xp,com.enonic.wem.admin.rest.resource.content,ContentResourceTest,delete_content_failure,Long Statement,The length of the statement "Mockito.when(contentService.delete(Mockito.eq(DeleteContentParams.create().contentPath(ContentPath.from("/one")).build()))).thenThrow(new ContentNotFoundException(ContentPath.from("/one")`ContentConstants.BRANCH_DRAFT));" is 220.,532
xp,com.enonic.wem.admin.rest.resource.content,ContentResourceTest,delete_content_failure,Long Statement,The length of the statement "Mockito.when(contentService.delete(Mockito.eq(DeleteContentParams.create().contentPath(ContentPath.from("/two")).build()))).thenThrow(new UnableToDeleteContentException(ContentPath.from("/two")`"Some reason"));" is 210.,532
xp,com.enonic.wem.admin.rest.resource.content,ContentResourceTest,delete_content_failure,Long Statement,The length of the statement "String jsonString=request().path("content/delete").entity(readFromFile("delete_content_params.json")`MediaType.APPLICATION_JSON_TYPE).post().getAsString();" is 155.,532
xp,com.enonic.wem.admin.rest.resource.content,ContentResourceTest,delete_content_both,Long Statement,The length of the statement "Mockito.when(contentService.delete(Mockito.eq(DeleteContentParams.create().contentPath(ContentPath.from("/one")).build()))).thenReturn(newContent().parentPath(ContentPath.ROOT).name("one").build());" is 198.,556
xp,com.enonic.wem.admin.rest.resource.content,ContentResourceTest,delete_content_both,Long Statement,The length of the statement "Mockito.when(contentService.delete(DeleteContentParams.create().contentPath(ContentPath.from("/two")).build())).thenThrow(new UnableToDeleteContentException(ContentPath.from("/two")`"Some reason"));" is 198.,556
xp,com.enonic.wem.admin.rest.resource.content,ContentResourceTest,delete_content_both,Long Statement,The length of the statement "String jsonString=request().path("content/delete").entity(readFromFile("delete_content_params.json")`MediaType.APPLICATION_JSON_TYPE).post().getAsString();" is 155.,556
xp,com.enonic.wem.admin.rest.resource.content,ContentResourceTest,create_content_exception,Long Statement,The length of the statement "Mockito.when(contentTypeService.getByNames(Mockito.isA(GetContentTypesParams.class))).thenReturn(ContentTypes.from(createContentType("mymodule:my-type")));" is 155.,585
xp,com.enonic.wem.admin.rest.resource.content,ContentResourceTest,create_content_exception,Long Statement,The length of the statement "request().path("content/create").entity(readFromFile("create_content_params.json")`MediaType.APPLICATION_JSON_TYPE).post().getAsString();" is 137.,585
xp,com.enonic.wem.admin.rest.resource.content,ContentResourceTest,create_content_success,Long Statement,The length of the statement "Mockito.when(contentTypeService.getByNames(Mockito.isA(GetContentTypesParams.class))).thenReturn(ContentTypes.from(createContentType("mymodule:my-type")));" is 155.,602
xp,com.enonic.wem.admin.rest.resource.content,ContentResourceTest,create_content_success,Long Statement,The length of the statement "String jsonString=request().path("content/create").entity(readFromFile("create_content_params.json")`MediaType.APPLICATION_JSON_TYPE).post().getAsString();" is 155.,602
xp,com.enonic.wem.admin.rest.resource.content,ContentResourceTest,update_content_failure,Long Statement,The length of the statement "Mockito.when(contentTypeService.getByNames(Mockito.isA(GetContentTypesParams.class))).thenReturn(ContentTypes.from(createContentType("mymodule:my-type")));" is 155.,620
xp,com.enonic.wem.admin.rest.resource.content,ContentResourceTest,update_content_failure,Long Statement,The length of the statement "Exception e=new com.enonic.wem.api.content.ContentNotFoundException(ContentId.from("content-id")`ContentConstants.BRANCH_DRAFT);" is 128.,620
xp,com.enonic.wem.admin.rest.resource.content,ContentResourceTest,update_content_failure,Long Statement,The length of the statement "request().path("content/update").entity(readFromFile("update_content_params.json")`MediaType.APPLICATION_JSON_TYPE).post().getAsString();" is 137.,620
xp,com.enonic.wem.admin.rest.resource.content,ContentResourceTest,update_content_nothing_updated,Long Statement,The length of the statement "Mockito.when(contentTypeService.getByNames(Mockito.isA(GetContentTypesParams.class))).thenReturn(ContentTypes.from(createContentType("mymodule:my-type")));" is 155.,637
xp,com.enonic.wem.admin.rest.resource.content,ContentResourceTest,update_content_nothing_updated,Long Statement,The length of the statement "String jsonString=request().path("content/update").entity(readFromFile("update_content_params.json")`MediaType.APPLICATION_JSON_TYPE).post().getAsString();" is 155.,637
xp,com.enonic.wem.admin.rest.resource.content,ContentResourceTest,update_content_success,Long Statement,The length of the statement "Mockito.when(contentTypeService.getByNames(Mockito.isA(GetContentTypesParams.class))).thenReturn(ContentTypes.from(createContentType("mymodule:my-type")));" is 155.,655
xp,com.enonic.wem.admin.rest.resource.content,ContentResourceTest,update_content_success,Long Statement,The length of the statement "String jsonString=request().path("content/update").entity(readFromFile("update_content_params.json")`MediaType.APPLICATION_JSON_TYPE).post().getAsString();" is 155.,655
xp,com.enonic.wem.admin.rest.resource.content,ContentResourceTest,publish_content_success,Long Statement,The length of the statement "Mockito.when(contentService.push(Mockito.isA(PushContentParams.class))).thenReturn(PushContentsResult.create().setPushedContent(Contents.from(newContent().id(ContentId.from("my-content")).parentPath(ContentPath.ROOT).name("content").displayName("My Content").build())).addFailed(newContent().id(ContentId.from("my-content2")).parentPath(ContentPath.ROOT).name("content").displayName("My Content").build()`PushContentsResult.FailedReason.PARENT_NOT_EXISTS).build());" is 465.,673
xp,com.enonic.wem.admin.rest.resource.content,ContentResourceTest,publish_content_success,Long Statement,The length of the statement "String jsonString=request().path("content/publish").entity(readFromFile("publish_content_params.json")`MediaType.APPLICATION_JSON_TYPE).post().getAsString();" is 157.,673
xp,com.enonic.wem.admin.rest.resource.content,ContentResourceTest,publish_content_deleted,Long Statement,The length of the statement "Mockito.when(contentService.push(Mockito.isA(PushContentParams.class))).thenReturn(PushContentsResult.create().setPushedContent(Contents.from(newContent().id(ContentId.from("my-content")).parentPath(ContentPath.ROOT).name("content").displayName("My Content").build())).addDeleted(ContentId.from("myContentId")).build());" is 320.,699
xp,com.enonic.wem.admin.rest.resource.content,ContentResourceTest,publish_content_deleted,Long Statement,The length of the statement "String jsonString=request().path("content/publish").entity(readFromFile("publish_content_params.json")`MediaType.APPLICATION_JSON_TYPE).post().getAsString();" is 157.,699
xp,com.enonic.wem.admin.rest.resource.content,ContentResourceTest,duplicate,Long Statement,The length of the statement "String jsonString=request().path("content/duplicate").entity(readFromFile("duplicate_content_params.json")`MediaType.APPLICATION_JSON_TYPE).post().getAsString();" is 161.,721
xp,com.enonic.wem.admin.rest.resource.content,ContentResourceTest,duplicate,Magic Number,The method contains a magic number: 3.14159,721
xp,com.enonic.wem.admin.rest.resource.content,ContentResourceTest,duplicate,Magic Number,The method contains a magic number: 1.333,721
xp,com.enonic.wem.admin.rest.resource.content,ContentResourceTest,duplicate_not_found,Long Statement,The length of the statement "final Exception e=new com.enonic.wem.api.content.ContentNotFoundException(ContentId.from("content-id")`ContentConstants.BRANCH_DRAFT);" is 134.,749
xp,com.enonic.wem.admin.rest.resource.content,ContentResourceTest,duplicate_not_found,Long Statement,The length of the statement "request().path("content/duplicate").entity(readFromFile("duplicate_content_params.json")`MediaType.APPLICATION_JSON_TYPE).post().getAsString();" is 143.,749
xp,com.enonic.wem.admin.rest.resource.content,ContentResourceTest,applyPermissions,Long Statement,The length of the statement "Mockito.<Optional<? extends Principal>>when(securityService.getPrincipal(PrincipalKey.from("user:system:admin"))).thenReturn(Optional.of(admin));" is 145.,766
xp,com.enonic.wem.admin.rest.resource.content,ContentResourceTest,applyPermissions,Long Statement,The length of the statement "Mockito.<Optional<? extends Principal>>when(securityService.getPrincipal(PrincipalKey.ofAnonymous())).thenReturn(Optional.of(anon));" is 132.,766
xp,com.enonic.wem.admin.rest.resource.content,ContentResourceTest,applyPermissions,Long Statement,The length of the statement "final AccessControlList permissions=AccessControlList.of(AccessControlEntry.create().principal(PrincipalKey.from("user:system:admin")).allowAll().build()`AccessControlEntry.create().principal(PrincipalKey.ofAnonymous()).allow(READ).build());" is 241.,766
xp,com.enonic.wem.admin.rest.resource.content,ContentResourceTest,applyPermissions,Long Statement,The length of the statement "String jsonString=request().path("content/applyPermissions").entity(readFromFile("apply_content_permissions_params.json")`MediaType.APPLICATION_JSON_TYPE).post().getAsString();" is 176.,766
xp,com.enonic.wem.admin.rest.resource.content,ContentResourceTest,getPermissions,Long Statement,The length of the statement "Mockito.<Optional<? extends Principal>>when(securityService.getPrincipal(PrincipalKey.from("user:system:admin"))).thenReturn(Optional.of(admin));" is 145.,794
xp,com.enonic.wem.admin.rest.resource.content,ContentResourceTest,getPermissions,Long Statement,The length of the statement "Mockito.<Optional<? extends Principal>>when(securityService.getPrincipal(PrincipalKey.ofAnonymous())).thenReturn(Optional.of(anon));" is 132.,794
xp,com.enonic.wem.admin.rest.resource.content,ContentResourceTest,getPermissions,Long Statement,The length of the statement "final AccessControlList permissions=AccessControlList.of(AccessControlEntry.create().principal(PrincipalKey.from("user:system:admin")).allowAll().build()`AccessControlEntry.create().principal(PrincipalKey.ofAnonymous()).allow(READ).build());" is 241.,794
xp,com.enonic.wem.admin.rest.resource.content,ContentResourceTest,createContent,Long Statement,The length of the statement "return newContent().id(ContentId.from(id)).parentPath(ContentPath.ROOT).name(name).valid(true).createdTime(Instant.parse(this.currentTime)).creator(PrincipalKey.from("user:system:admin")).owner(PrincipalKey.from("user:myStore:me")).language(Locale.ENGLISH).displayName("My Content").modifiedTime(Instant.parse(this.currentTime)).modifier(PrincipalKey.from("user:system:admin")).type(ContentTypeName.from(contentTypeName)).addMetadata(new Metadata(MixinName.from("myModule:myField")`metadata)).build();" is 501.,817
xp,com.enonic.wem.admin.rest.resource.content,ContentResourceTest,createSite,Long Statement,The length of the statement "return newSite().moduleConfigs(moduleConfigs).id(ContentId.from(id)).parentPath(ContentPath.ROOT).name(name).valid(true).createdTime(Instant.parse(this.currentTime)).creator(PrincipalKey.from("user:system:admin")).owner(PrincipalKey.from("user:myStore:me")).language(Locale.ENGLISH).displayName("My Content").modifiedTime(Instant.parse(this.currentTime)).modifier(PrincipalKey.from("user:system:admin")).type(ContentTypeName.from(contentTypeName)).build();" is 456.,839
xp,com.enonic.wem.admin.rest.resource.content,ContentResourceTest,createContentType,Long Statement,The length of the statement "return ContentType.newContentType().superType(ContentTypeName.structured()).displayName("My type").name(name).icon(Icon.from(new byte[]{123}`"image/gif"`Instant.now())).build();" is 177.,858
xp,com.enonic.wem.admin.rest.resource.content,ContentIconResource,getContentIcon,Complex Method,Cyclomatic complexity of the method is 8,48
xp,com.enonic.wem.admin.rest.resource.content,ContentResource,create,Long Identifier,The length of the field inlineMixinsToFormItemsTransformer is 34.,149
xp,com.enonic.wem.admin.rest.resource.content,ContentResource,create,Long Statement,The length of the statement "return new ContentJson(persistedContent`newContentIconUrlResolver()`inlineMixinsToFormItemsTransformer`principalsResolver);" is 123.,149
xp,com.enonic.wem.admin.rest.resource.content,ContentResource,createMedia,Long Identifier,The length of the field inlineMixinsToFormItemsTransformer is 34.,157
xp,com.enonic.wem.admin.rest.resource.content,ContentResource,createMedia,Long Statement,The length of the statement "return new ContentJson(persistedContent`newContentIconUrlResolver()`inlineMixinsToFormItemsTransformer`principalsResolver);" is 123.,157
xp,com.enonic.wem.admin.rest.resource.content,ContentResource,updateMedia,Long Identifier,The length of the field inlineMixinsToFormItemsTransformer is 34.,185
xp,com.enonic.wem.admin.rest.resource.content,ContentResource,updateMedia,Long Statement,The length of the statement "return new ContentJson(persistedContent`newContentIconUrlResolver()`inlineMixinsToFormItemsTransformer`principalsResolver);" is 123.,185
xp,com.enonic.wem.admin.rest.resource.content,ContentResource,updateThumbnail,Long Identifier,The length of the field inlineMixinsToFormItemsTransformer is 34.,203
xp,com.enonic.wem.admin.rest.resource.content,ContentResource,updateThumbnail,Long Statement,The length of the statement "final CreateAttachment thumbnailAttachment=CreateAttachment.create().name(AttachmentNames.THUMBNAIL).mimeType(mediaFile.getContentType()).byteSource(getFileItemByteSource(mediaFile)).build();" is 191.,203
xp,com.enonic.wem.admin.rest.resource.content,ContentResource,updateThumbnail,Long Statement,The length of the statement "final UpdateContentParams params=new UpdateContentParams().contentId(ContentId.from(form.getAsString("id"))).createAttachments(CreateAttachments.from(thumbnailAttachment));" is 172.,203
xp,com.enonic.wem.admin.rest.resource.content,ContentResource,updateThumbnail,Long Statement,The length of the statement "return new ContentJson(persistedContent`newContentIconUrlResolver()`inlineMixinsToFormItemsTransformer`principalsResolver);" is 123.,203
xp,com.enonic.wem.admin.rest.resource.content,ContentResource,duplicate,Long Identifier,The length of the field inlineMixinsToFormItemsTransformer is 34.,225
xp,com.enonic.wem.admin.rest.resource.content,ContentResource,duplicate,Long Statement,The length of the statement "return new ContentJson(duplicatedContent`newContentIconUrlResolver()`inlineMixinsToFormItemsTransformer`principalsResolver);" is 124.,225
xp,com.enonic.wem.admin.rest.resource.content,ContentResource,move,Long Identifier,The length of the field inlineMixinsToFormItemsTransformer is 34.,234
xp,com.enonic.wem.admin.rest.resource.content,ContentResource,move,Long Statement,The length of the statement "final Content movedContent=contentService.move(new MoveContentParams(params.getContentId()`params.getParentContentPath()));" is 123.,234
xp,com.enonic.wem.admin.rest.resource.content,ContentResource,update,Long Identifier,The length of the field inlineMixinsToFormItemsTransformer is 34.,244
xp,com.enonic.wem.admin.rest.resource.content,ContentResource,update,Long Statement,The length of the statement "return new ContentJson(updatedContent`newContentIconUrlResolver()`inlineMixinsToFormItemsTransformer`principalsResolver);" is 121.,244
xp,com.enonic.wem.admin.rest.resource.content,ContentResource,update,Long Statement,The length of the statement "return new ContentJson(renamedContent`newContentIconUrlResolver()`inlineMixinsToFormItemsTransformer`principalsResolver);" is 121.,244
xp,com.enonic.wem.admin.rest.resource.content,ContentResource,delete,Long Statement,The length of the statement "Collections.sort(contentsToDeleteList`( ContentPath contentPath1` ContentPath contentPath2) -> (contentPath2.elementCount() - contentPath1.elementCount()));" is 156.,262
xp,com.enonic.wem.admin.rest.resource.content,ContentResource,publish,Long Statement,The length of the statement "final PushContentsResult result=contentService.push(PushContentParams.create().target(ContentConstants.BRANCH_MASTER).contentIds(contentIds).includeChildren(true).allowPublishOutsideSelection(true).build());" is 207.,299
xp,com.enonic.wem.admin.rest.resource.content,ContentResource,applyPermissions,Long Identifier,The length of the field inlineMixinsToFormItemsTransformer is 34.,315
xp,com.enonic.wem.admin.rest.resource.content,ContentResource,applyPermissions,Long Statement,The length of the statement "final PrincipalKey modifier=authInfo != null && authInfo.isAuthenticated() ? authInfo.getUser().getKey() : PrincipalKey.ofAnonymous();" is 134.,315
xp,com.enonic.wem.admin.rest.resource.content,ContentResource,applyPermissions,Long Statement,The length of the statement "contentService.applyPermissions(ApplyContentPermissionsParams.create().contentId(updatedContent.getId()).overwriteChildPermissions(jsonParams.isOverwriteChildPermissions()).modifier(modifier).build());" is 201.,315
xp,com.enonic.wem.admin.rest.resource.content,ContentResource,applyPermissions,Long Statement,The length of the statement "return new ContentJson(updatedContent`newContentIconUrlResolver()`inlineMixinsToFormItemsTransformer`principalsResolver);" is 121.,315
xp,com.enonic.wem.admin.rest.resource.content,ContentResource,setChildOrder,Long Identifier,The length of the field inlineMixinsToFormItemsTransformer is 34.,343
xp,com.enonic.wem.admin.rest.resource.content,ContentResource,setChildOrder,Long Statement,The length of the statement "final Content updatedContent=this.contentService.setChildOrder(SetContentChildOrderParams.create().childOrder(params.getChildOrder().getChildOrder()).contentId(ContentId.from(params.getContentId())).build());" is 208.,343
xp,com.enonic.wem.admin.rest.resource.content,ContentResource,setChildOrder,Long Statement,The length of the statement "return new ContentJson(updatedContent`newContentIconUrlResolver()`inlineMixinsToFormItemsTransformer`principalsResolver);" is 121.,343
xp,com.enonic.wem.admin.rest.resource.content,ContentResource,reorderChildContents,Long Statement,The length of the statement "builder.add(ReorderChildParams.create().contentToMove(ContentId.from(reorderChildJson.getContentId())).contentToMoveBefore(ContentId.from(reorderChildJson.getMoveBefore())).build());" is 182.,355
xp,com.enonic.wem.admin.rest.resource.content,ContentResource,getById,Long Identifier,The length of the field inlineMixinsToFormItemsTransformer is 34.,374
xp,com.enonic.wem.admin.rest.resource.content,ContentResource,getByPath,Long Identifier,The length of the field inlineMixinsToFormItemsTransformer is 34.,400
xp,com.enonic.wem.admin.rest.resource.content,ContentResource,getNearest,Long Identifier,The length of the field inlineMixinsToFormItemsTransformer is 34.,425
xp,com.enonic.wem.admin.rest.resource.content,ContentResource,listById,Long Parameter List,The method has 5 parameters. ,442
xp,com.enonic.wem.admin.rest.resource.content,ContentResource,listById,Long Statement,The length of the statement "final FindContentByParentParams params=FindContentByParentParams.create().from(fromParam).size(sizeParam).parentPath(parentContentPath).childOrder(ChildOrder.from(childOrder)).build();" is 184.,442
xp,com.enonic.wem.admin.rest.resource.content,ContentResource,listByPath,Long Parameter List,The method has 5 parameters. ,473
xp,com.enonic.wem.admin.rest.resource.content,ContentResource,listByPath,Long Statement,The length of the statement "final FindContentByParentParams params=FindContentByParentParams.create().from(fromParam).size(sizeParam).parentPath(parentContentPath).childOrder(ChildOrder.from(childOrder)).build();" is 184.,473
xp,com.enonic.wem.admin.rest.resource.content,ContentResource,listBatched,Long Statement,The length of the statement "final ContentListMetaData metaData=ContentListMetaData.create().totalHits(contents.getSize()).hits(contents.getSize()).build();" is 127.,502
xp,com.enonic.wem.admin.rest.resource.content,ContentResource,doGetByParentPath,Long Identifier,The length of the field inlineMixinsToFormItemsTransformer is 34.,518
xp,com.enonic.wem.admin.rest.resource.content,ContentResource,doGetByParentPath,Long Statement,The length of the statement "final ContentListMetaData metaData=ContentListMetaData.create().totalHits(result.getTotalHits()).hits(result.getHits()).build();" is 128.,518
xp,com.enonic.wem.admin.rest.resource.content,ContentResource,doGetByParentPath,Long Statement,The length of the statement "return new ContentListJson(result.getContents()`metaData`newContentIconUrlResolver()`inlineMixinsToFormItemsTransformer`principalsResolver);" is 140.,518
xp,com.enonic.wem.admin.rest.resource.content,ContentResource,query,Long Identifier,The length of the field inlineMixinsToFormItemsTransformer is 34.,543
xp,com.enonic.wem.admin.rest.resource.content,ContentResource,query,Long Statement,The length of the statement "final FindContentByQueryResult findResult=contentService.find(FindContentByQueryParams.create().populateChildren(getChildrenIds).contentQuery(contentQueryJson.getContentQuery()).build());" is 187.,543
xp,com.enonic.wem.admin.rest.resource.content,ContentResource,query,Long Statement,The length of the statement "return FindContentByQuertResultJsonFactory.create(findResult`contentQueryJson.getExpand()`iconUrlResolver`inlineMixinsToFormItemsTransformer`principalsResolver);" is 161.,543
xp,com.enonic.wem.admin.rest.resource.content,ContentResource,compare,Long Statement,The length of the statement "final CompareContentResults compareResults=contentService.compare(new CompareContentsParams(contentIds`ContentConstants.BRANCH_MASTER));" is 136.,569
xp,com.enonic.wem.admin.rest.resource.content,ContentResource,getContentVersions,Long Statement,The length of the statement "final FindContentVersionsResult result=contentService.getVersions(FindContentVersionsParams.create().contentId(contentId).from(params.getFrom() != null ? params.getFrom() : 0).size(params.getSize() != null ? params.getSize() : 10).build());" is 240.,580
xp,com.enonic.wem.admin.rest.resource.content,ContentResource,getContentVersions,Magic Number,The method contains a magic number: 10,580
xp,com.enonic.wem.admin.rest.resource.content,ContentResource,getActiveVersions,Long Statement,The length of the statement "final GetActiveContentVersionsResult result=contentService.getActiveVersions(GetActiveContentVersionsParams.create().branches(Branches.from(ContentConstants.BRANCH_DRAFT`ContentConstants.BRANCH_MASTER)).contentId(ContentId.from(id)).build());" is 242.,595
xp,com.enonic.wem.admin.rest.resource.content,ContentResource,getLocales,Long Statement,The length of the statement "locales=Arrays.stream(locales).filter((locale) -> containsIgnoreCase(locale.toLanguageTag()`query) || containsIgnoreCase(locale.getDisplayName(locale)`query) || containsIgnoreCase(locale.getLanguage()`query)|| containsIgnoreCase(locale.getDisplayLanguage(locale)`query)|| containsIgnoreCase(locale.getVariant()`query)|| containsIgnoreCase(locale.getDisplayVariant(locale)`query)|| containsIgnoreCase(locale.getCountry()`query)|| containsIgnoreCase(locale.getDisplayCountry(locale)`query)).toArray(Locale[]::new);" is 512.,608
xp,com.enonic.wem.admin.rest.resource.content,ContentResource,setMixinService,Long Identifier,The length of the field inlineMixinsToFormItemsTransformer is 34.,668
xp,com.enonic.wem.admin.rest.resource.content,ContentImageHelper,readImage,Missing default,The following switch statement is missing a default case: !org.eclipse.jdt.core.dom.SwitchStatement@68fe1eec,36
xp,com.enonic.wem.admin.rest.resource.content,ContentIconUrlResolver,resolve,Long Statement,The length of the statement "return ServletRequestUrlHelper.createUri("/admin/rest/content/icon/" + content.getId() + "?ts="+ content.getModifiedTime().toEpochMilli());" is 139.,24
xp,com.enonic.wem.admin.rest.resource.content,ContentIconUrlResolver,resolve,Long Statement,The length of the statement "return ServletRequestUrlHelper.createUri("/admin/rest/content/icon/" + content.getId() + "?ts="+ content.getModifiedTime().toEpochMilli());" is 139.,24
xp,com.enonic.wem.admin.rest.resource.content,FindContentByQuertResultJsonFactory,create,Long Identifier,The length of the parameter inlineMixinsToFormItemsTransformer is 34.,19
xp,com.enonic.wem.admin.rest.resource.content,FindContentByQuertResultJsonFactory,create,Long Parameter List,The method has 5 parameters. ,19
xp,com.enonic.wem.admin.rest.resource.content,FindContentByQuertResultJsonFactory,create,Long Statement,The length of the statement "final ContentListMetaData metadata=ContentListMetaData.create().totalHits(contentQueryResult.getTotalHits()).hits(contentQueryResult.getHits()).build();" is 152.,19
xp,com.enonic.wem.admin.rest.resource.content,FindContentByQuertResultJsonFactory,addContents,Long Identifier,The length of the parameter inlineMixinsToFormItemsTransformer is 34.,51
xp,com.enonic.wem.admin.rest.resource.content.page,PageResourceTest,getResourceInstance,Long Statement,The length of the statement "Mockito.when(contentTypeService.getByName(Mockito.isA(GetContentTypeParams.class))).thenReturn(createContentType("mymodule:my_type"));" is 134.,46
xp,com.enonic.wem.admin.rest.resource.content.page,PageResourceTest,update_page_success,Long Statement,The length of the statement "String jsonString=request().path("content/page/update").entity(readFromFile("update_page_params.json")`MediaType.APPLICATION_JSON_TYPE).post().getAsString();" is 157.,65
xp,com.enonic.wem.admin.rest.resource.content.page,PageResourceTest,update_page_failure,Long Statement,The length of the statement "Mockito.when(this.pageService.update(Mockito.isA(UpdatePageParams.class))).thenThrow(new ContentNotFoundException(content.getId()`Branch.from("branch")));" is 154.,80
xp,com.enonic.wem.admin.rest.resource.content.page,PageResourceTest,update_page_failure,Long Statement,The length of the statement "String jsonString=request().path("content/page/update").entity(readFromFile("update_page_params.json")`MediaType.APPLICATION_JSON_TYPE).post().getAsString();" is 157.,80
xp,com.enonic.wem.admin.rest.resource.content.page,PageResourceTest,create_page_success,Long Statement,The length of the statement "String jsonString=request().path("content/page/create").entity(readFromFile("update_page_params.json")`MediaType.APPLICATION_JSON_TYPE).post().getAsString();" is 157.,96
xp,com.enonic.wem.admin.rest.resource.content.page,PageResourceTest,createPage,Long Statement,The length of the statement "Page page=Page.newPage().template(PageTemplateKey.from("my-page")).config(rootDataSet).regions(newPageRegions().build()).build();" is 129.,111
xp,com.enonic.wem.admin.rest.resource.content.page,PageResourceTest,createPage,Long Statement,The length of the statement "return Content.newContent().id(ContentId.from(id)).path(ContentPath.from("/" + name)).creator(PrincipalKey.from("user:system:admin")).owner(PrincipalKey.from("user:myStore:me")).valid(true).language(Locale.ENGLISH).displayName("My Content").modifier(PrincipalKey.from("user:system:admin")).type(ContentTypeName.from(contentTypeName)).page(page).build();" is 353.,111
xp,com.enonic.wem.admin.rest.resource.content.page,PageResourceTest,createContentType,Long Statement,The length of the statement "return ContentType.newContentType().superType(ContentTypeName.structured()).displayName("My type").name(name).icon(Icon.from(new byte[]{123}`"image/gif"`Instant.now())).build();" is 177.,137
xp,com.enonic.wem.admin.rest.resource.content.page,CreatePageJson,CreatePageJson,Long Parameter List,The method has 5 parameters. ,23
xp,com.enonic.wem.admin.rest.resource.content.page,CreatePageJson,CreatePageJson,Long Statement,The length of the statement "this.createPage=new CreatePageParams().content(ContentId.from(contentId)).controller(pageDescriptorKey != null ? DescriptorKey.from(pageDescriptorKey) : null).pageTemplate(pageTemplateKey != null ? PageTemplateKey.from(pageTemplateKey) : null).config(config != null ? PropertyTreeJson.fromJson(config) : null).regions(regions != null ? new PageRegionsJson(regions).getPageRegions() : null);" is 390.,23
xp,com.enonic.wem.admin.rest.resource.content.page,PageResource,create,Long Identifier,The length of the field inlineMixinsToFormItemsTransformer is 34.,46
xp,com.enonic.wem.admin.rest.resource.content.page,PageResource,create,Long Statement,The length of the statement "return new ContentJson(updatedContent`newContentIconUrlResolver()`inlineMixinsToFormItemsTransformer`principalsResolver);" is 121.,46
xp,com.enonic.wem.admin.rest.resource.content.page,PageResource,update,Long Identifier,The length of the field inlineMixinsToFormItemsTransformer is 34.,57
xp,com.enonic.wem.admin.rest.resource.content.page,PageResource,update,Long Statement,The length of the statement "return new ContentJson(updatedContent`newContentIconUrlResolver()`inlineMixinsToFormItemsTransformer`principalsResolver);" is 121.,57
xp,com.enonic.wem.admin.rest.resource.content.page,PageResource,delete,Long Identifier,The length of the field inlineMixinsToFormItemsTransformer is 34.,68
xp,com.enonic.wem.admin.rest.resource.content.page,PageResource,delete,Long Statement,The length of the statement "return new ContentJson(updatedContent`newContentIconUrlResolver()`inlineMixinsToFormItemsTransformer`principalsResolver);" is 121.,68
xp,com.enonic.wem.admin.rest.resource.content.page,PageResource,setMixinService,Long Identifier,The length of the field inlineMixinsToFormItemsTransformer is 34.,84
xp,com.enonic.wem.admin.rest.resource.content.page,PageTemplateResource,getByKey,Long Identifier,The length of the field inlineMixinsToFormItemsTransformer is 34.,55
xp,com.enonic.wem.admin.rest.resource.content.page,PageTemplateResource,list,Long Identifier,The length of the field inlineMixinsToFormItemsTransformer is 34.,64
xp,com.enonic.wem.admin.rest.resource.content.page,PageTemplateResource,list,Long Statement,The length of the statement "final ContentListMetaData metaData=ContentListMetaData.create().totalHits(pageTemplates.getSize()).hits(pageTemplates.getSize()).build();" is 137.,64
xp,com.enonic.wem.admin.rest.resource.content.page,PageTemplateResource,list,Long Statement,The length of the statement "return new ContentListJson(pageTemplates.toContents()`metaData`newContentIconUrlResolver()`inlineMixinsToFormItemsTransformer`principalsResolver);" is 146.,64
xp,com.enonic.wem.admin.rest.resource.content.page,PageTemplateResource,listByCanRender,Long Identifier,The length of the field inlineMixinsToFormItemsTransformer is 34.,80
xp,com.enonic.wem.admin.rest.resource.content.page,PageTemplateResource,listByCanRender,Long Statement,The length of the statement "final PageTemplateSpec spec=PageTemplateSpec.newPageTemplateParams().canRender(ContentTypeName.from(contentTypeName)).build();" is 126.,80
xp,com.enonic.wem.admin.rest.resource.content.page,PageTemplateResource,listByCanRender,Long Statement,The length of the statement "final ContentListMetaData metaData=ContentListMetaData.create().totalHits(filteredPageTemplates.getSize()).hits(filteredPageTemplates.getSize()).build();" is 153.,80
xp,com.enonic.wem.admin.rest.resource.content.page,PageTemplateResource,listByCanRender,Long Statement,The length of the statement "return new ContentListJson(filteredPageTemplates.toContents()`metaData`newContentIconUrlResolver()`inlineMixinsToFormItemsTransformer`principalsResolver);" is 154.,80
xp,com.enonic.wem.admin.rest.resource.content.page,PageTemplateResource,getDefault,Long Identifier,The length of the field inlineMixinsToFormItemsTransformer is 34.,97
xp,com.enonic.wem.admin.rest.resource.content.page,PageTemplateResource,getDefault,Long Statement,The length of the statement "final PageTemplate pageTemplate=pageTemplateService.getDefault(GetDefaultPageTemplateParams.create().site(siteId).contentType(contentTypeName).build());" is 152.,97
xp,com.enonic.wem.admin.rest.resource.content.page,PageTemplateResource,setMixinService,Long Identifier,The length of the field inlineMixinsToFormItemsTransformer is 34.,174
xp,com.enonic.wem.admin.rest.resource.content.page,UpdatePageJson,UpdatePageJson,Long Parameter List,The method has 5 parameters. ,23
xp,com.enonic.wem.admin.rest.resource.content.page.layout,LayoutDescriptorResourceTest,test_get_by_key,Long Statement,The length of the statement "final Form layoutForm=Form.newForm().addFormItem(newInput().name("columns").inputType(InputTypes.DOUBLE).build()).build();" is 122.,37
xp,com.enonic.wem.admin.rest.resource.content.page.layout,LayoutDescriptorResourceTest,test_get_by_key,Long Statement,The length of the statement "final LayoutDescriptor layoutDescriptor=LayoutDescriptor.newLayoutDescriptor().name("fancy-layout").displayName("Fancy layout").config(layoutForm).regions(newRegionDescriptors().add(newRegionDescriptor().name("left").build()).add(newRegionDescriptor().name("right").build()).build()).key(key).build();" is 301.,37
xp,com.enonic.wem.admin.rest.resource.content.page.layout,LayoutDescriptorResourceTest,test_get_by_key,Long Statement,The length of the statement "String jsonString=request().path("content/page/layout/descriptor").queryParam("key"`"module:fancy-layout").get().getAsString();" is 127.,37
xp,com.enonic.wem.admin.rest.resource.content.page.layout,LayoutDescriptorResourceTest,test_get_by_modules,Long Statement,The length of the statement "final Form layoutForm=Form.newForm().addFormItem(newInput().name("columns").inputType(InputTypes.DOUBLE).build()).build();" is 122.,65
xp,com.enonic.wem.admin.rest.resource.content.page.layout,LayoutDescriptorResourceTest,test_get_by_modules,Long Statement,The length of the statement "final LayoutDescriptor layoutDescriptor1=LayoutDescriptor.newLayoutDescriptor().name("fancy-layout").displayName("Fancy layout").config(layoutForm).regions(newRegionDescriptors().add(newRegionDescriptor().name("left").build()).add(newRegionDescriptor().name("right").build()).build()).key(DescriptorKey.from("module:fancy-layout")).build();" is 340.,65
xp,com.enonic.wem.admin.rest.resource.content.page.layout,LayoutDescriptorResourceTest,test_get_by_modules,Long Statement,The length of the statement "final LayoutDescriptor layoutDescriptor2=LayoutDescriptor.newLayoutDescriptor().name("putty-layout").displayName("Putty layout").config(layoutForm).regions(newRegionDescriptors().add(newRegionDescriptor().name("top").build()).add(newRegionDescriptor().name("bottom").build()).build()).key(DescriptorKey.from("module:putty-layout")).build();" is 340.,65
xp,com.enonic.wem.admin.rest.resource.content.page.layout,LayoutDescriptorResourceTest,test_get_by_modules,Long Statement,The length of the statement "String jsonString=request().path("content/page/layout/descriptor/list/by_modules").entity(readFromFile("get_by_modules_params.json")`MediaType.APPLICATION_JSON_TYPE).post().getAsString();" is 187.,65
xp,com.enonic.wem.admin.json.form,FormItemJsonTest,deserialize_serialization_of_Input,Long Identifier,The length of the identifier serializationOfDeSerialization is 30.,30
xp,com.enonic.wem.admin.json.form,FormItemJsonTest,deserialize_serialization_of_Input,Long Statement,The length of the statement "InputJson inputJson=new InputJson(Input.newInput().name("myTextLine").label("My TextLine").immutable(true).indexed(true).validationRegexp("script").customText("Custom text").helpText("Help text").occurrences(1`3).inputType(InputTypes.TEXT_LINE).build());" is 254.,30
xp,com.enonic.wem.admin.json.form,FormItemJsonTest,deserialize_serialization_of_Input,Magic Number,The method contains a magic number: 3,30
xp,com.enonic.wem.admin.json.form,FormItemJsonTest,deserialize_serialization_of_Input_with_config,Long Identifier,The length of the identifier serializationOfDeSerialization is 30.,58
xp,com.enonic.wem.admin.json.form,FormItemJsonTest,deserialize_serialization_of_Input_with_config,Long Statement,The length of the statement "InputJson inputJson=new InputJson(Input.newInput().name("myTextLine").label("My TextLine").immutable(true).indexed(true).validationRegexp("script").customText("Custom text").helpText("Help text").occurrences(1`3).inputType(InputTypes.TEXT_AREA).inputTypeConfig(InputTypes.TEXT_AREA.getDefaultConfig()).build());" is 311.,58
xp,com.enonic.wem.admin.json.form,FormItemJsonTest,deserialize_serialization_of_Input_with_config,Magic Number,The method contains a magic number: 3,58
xp,com.enonic.wem.admin.json.form,FormItemJsonTest,deserialize_serialization_of_FormItemSet,Long Identifier,The length of the identifier serializationOfDeSerialization is 30.,87
xp,com.enonic.wem.admin.json.form,FormItemJsonTest,deserialize_serialization_of_FormItemSet,Long Statement,The length of the statement "FormItemSetJson formItemSetJson=new FormItemSetJson(FormItemSet.newFormItemSet().name("mySet").label("My set").customText("Custom text").helpText("Help text").occurrences(0`10).addFormItem(Input.newInput().name("myTextLine").inputType(InputTypes.TEXT_LINE).build()).addFormItem(Input.newInput().name("myDate").inputType(InputTypes.DATE).build()).build());" is 355.,87
xp,com.enonic.wem.admin.json.form,FormItemJsonTest,deserialize_serialization_of_FormItemSet,Magic Number,The method contains a magic number: 10,87
xp,com.enonic.wem.admin.json.form,FormItemJsonTest,deserialize_serialization_of_FieldSet,Long Identifier,The length of the identifier serializationOfDeSerialization is 30.,113
xp,com.enonic.wem.admin.json.form,FormItemJsonTest,deserialize_serialization_of_FieldSet,Long Statement,The length of the statement "FieldSetJson fieldSetJson=new FieldSetJson(FieldSet.newFieldSet().name("myFieldSet").label("My field set").addFormItem(Input.newInput().name("myTextLine").inputType(InputTypes.TEXT_LINE).build()).addFormItem(Input.newInput().name("myDate").inputType(InputTypes.DATE).build()).build());" is 285.,113
xp,com.enonic.wem.admin,AdminHandler,AdminHandler,Magic Number,The method contains a magic number: 20,17
xp,com.enonic.wem.admin.security,AuthHelper,runAsAuthenticated,Long Statement,The length of the statement "final AuthenticationInfo authInfo=AuthenticationInfo.create().principals(RoleKeys.AUTHENTICATED).user(User.ANONYMOUS).build();" is 126.,136
xp,com.enonic.wem.admin.rest.resource.security.json,CreateUserJson,CreateUserJson,Long Parameter List,The method has 6 parameters. ,24
xp,com.enonic.wem.admin.rest.resource.security.json,CreateUserJson,CreateUserJson,Long Statement,The length of the statement "this.createUserParams=CreateUserParams.create().userKey(principalKey).displayName(displayName).email(email).login(login).build();" is 129.,24
xp,com.enonic.wem.admin.rest.resource.security.json,UpdateUserJson,UpdateUserJson,Long Parameter List,The method has 6 parameters. ,24
xp,com.enonic.wem.admin.rest.resource.security.json,UpdateUserJson,UpdateUserJson,Long Statement,The length of the statement "this.updateUserParams=UpdateUserParams.create().userKey(principalKey).displayName(displayName).email(email).login(login).build();" is 129.,24
xp,com.enonic.wem.admin.rest.resource.security.json,CreateUserStoreJson,CreateUserStoreJson,Long Statement,The length of the statement "final UserStoreAccessControlEntry[] userStoreAclEntries=aclEntries.stream().map(UserStoreAccessControlEntryJson::getEntry).toArray(UserStoreAccessControlEntry[]::new);" is 167.,19
xp,com.enonic.wem.admin.rest.resource.security.json,CreateUserStoreJson,CreateUserStoreJson,Long Statement,The length of the statement "this.createUserStoreParams=CreateUserStoreParams.create().key(new UserStoreKey(userStoreKey)).displayName(displayName).permissions(permissions).build();" is 152.,19
xp,com.enonic.wem.admin.rest.resource.security.json,UserStoreAccessControlEntryJson,UserStoreAccessControlEntryJson,Long Statement,The length of the statement "this.entry=UserStoreAccessControlEntry.create().principal(PrincipalKey.from(principal.getKey())).access(UserStoreAccess.valueOf(access.toUpperCase())).build();" is 159.,27
xp,com.enonic.wem.admin.rest.resource.security.json,UpdateUserStoreJson,UpdateUserStoreJson,Long Statement,The length of the statement "final UserStoreAccessControlEntry[] userStoreAclEntries=aclEntries == null ? null : aclEntries.stream().map(UserStoreAccessControlEntryJson::getEntry).toArray(UserStoreAccessControlEntry[]::new);" is 195.,19
xp,com.enonic.wem.admin.rest.resource.security.json,UpdateUserStoreJson,UpdateUserStoreJson,Long Statement,The length of the statement "this.updateUserStoreParams=UpdateUserStoreParams.create().key(new UserStoreKey(userStoreKey)).displayName(displayName).permissions(permissions).build();" is 152.,19
xp,com.enonic.wem.admin.rest.resource.repo,IndexResource,reindex,Long Statement,The length of the statement "final ReindexResult result=this.indexService.reindex(ReindexParams.create().setBranches(request.getBranches()).initialize(request.isInitialize()).repositoryId(request.getRepositoryId()).build());" is 195.,25
xp,com.enonic.wem.admin.rest.resource.repo,SnapshotResource,snapshot,Long Statement,The length of the statement "final SnapshotResult result=this.nodeService.snapshot(SnapshotParams.create().snapshotName(createSnapshotName(params.getRepositoryId())).setIncludeIndexedData(!params.isSkipIndexedData()).repositoryId(params.getRepositoryId()).build());" is 236.,42
xp,com.enonic.wem.admin.rest.resource.repo,SnapshotResource,restore,Long Statement,The length of the statement "final RestoreResult result=this.nodeService.restore(RestoreParams.create().snapshotName(params.getSnapshotName()).setIncludeIndexedData(!params.isSkipIndexedData()).repositoryId(params.getRepositoryId()).build());" is 213.,56
xp,com.enonic.wem.admin.rest.resource.repo,SnapshotResource,delete,Long Statement,The length of the statement "final DeleteSnapshotsResult result=this.nodeService.deleteSnapshot(DeleteSnapshotParams.create().before(params.getBefore()).addAll(params.getSnapshotNames()).build());" is 167.,70
xp,com.enonic.wem.admin.rest.resource.export,RepoPath,from,Magic Number,The method contains a magic number: 3,38
xp,com.enonic.wem.admin.rest.resource.export,RepoPath,from,Magic Number,The method contains a magic number: 2,38
xp,com.enonic.wem.admin.rest.resource.export,ExportResource,exportNodes,Long Statement,The length of the statement "final NodeExportResult result=getContext(request.getSourceRepoPath()).callWith(() -> this.exportService.exportNodes(ExportNodesParams.create().sourceNodePath(request.getSourceRepoPath().getNodePath()).targetDirectory(request.getTargetDirectory()).dryRun(request.isDryRun()).includeNodeIds(request.isIncludeIds()).build()));" is 323.,36
xp,com.enonic.wem.admin.rest.resource.export,ExportResource,importNodes,Long Statement,The length of the statement "final NodeImportResult result=getContext(request.getTargetRepoPath()).callWith(() -> this.exportService.importNodes(ImportNodesParams.create().source(VirtualFiles.from(Paths.get(request.getSourceDirectory()))).targetNodePath(request.getTargetRepoPath().getNodePath()).dryRun(request.isDryRun()).includeNodeIds(request.isImportWithIds()).build()));" is 347.,52
xp,com.enonic.wem.admin.rest.resource.export,ExportResource,getContext,Long Statement,The length of the statement "return ContextBuilder.from(ContextAccessor.current()).branch(repoPath.getBranch()).repositoryId(repoPath.getRepositoryId()).build();" is 132.,68
xp,com.enonic.wem.admin.rest.resource.content.json,DateHistogramAggregationQueryJson,DateHistogramAggregationQueryJson,Long Parameter List,The method has 5 parameters. ,16
xp,com.enonic.wem.admin.rest.resource.content.json,DateHistogramAggregationQueryJson,DateHistogramAggregationQueryJson,Long Statement,The length of the statement "final DateHistogramAggregationQuery.Builder builder=DateHistogramAggregationQuery.create(name).fieldName(fieldName).interval(interval);" is 135.,16
xp,com.enonic.wem.admin.rest.resource.content.json,ContentQueryJson,ContentQueryJson,Long Parameter List,The method has 7 parameters. ,20
xp,com.enonic.wem.admin.rest.resource.content.json,ContentQueryJson,ContentQueryJson,Long Statement,The length of the statement "final ContentQuery.Builder builder=ContentQuery.newContentQuery().from(from).size(size).queryExpr(QueryParser.parse(queryExprString)).addContentTypeNames(ContentTypeNames.from(contentTypeNameString));" is 200.,20
xp,com.enonic.wem.admin.rest.resource.content.json,TermsAggregationQueryJson,TermsAggregationQueryJson,Long Parameter List,The method has 5 parameters. ,16
xp,com.enonic.wem.admin.rest.resource.content.json,AggregationsContentListJson,AggregationsContentListJson,Long Identifier,The length of the parameter inlineMixinsToFormItemsTransformer is 34.,19
xp,com.enonic.wem.admin.rest.resource.content.json,AggregationsContentListJson,AggregationsContentListJson,Long Parameter List,The method has 6 parameters. ,19
xp,com.enonic.wem.admin.rest.resource.content.json,AggregationsContentListJson,AggregationsContentListJson,Long Statement,The length of the statement "super(content`contentListMetaData`aggregations`iconUrlResolver`inlineMixinsToFormItemsTransformer`contentPrincipalsResolver);" is 125.,19
xp,com.enonic.wem.admin.rest.resource.content.json,AggregationsContentListJson,AggregationsContentListJson,Long Identifier,The length of the parameter inlineMixinsToFormItemsTransformer is 34.,29
xp,com.enonic.wem.admin.rest.resource.content.json,AggregationsContentListJson,AggregationsContentListJson,Long Parameter List,The method has 6 parameters. ,29
xp,com.enonic.wem.admin.rest.resource.content.json,AggregationsContentListJson,AggregationsContentListJson,Long Statement,The length of the statement "super(contents`contentListMetaData`ImmutableSet.copyOf(aggregations)`iconUrlResolver`inlineMixinsToFormItemsTransformer`contentPrincipalsResolver);" is 147.,29
xp,com.enonic.wem.admin.rest.resource.content.json,CreateContentJson,CreateContentJson,Long Parameter List,The method has 8 parameters. ,29
xp,com.enonic.wem.admin.rest.resource.content.json,CreateContentJson,CreateContentJson,Long Statement,The length of the statement "final CreateContentParams.Builder paramsBuilder=CreateContentParams.create().requireValid(Boolean.valueOf(requireValid)).name(ContentName.from(name)).displayName(displayName).parent(ContentPath.from(parent)).type(ContentTypeName.from(contentType));" is 248.,29
xp,com.enonic.wem.admin.rest.resource.content.json,ContentSummaryQueryResultJson,addContent,Long Identifier,The length of the parameter inlineMixinsToFormItemsTransformer is 34.,39
xp,com.enonic.wem.admin.rest.resource.content.json,Builder,addContent,Long Identifier,The length of the parameter inlineMixinsToFormItemsTransformer is 34.,39
xp,com.enonic.wem.admin.rest.resource.content.json,UpdateContentJson,UpdateContentJson,Long Parameter List,The method has 9 parameters. ,34
xp,com.enonic.wem.admin.rest.resource.content.json,UpdateContentJson,UpdateContentJson,Long Statement,The length of the statement "this.updateContentParams=new UpdateContentParams().requireValid(Boolean.valueOf(requireValid)).contentId(ContentId.from(contentId)).modifier(PrincipalKey.ofAnonymous()).editor(edit -> {" is 185.,34
xp,com.enonic.wem.admin.rest.resource.content.json,AbstractAggregationContentListJson,AbstractAggregationContentListJson,Long Identifier,The length of the parameter inlineMixinsToFormItemsTransformer is 34.,25
xp,com.enonic.wem.admin.rest.resource.content.json,AbstractAggregationContentListJson,AbstractAggregationContentListJson,Long Parameter List,The method has 6 parameters. ,25
xp,com.enonic.wem.admin.rest.resource.content.json,AbstractAggregationContentListJson,AbstractAggregationContentListJson,Long Statement,The length of the statement "this(Contents.from(content)`contentListMetaData`ImmutableSet.copyOf(aggregations.getSet())`iconUrlResolver`inlineMixinsToFormItemsTransformer`contentPrincipalsResolver);" is 169.,25
xp,com.enonic.wem.admin.rest.resource.content.json,AbstractAggregationContentListJson,AbstractAggregationContentListJson,Long Identifier,The length of the parameter inlineMixinsToFormItemsTransformer is 34.,34
xp,com.enonic.wem.admin.rest.resource.content.json,AbstractAggregationContentListJson,AbstractAggregationContentListJson,Long Parameter List,The method has 6 parameters. ,34
xp,com.enonic.wem.admin.rest.resource.content.json,ContentIdQueryResultJson,addContent,Long Identifier,The length of the parameter inlineMixinsToFormItemsTransformer is 34.,31
xp,com.enonic.wem.admin.rest.resource.content.json,Builder,addContent,Long Identifier,The length of the parameter inlineMixinsToFormItemsTransformer is 34.,31
xp,com.enonic.wem.admin.rest.resource.content.json,HistogramAggregationQueryJson,HistogramAggregationQueryJson,Long Parameter List,The method has 7 parameters. ,15
xp,com.enonic.wem.admin.rest.resource.content.json,HistogramAggregationQueryJson,HistogramAggregationQueryJson,Long Statement,The length of the statement "final HistogramAggregationQuery.Builder builder=HistogramAggregationQuery.create(name).fieldName(fieldName).interval(Integer.toUnsignedLong(interval));" is 151.,15
xp,com.enonic.wem.admin.rest.resource.content.json,AbstractContentQueryResultJson,addContent,Long Identifier,The length of the parameter inlineMixinsToFormItemsTransformer is 34.,40
xp,com.enonic.wem.admin.rest.resource.content.json,Builder,addContent,Long Identifier,The length of the parameter inlineMixinsToFormItemsTransformer is 34.,40
xp,com.enonic.wem.admin.rest.resource.content.json,ContentQueryResultJson,addContent,Long Identifier,The length of the parameter inlineMixinsToFormItemsTransformer is 34.,44
xp,com.enonic.wem.admin.rest.resource.content.json,ContentQueryResultJson,addContent,Long Statement,The length of the statement "this.contents.add(new ContentJson(content`iconUrlResolver`inlineMixinsToFormItemsTransformer`contentPrincipalsResolver));" is 121.,44
xp,com.enonic.wem.admin.rest.resource.content.json,Builder,addContent,Long Identifier,The length of the parameter inlineMixinsToFormItemsTransformer is 34.,44
xp,com.enonic.wem.admin.rest.resource.content.json,Builder,addContent,Long Statement,The length of the statement "this.contents.add(new ContentJson(content`iconUrlResolver`inlineMixinsToFormItemsTransformer`contentPrincipalsResolver));" is 121.,44
xp,com.enonic.wem.admin.rest.multipart,MultipartFormReader,readFrom,Long Parameter List,The method has 6 parameters. ,40
xp,com.enonic.wem.admin.rest.provider,JsonSerializableProvider,getSize,Long Parameter List,The method has 5 parameters. ,39
xp,com.enonic.wem.admin.rest.provider,JsonSerializableProvider,writeTo,Long Parameter List,The method has 7 parameters. ,46
xp,com.enonic.wem.admin.rest.provider,RenderedImageProvider,getSize,Long Parameter List,The method has 5 parameters. ,32
xp,com.enonic.wem.admin.rest.provider,RenderedImageProvider,writeTo,Long Parameter List,The method has 7 parameters. ,39
xp,com.enonic.wem.admin.rest.filter,RoleBasedSecurityFeature,configure,Complex Conditional,The conditional expression rolesAllowed != null || denyAll || permitAll is complex.,23
xp,com.enonic.wem.admin.rest.filter,RoleBasedSecurityFeature,configure,Long Statement,The length of the statement "denyAll=(declaring.isAnnotationPresent(DenyAll.class) && !method.isAnnotationPresent(RolesAllowed.class) && !method.isAnnotationPresent(PermitAll.class)) || method.isAnnotationPresent(DenyAll.class);" is 199.,23
xp,com.enonic.wem.admin.rest.filter,RoleBasedSecurityFeature,configure,Long Statement,The length of the statement "permitAll=(declaring.isAnnotationPresent(PermitAll.class) && !method.isAnnotationPresent(RolesAllowed.class) && !method.isAnnotationPresent(DenyAll.class)) || method.isAnnotationPresent(PermitAll.class);" is 203.,23
xp,com.enonic.wem.admin.rest.filter,BasicAuthFilter,parseHeader,Magic Number,The method contains a magic number: 6,47
xp,com.enonic.wem.admin.rest.filter,BasicAuthFilter,parseHeader,Magic Number,The method contains a magic number: 5,47
xp,com.enonic.wem.admin.rest.filter,BasicAuthFilter,parseHeader,Magic Number,The method contains a magic number: 6,47
xp,com.enonic.wem.admin.rest.filter,BasicAuthFilter,parseHeader,Magic Number,The method contains a magic number: 2,47
xp,com.enonic.wem.admin.rest.exception,JsonExceptionMapper,shouldLogAsError,Magic Number,The method contains a magic number: 500,107
xp,com.enonic.wem.admin.rest.exception,JsonExceptionMapper,shouldLogAsError,Magic Number,The method contains a magic number: 600,107
xp,com.enonic.wem.admin.rest.exception,JsonExceptionMapper,shouldLogAsError,Magic Number,The method contains a magic number: 400,107
xp,com.enonic.wem.admin.json.content,ContentListJson,ContentListJson,Long Identifier,The length of the parameter inlineMixinsToFormItemsTransformer is 34.,14
xp,com.enonic.wem.admin.json.content,ContentListJson,ContentListJson,Long Parameter List,The method has 5 parameters. ,14
xp,com.enonic.wem.admin.json.content,ContentListJson,ContentListJson,Long Identifier,The length of the parameter inlineMixinsToFormItemsTransformer is 34.,22
xp,com.enonic.wem.admin.json.content,ContentListJson,ContentListJson,Long Parameter List,The method has 5 parameters. ,22
xp,com.enonic.wem.admin.json.content,AbstractContentListJson,AbstractContentListJson,Long Identifier,The length of the parameter inlineMixinsToFormItemsTransformer is 34.,28
xp,com.enonic.wem.admin.json.content,AbstractContentListJson,AbstractContentListJson,Long Identifier,The length of the field inlineMixinsToFormItemsTransformer is 34.,28
xp,com.enonic.wem.admin.json.content,AbstractContentListJson,AbstractContentListJson,Long Parameter List,The method has 5 parameters. ,28
xp,com.enonic.wem.admin.json.content,AbstractContentListJson,AbstractContentListJson,Long Statement,The length of the statement "this(Contents.from(content)`contentListMetaData`iconUrlResolver`inlineMixinsToFormItemsTransformer`contentPrincipalsResolver);" is 126.,28
xp,com.enonic.wem.admin.json.content,AbstractContentListJson,AbstractContentListJson,Abstract Function Call From Constructor,The constructor AbstractContentListJson calls a virtual method createItem.,37
xp,com.enonic.wem.admin.json.content,AbstractContentListJson,AbstractContentListJson,Long Identifier,The length of the parameter inlineMixinsToFormItemsTransformer is 34.,37
xp,com.enonic.wem.admin.json.content,AbstractContentListJson,AbstractContentListJson,Long Identifier,The length of the field inlineMixinsToFormItemsTransformer is 34.,37
xp,com.enonic.wem.admin.json.content,AbstractContentListJson,AbstractContentListJson,Long Parameter List,The method has 5 parameters. ,37
xp,com.enonic.wem.admin.json.content,ContentJson,ContentJson,Long Identifier,The length of the parameter inlineMixinsToFormItemsTransformer is 34.,37
xp,com.enonic.wem.admin.json.content.site,ModuleConfigJson,ModuleConfigJson,Long Statement,The length of the statement "this.moduleConfig=ModuleConfig.newModuleConfig().module(ModuleKey.from(moduleKey)).config(configAsJson != null ? PropertyTreeJson.fromJson(configAsJson) : null).build();" is 169.,23
xp,com.enonic.wem.admin.json.content.page.region,ImageComponentJson,ImageComponentJson,Long Statement,The length of the statement "super(newImageComponent().name(name != null ? ComponentName.from(name) : null).image(image != null ? ContentId.from(image) : null).config(config != null ? PropertyTreeJson.fromJson(config) : null).build());" is 206.,25
xp,com.enonic.wem.admin.json.content.page.region,LayoutComponentJson,LayoutComponentJson,Long Statement,The length of the statement "super(newLayoutComponent().name(name != null ? ComponentName.from(name) : null).descriptor(descriptor != null ? DescriptorKey.from(descriptor) : null).config(config != null ? PropertyTreeJson.fromJson(config) : null).regions(regions != null ? new LayoutRegionsJson(regions).getLayoutRegions() : null).build());" is 310.,24
xp,com.enonic.wem.admin.json.content.page.region,PartComponentJson,PartComponentJson,Long Statement,The length of the statement "super(newPartComponent().name(name != null ? ComponentName.from(name) : null).descriptor(descriptor != null ? DescriptorKey.from(descriptor) : null).config(config != null ? PropertyTreeJson.fromJson(config) : null).build());" is 224.,28
xp,com.enonic.wem.core.content,AbstractContentServiceTest,printBranchIndex,Long Statement,The length of the statement "printAllIndexContent(IndexNameResolver.resolveStorageIndexName(CTX_DEFAULT.getRepositoryId())`IndexType.BRANCH.getName());" is 122.,218
xp,com.enonic.wem.core.content,AbstractContentServiceTest,printVersionIndex,Long Statement,The length of the statement "printAllIndexContent(IndexNameResolver.resolveStorageIndexName(CTX_DEFAULT.getRepositoryId())`IndexType.VERSION.getName());" is 123.,223
xp,com.enonic.wem.core.content,ContentServiceImplTest_create,create_content_generated_properties,Long Statement,The length of the statement "final CreateContentParams createContentParams=CreateContentParams.create().contentData(new PropertyTree()).displayName("This is my content").parent(ContentPath.ROOT).type(ContentTypeName.folder()).build();" is 205.,34
xp,com.enonic.wem.core.content,ContentServiceImplTest_create,create_with_attachments,Long Statement,The length of the statement "final CreateContentParams createContentParams=CreateContentParams.create().contentData(new PropertyTree()).displayName("This is my content").parent(ContentPath.ROOT).type(ContentTypeName.imageMedia()).createAttachments(createAttachment("cat"`"image/jpeg"`image)).build();" is 271.,58
xp,com.enonic.wem.core.content,ContentServiceImplTest_create,create_with_attachments,Magic Number,The method contains a magic number: 4,58
xp,com.enonic.wem.core.content,ContentServiceImplTest_create,create_media_image,Magic Number,The method contains a magic number: 4,81
xp,com.enonic.wem.core.content,ContentServiceImplTest_create,create_site,Long Statement,The length of the statement "createSiteParams.parent(ContentPath.ROOT).displayName("My site").description("This is my site").moduleConfigs(ModuleConfigs.empty());" is 133.,107
xp,com.enonic.wem.core.content,ContentServiceImplTest_update,update_content,Long Statement,The length of the statement "final CreateContentParams createContentParams=CreateContentParams.create().contentData(new PropertyTree()).displayName("This is my content").parent(ContentPath.ROOT).type(ContentTypeName.folder()).build();" is 205.,38
xp,com.enonic.wem.core.content,ContentServiceImplTest_update,update_content_image,Long Statement,The length of the statement "final CreateContentParams createContentParams=CreateContentParams.create().contentData(new PropertyTree()).displayName("This is my content").parent(ContentPath.ROOT).type(ContentTypeName.imageMedia()).createAttachments(createAttachment("cat"`"image/jpg"`image)).build();" is 270.,68
xp,com.enonic.wem.core.content,ContentServiceImplTest_update,update_content_image,Magic Number,The method contains a magic number: 3,68
xp,com.enonic.wem.core.content,ContentServiceImplTest_update,update_content_data,Long Statement,The length of the statement "final CreateContentParams createContentParams=CreateContentParams.create().contentData(data).displayName("This is my content").parent(ContentPath.ROOT).type(BuiltinContentTypeProvider.FOLDER.getName()).build();" is 210.,100
xp,com.enonic.wem.core.content,ContentServiceImplTest_update,update_with_metadata,Long Statement,The length of the statement "final Mixin mixin=newMixin().name("mymodule:my_mixin").addFormItem(newInput().name("inputToBeMixedIn").inputType(InputTypes.TEXT_LINE).build()).build();" is 152.,135
xp,com.enonic.wem.core.content,ContentServiceImplTest_update,update_with_metadata,Long Statement,The length of the statement "final CreateContentParams createContentParams=CreateContentParams.create().contentData(data).displayName("This is my content").parent(ContentPath.ROOT).permissions(AccessControlList.empty()).type(BuiltinContentTypeProvider.FOLDER.getName()).metadata(metadatas).build();" is 269.,135
xp,com.enonic.xp.core.impl.export,NodeImportPathResolverTest,resolve_into_folder,Long Statement,The length of the statement "final NodePath resolvedPath=NodeImportPathResolver.resolveNodeImportPath(VirtualFiles.from(Paths.get("/var"`"folder"`"myExport"`"mynode"))`VirtualFiles.from(Paths.get("/var"`"folder"`"myExport"))`NodePath.newNodePath(NodePath.ROOT`"myimport").build());" is 252.,15
xp,com.enonic.xp.core.impl.export,NodeImportPathResolverTest,resolve_child_into_folder,Long Statement,The length of the statement "final NodePath resolvedPath=NodeImportPathResolver.resolveNodeImportPath(VirtualFiles.from(Paths.get("/var"`"folder"`"myExport"`"mynode"`"mychild"))`VirtualFiles.from(Paths.get("/var"`"folder"`"myExport"))`NodePath.newNodePath(NodePath.ROOT`"myimport").build());" is 262.,28
xp,com.enonic.xp.core.impl.export,NodeImportPathResolverTest,resolve_into_root,Long Statement,The length of the statement "final NodePath resolvedPath=NodeImportPathResolver.resolveNodeImportPath(VirtualFiles.from(Paths.get("/var"`"folder"`"myExport"`"mynode"))`VirtualFiles.from(Paths.get("/var"`"folder"`"myExport"))`NodePath.ROOT);" is 211.,41
xp,com.enonic.xp.core.impl.export,NodeServiceMock,create,Long Statement,The length of the statement "final Node.Builder builder=Node.newNode().id(params.getNodeId() != null ? params.getNodeId() : NodeId.from(System.nanoTime())).name(NodeName.from(params.getName())).parentPath(params.getParent()).childOrder(params.getChildOrder());" is 231.,74
xp,com.enonic.xp.core.impl.export,BatchedNodeExportCommandTest,one_node_file,Long Statement,The length of the statement "final NodeExportResult result=BatchedNodeExportCommand.create().nodeService(this.nodeService).nodeExportWriter(new FileExportWriter()).sourceNodePath(NodePath.ROOT).xmlNodeSerializer(new XmlNodeSerializer()).targetDirectory(Paths.get(this.temporaryFolder.getRoot().toString()`"myExport")).build().execute();" is 307.,41
xp,com.enonic.xp.core.impl.export,BatchedNodeExportCommandTest,children_nodes,Long Statement,The length of the statement "final NodeExportResult result=BatchedNodeExportCommand.create().nodeService(this.nodeService).nodeExportWriter(new FileExportWriter()).sourceNodePath(NodePath.ROOT).xmlNodeSerializer(new XmlNodeSerializer()).targetDirectory(Paths.get(this.temporaryFolder.getRoot().toString()`"myExport")).build().execute();" is 307.,61
xp,com.enonic.xp.core.impl.export,BatchedNodeExportCommandTest,children_nodes,Magic Number,The method contains a magic number: 8,61
xp,com.enonic.xp.core.impl.export,BatchedNodeExportCommandTest,writerOrderList,Long Statement,The length of the statement "final Node root=Node.newNode().name(NodeName.from("root")).parentPath(NodePath.ROOT).childOrder(ChildOrder.manualOrder()).build();" is 130.,95
xp,com.enonic.xp.core.impl.export,BatchedNodeExportCommandTest,writerOrderList,Long Statement,The length of the statement "final NodeExportResult result=BatchedNodeExportCommand.create().nodeService(this.nodeService).nodeExportWriter(new FileExportWriter()).sourceNodePath(NodePath.ROOT).xmlNodeSerializer(new XmlNodeSerializer()).targetDirectory(Paths.get(this.temporaryFolder.getRoot().toString()`"myExport")).build().execute();" is 307.,95
xp,com.enonic.xp.core.impl.export,BatchedNodeExportCommandTest,writerOrderList,Magic Number,The method contains a magic number: 7,95
xp,com.enonic.xp.core.impl.export,BatchedNodeExportCommandTest,export_from_child_of_child,Long Statement,The length of the statement "final NodeExportResult result=BatchedNodeExportCommand.create().nodeService(this.nodeService).nodeExportWriter(new FileExportWriter()).sourceNodePath(NodePath.newPath("/mynode/child1/child1_1").build()).xmlNodeSerializer(new XmlNodeSerializer()).targetDirectory(Paths.get(this.temporaryFolder.getRoot().toString()`"myExport")).build().execute();" is 345.,129
xp,com.enonic.xp.core.impl.export,BatchedNodeExportCommandTest,export_from_child_of_child,Magic Number,The method contains a magic number: 3,129
xp,com.enonic.xp.core.impl.export,BatchedNodeExportCommandTest,include_export_root_and_nested_children,Long Statement,The length of the statement "final NodeExportResult result=BatchedNodeExportCommand.create().nodeService(this.nodeService).nodeExportWriter(new FileExportWriter()).sourceNodePath(NodePath.newPath("/mynode/child1").build()).xmlNodeSerializer(new XmlNodeSerializer()).targetDirectory(Paths.get(this.temporaryFolder.getRoot().toString()`"myExport")).build().execute();" is 336.,157
xp,com.enonic.xp.core.impl.export,BatchedNodeExportCommandTest,include_export_root_and_nested_children,Magic Number,The method contains a magic number: 4,157
xp,com.enonic.xp.core.impl.export,BatchedNodeExportCommandTest,create_binary_files,Long Statement,The length of the statement "this.nodeService.create(CreateNodeParams.create().name("my-node").parent(NodePath.ROOT).data(data).attachBinary(binaryRef1`ByteSource.wrap("this-is-the-binary-data-for-image1".getBytes())).attachBinary(binaryRef2`ByteSource.wrap("this-is-the-binary-data-for-image2".getBytes())).build());" is 288.,187
xp,com.enonic.xp.core.impl.export,BatchedNodeExportCommandTest,create_binary_files,Long Statement,The length of the statement "final NodeExportResult result=BatchedNodeExportCommand.create().nodeService(this.nodeService).nodeExportWriter(new FileExportWriter()).sourceNodePath(NodePath.ROOT).xmlNodeSerializer(new XmlNodeSerializer()).targetDirectory(Paths.get(this.temporaryFolder.getRoot().toString()`"myExport")).build().execute();" is 307.,187
xp,com.enonic.xp.core.impl.export,BatchedNodeExportCommandTest,create_binary_files,Magic Number,The method contains a magic number: 2,187
xp,com.enonic.xp.core.impl.export,NodeImportCommandTest,import_node,Long Statement,The length of the statement "final NodeImportResult result=NodeImportCommand.create().nodeService(importNodeService).xmlNodeSerializer(new XmlNodeSerializer()).targetNodePath(NodePath.ROOT).sourceDirectory(VirtualFiles.from(Paths.get(this.temporaryFolder.getRoot().toPath().toString()`"myExport"))).build().execute();" is 288.,46
xp,com.enonic.xp.core.impl.export,NodeImportCommandTest,import_node_with_id,Long Statement,The length of the statement "final NodeImportResult result=NodeImportCommand.create().nodeService(importNodeService).xmlNodeSerializer(new XmlNodeSerializer()).targetNodePath(NodePath.ROOT).sourceDirectory(VirtualFiles.from(Paths.get(this.temporaryFolder.getRoot().toPath().toString()`"myExport"))).build().execute();" is 288.,69
xp,com.enonic.xp.core.impl.export,NodeImportCommandTest,import_update_node,Long Statement,The length of the statement "final NodeImportResult result=NodeImportCommand.create().nodeService(importNodeService).xmlNodeSerializer(new XmlNodeSerializer()).targetNodePath(NodePath.ROOT).sourceDirectory(VirtualFiles.from(Paths.get(this.temporaryFolder.getRoot().toPath().toString()`"myExport"))).build().execute();" is 288.,95
xp,com.enonic.xp.core.impl.export,NodeImportCommandTest,import_update_node,Long Statement,The length of the statement "final NodeImportResult updateResult=NodeImportCommand.create().nodeService(importNodeService).xmlNodeSerializer(new XmlNodeSerializer()).targetNodePath(NodePath.ROOT).sourceDirectory(VirtualFiles.from(Paths.get(this.temporaryFolder.getRoot().toPath().toString()`"myExport"))).build().execute();" is 294.,95
xp,com.enonic.xp.core.impl.export,NodeImportCommandTest,import_nodes,Long Statement,The length of the statement "final NodeImportResult result=NodeImportCommand.create().nodeService(this.importNodeService).xmlNodeSerializer(new XmlNodeSerializer()).targetNodePath(NodePath.ROOT).sourceDirectory(VirtualFiles.from(Paths.get(this.temporaryFolder.getRoot().toPath().toString()`"myExport"))).build().execute();" is 293.,132
xp,com.enonic.xp.core.impl.export,NodeImportCommandTest,import_nodes,Magic Number,The method contains a magic number: 4,132
xp,com.enonic.xp.core.impl.export,NodeImportCommandTest,import_nodes_into_child,Long Statement,The length of the statement "this.importNodeService.create(CreateNodeParams.create().parent(importRoot.getParentPath()).name(importRoot.getLastElement().toString()).build());" is 145.,158
xp,com.enonic.xp.core.impl.export,NodeImportCommandTest,import_nodes_into_child,Long Statement,The length of the statement "final NodeImportResult result=NodeImportCommand.create().nodeService(this.importNodeService).xmlNodeSerializer(new XmlNodeSerializer()).targetNodePath(importRoot).sourceDirectory(VirtualFiles.from(Paths.get(this.temporaryFolder.getRoot().toPath().toString()`"myExport"))).build().execute();" is 290.,158
xp,com.enonic.xp.core.impl.export,NodeImportCommandTest,import_nodes_into_child,Magic Number,The method contains a magic number: 4,158
xp,com.enonic.xp.core.impl.export,NodeImportCommandTest,import_node_non_existing_parent,Long Statement,The length of the statement "NodeImportCommand.create().nodeService(this.importNodeService).xmlNodeSerializer(new XmlNodeSerializer()).targetNodePath(importRoot).sourceDirectory(VirtualFiles.from(Paths.get(this.temporaryFolder.getRoot().toPath().toString()`"myExport"))).build().execute();" is 260.,192
xp,com.enonic.xp.core.impl.export,NodeImportCommandTest,expect_order_file_if_manual,Long Statement,The length of the statement "final NodeImportResult result=NodeImportCommand.create().nodeService(this.importNodeService).xmlNodeSerializer(new XmlNodeSerializer()).targetNodePath(NodePath.ROOT).sourceDirectory(VirtualFiles.from(Paths.get(this.temporaryFolder.getRoot().toPath().toString()`"myExport"))).build().execute();" is 293.,207
xp,com.enonic.xp.core.impl.export,NodeImportCommandTest,continue_on_error,Long Statement,The length of the statement "final NodeImportResult result=NodeImportCommand.create().nodeService(this.importNodeService).xmlNodeSerializer(new XmlNodeSerializer()).targetNodePath(NodePath.ROOT).sourceDirectory(VirtualFiles.from(Paths.get(this.temporaryFolder.getRoot().toPath().toString()`"myExport"))).build().execute();" is 293.,225
xp,com.enonic.xp.core.impl.export,NodeImportCommandTest,continue_on_error,Magic Number,The method contains a magic number: 5,225
xp,com.enonic.xp.core.impl.export,NodeImportCommandTest,import_nodes_ordered,Long Statement,The length of the statement "createOrderFile(Paths.get("myExport"`"mynode"`"mychild1"`"mychildchild")`"mychildchildchild1"`"mychildchildchild2"`"mychildchildchild3");" is 137.,248
xp,com.enonic.xp.core.impl.export,NodeImportCommandTest,import_nodes_ordered,Long Statement,The length of the statement "final NodeImportResult result=NodeImportCommand.create().nodeService(this.importNodeService).xmlNodeSerializer(new XmlNodeSerializer()).targetNodePath(NodePath.ROOT).sourceDirectory(VirtualFiles.from(Paths.get(this.temporaryFolder.getRoot().toPath().toString()`"myExport"))).build().execute();" is 293.,248
xp,com.enonic.xp.core.impl.export,NodeImportCommandTest,import_nodes_ordered,Magic Number,The method contains a magic number: 7,248
xp,com.enonic.xp.core.impl.export,NodeImportCommandTest,ordered_not_in_list_not_imported,Long Statement,The length of the statement "final NodeImportResult result=NodeImportCommand.create().nodeService(this.importNodeService).xmlNodeSerializer(new XmlNodeSerializer()).targetNodePath(NodePath.ROOT).sourceDirectory(VirtualFiles.from(Paths.get(this.temporaryFolder.getRoot().toPath().toString()`"myExport"))).build().execute();" is 293.,284
xp,com.enonic.xp.core.impl.export,NodeImportCommandTest,ordered_not_in_list_not_imported,Magic Number,The method contains a magic number: 3,284
xp,com.enonic.xp.core.impl.export,NodeImportCommandTest,import_with_binaries_missing_file,Long Statement,The length of the statement "final NodeImportResult result=NodeImportCommand.create().nodeService(this.importNodeService).xmlNodeSerializer(new XmlNodeSerializer()).targetNodePath(NodePath.ROOT).sourceDirectory(VirtualFiles.from(Paths.get(this.temporaryFolder.getRoot().toPath().toString()`"myExport"))).build().execute();" is 293.,314
xp,com.enonic.xp.core.impl.export,NodeImportCommandTest,import_with_binary,Long Statement,The length of the statement "final NodeImportResult result=NodeImportCommand.create().nodeService(this.importNodeService).xmlNodeSerializer(new XmlNodeSerializer()).targetNodePath(NodePath.ROOT).sourceDirectory(VirtualFiles.from(Paths.get(this.temporaryFolder.getRoot().toPath().toString()`"myExport"))).build().execute();" is 293.,332
xp,com.enonic.xp.core.impl.export,NodeImportCommandTest,import_with_binary,Long Statement,The length of the statement "final AttachedBinary attachedBinary=mynode.getAttachedBinaries().getByBinaryReference(BinaryReference.from("image.jpg"));" is 121.,332
xp,com.enonic.xp.core.impl.export,NodeImportCommandTest,import_special_characters,Long Statement,The length of the statement "final NodeImportResult result=NodeImportCommand.create().nodeService(this.importNodeService).xmlNodeSerializer(new XmlNodeSerializer()).targetNodePath(NodePath.ROOT).sourceDirectory(VirtualFiles.from(Paths.get(this.temporaryFolder.getRoot().toPath().toString()`"myExport"))).build().execute();" is 293.,356
xp,com.enonic.xp.core.impl.export,NodeImportCommandTest,import_special_characters,Magic Number,The method contains a magic number: 4,356
xp,com.enonic.xp.core.impl.export,NodeImportCommandTest,createOrderFile,Long Statement,The length of the statement "final Path nodeFileDir=Files.createDirectories(Paths.get(temporaryFolder.getRoot().getPath()`exportPath.toString()`NodeExportPathResolver.SYSTEM_FOLDER_NAME));" is 159.,390
xp,com.enonic.xp.core.impl.export,NodeImportCommandTest,createBinaryFile,Long Statement,The length of the statement "final Path nodeFileDir=Files.createDirectories(Paths.get(temporaryFolder.getRoot().getPath()`exportPath.toString()`NodeExportPathResolver.SYSTEM_FOLDER_NAME`NodeExportPathResolver.BINARY_FOLDER));" is 196.,410
xp,com.enonic.xp.core.impl.export,NodeImportCommandTest,createNodeXmlFile,Long Statement,The length of the statement "final Path nodeFileDir=Files.createDirectories(Paths.get(temporaryFolder.getRoot().getPath()`exportPath.toString()`NodeExportPathResolver.SYSTEM_FOLDER_NAME));" is 159.,421
xp,com.enonic.xp.core.impl.export,NodeImportCommandTest,createNodeXmlFile,Long Statement,The length of the statement "Files.write(Paths.get(nodeFileDir.toString()`NodeExportPathResolver.NODE_XML_EXPORT_NAME)`readFromFile(ordered ? "node_manual_ordered.xml" : "node_unordered.xml").getBytes());" is 175.,421
xp,com.enonic.xp.core.impl.export,NodeImportCommandTest,createNodeXmlFileWithBinaries,Long Statement,The length of the statement "final Path nodeFileDir=Files.createDirectories(Paths.get(temporaryFolder.getRoot().getPath()`path.toString()`NodeExportPathResolver.SYSTEM_FOLDER_NAME));" is 153.,432
xp,com.enonic.xp.core.impl.export,NodeImportCommandTest,createNodeXmlFileWithBinaries,Long Statement,The length of the statement "Files.write(Paths.get(nodeFileDir.toString()`NodeExportPathResolver.NODE_XML_EXPORT_NAME)`readFromFile("node_with_binary.xml").getBytes());" is 139.,432
xp,com.enonic.xp.core.impl.export,ExportServiceImpl,exportNodes,Long Statement,The length of the statement "return BatchedNodeExportCommand.create().xmlNodeSerializer(xmlNodeSerializer).sourceNodePath(params.getSourceNodePath()).nodeService(this.nodeService).nodeExportWriter(new FileExportWriter()).targetDirectory(Paths.get(params.getTargetDirectory())).dryRun(params.isDryRun()).build().execute();" is 292.,26
xp,com.enonic.xp.core.impl.export,ExportServiceImpl,importNodes,Long Statement,The length of the statement "return NodeImportCommand.create().xmlNodeSerializer(this.xmlNodeSerializer).nodeService(this.nodeService).sourceDirectory(params.getSource()).targetNodePath(params.getTargetNodePath()).dryRun(params.isDryRun()).importNodeIds(params.isImportNodeids()).build().execute();" is 269.,40
xp,com.enonic.xp.core.impl.export,BatchedNodeExportCommand,exportBatch,Long Statement,The length of the statement "final FindNodesByParentResult childrenBatch=nodeService.findByParent(FindNodesByParentParams.create().parentPath(nodePath).from(currentFrom).size(this.batchSize).build());" is 171.,111
xp,com.enonic.xp.core.impl.export,BatchedNodeExportCommand,writeNodeOrderList,Complex Conditional,The conditional expression parent == null || parent.getChildOrder() == null || !parent.getChildOrder().isManualOrder() is complex.,192
xp,com.enonic.xp.core.impl.export,BatchedNodeExportCommand,getNumberOfBatches,Long Statement,The length of the statement "final FindNodesByParentResult countResult=nodeService.findByParent(FindNodesByParentParams.create().countOnly(true).parentPath(nodePath).build());" is 146.,214
xp,com.enonic.xp.core.impl.export,BatchedNodeExportCommand,addRootNodeNotFoundError,Long Statement,The length of the statement "result.addError(new ExportError("Node with path '" + this.sourceNodePath + "' not found in branch '"+ ContextAccessor.current().getBranch().getName()+ "'` nothing to export"));" is 176.,237
xp,com.enonic.xp.core.impl.export,NodeImportCommand,importFromManualOrder,Long Statement,The length of the statement "final ProcessNodeSettings.Builder processNodeSettings=ProcessNodeSettings.create().insertManualStrategy(InsertManualStrategy.MANUAL).manualOrderValue(currentManualOrderValue);" is 175.,91
xp,com.enonic.xp.core.impl.export,NodeImportCommand,updateNode,Long Statement,The length of the statement "final UpdateNodeParams updateNodeParams=UpdateNodeParamsFactory.create().xmlNode(xmlNode).binaryAttachments(binaryAttachments).existingNode(existingNode).dryRun(this.dryRun).build().execute();" is 192.,176
xp,com.enonic.xp.core.impl.export,NodeImportCommand,createNode,Long Statement,The length of the statement "final CreateNodeParams createNodeParams=CreateNodeParamsFactory.create().processNodeSettings(processNodeSettings.build()).xmlNode(xmlNode).importPath(importNodePath).binaryAttachments(binaryAttachments).importNodeIds(this.importNodeIds).dryRun(this.dryRun).build().execute();" is 275.,195
xp,com.enonic.xp.core.impl.export.xml.util,XmlDateTimeConverterTest,localDateTime,Magic Number,The method contains a magic number: 2014,50
xp,com.enonic.xp.core.impl.export.xml.util,XmlDateTimeConverterTest,localDateTime,Magic Number,The method contains a magic number: 12,50
xp,com.enonic.xp.core.impl.export.xml.util,XmlDateTimeConverterTest,localDateTime,Magic Number,The method contains a magic number: 3,50
xp,com.enonic.xp.core.impl.export.xml.util,XmlDateTimeConverterTest,localDateTime,Magic Number,The method contains a magic number: 19,50
xp,com.enonic.xp.core.impl.export.xml.util,XmlDateTimeConverterTest,localDateTime,Magic Number,The method contains a magic number: 39,50
xp,com.enonic.xp.core.impl.export.xml.util,XmlDateTimeConverterTest,localDateTime_changed_timezone,Magic Number,The method contains a magic number: 2014,63
xp,com.enonic.xp.core.impl.export.xml.util,XmlDateTimeConverterTest,localDateTime_changed_timezone,Magic Number,The method contains a magic number: 12,63
xp,com.enonic.xp.core.impl.export.xml.util,XmlDateTimeConverterTest,localDateTime_changed_timezone,Magic Number,The method contains a magic number: 3,63
xp,com.enonic.xp.core.impl.export.xml.util,XmlDateTimeConverterTest,localDateTime_changed_timezone,Magic Number,The method contains a magic number: 19,63
xp,com.enonic.xp.core.impl.export.xml.util,XmlDateTimeConverterTest,localDateTime_changed_timezone,Magic Number,The method contains a magic number: 39,63
xp,com.enonic.xp.core.impl.export.xml.util,XmlDateTimeConverterTest,localTime,Magic Number,The method contains a magic number: 20,81
xp,com.enonic.xp.core.impl.export.xml.util,XmlDateTimeConverterTest,localTime,Magic Number,The method contains a magic number: 24,81
xp,com.enonic.xp.core.impl.export.xml.util,XmlDateTimeConverterTest,localTime,Magic Number,The method contains a magic number: 33,81
xp,com.enonic.xp.core.impl.export.xml.util,XmlDateTimeConverter,toXMLGregorianCalendar,Long Statement,The length of the statement "return DatatypeFactory.newInstance().newXMLGregorianCalendarTime(localTime.getHour()`localTime.getMinute()`localTime.getSecond()`ms`UTC_OFFSET);" is 144.,64
xp,com.enonic.xp.core.impl.export.xml.serializer,XmlNodeSerializerTest,doCreateNode,Long Statement,The length of the statement "return Node.newNode().id(NodeId.from("abc")).name(NodeName.from("my-node-name")).parentPath(NodePath.ROOT).childOrder(ChildOrder.manualOrder()).nodeType(NodeType.from("content")).data(propertyTree).attachedBinaries(AttachedBinaries.create().add(new AttachedBinary(BinaryReference.from("image.jpg")`new BlobKey("a"))).add(new AttachedBinary(BinaryReference.from("image2.jpg")`new BlobKey("b"))).build()).build();" is 411.,98
xp,com.enonic.xp.core.impl.export.xml.serializer,XmlNodeSerializerTest,doCreateNode,Magic Number,The method contains a magic number: 123.1,98
xp,com.enonic.xp.core.impl.export.xml.serializer,XmlNodeSerializerTest,doCreateNode,Magic Number,The method contains a magic number: 21,98
xp,com.enonic.xp.core.impl.export.xml.serializer,XmlNodeSerializerTest,doCreateNode,Magic Number,The method contains a magic number: 42,98
xp,com.enonic.xp.core.impl.export.xml.serializer,XmlNodeSerializerTest,doCreateNode,Magic Number,The method contains a magic number: 2014,98
xp,com.enonic.xp.core.impl.export.xml.serializer,XmlNodeSerializerTest,doCreateNode,Magic Number,The method contains a magic number: 11,98
xp,com.enonic.xp.core.impl.export.xml.serializer,XmlNodeSerializerTest,doCreateNode,Magic Number,The method contains a magic number: 28,98
xp,com.enonic.xp.core.impl.export.xml.serializer,XmlNodeSerializerTest,doCreateNode,Magic Number,The method contains a magic number: 2014,98
xp,com.enonic.xp.core.impl.export.xml.serializer,XmlNodeSerializerTest,doCreateNode,Magic Number,The method contains a magic number: 11,98
xp,com.enonic.xp.core.impl.export.xml.serializer,XmlNodeSerializerTest,doCreateNode,Magic Number,The method contains a magic number: 28,98
xp,com.enonic.xp.core.impl.export.xml.serializer,XmlNodeSerializerTest,doCreateNode,Magic Number,The method contains a magic number: 21,98
xp,com.enonic.xp.core.impl.export.xml.mapper,XmlPropertyMapper,doSerializeProperty,Complex Method,Cyclomatic complexity of the method is 15,24
xp,com.enonic.xp.core.impl.export.xml.mapper,XmlPropertyMapper,doSerializeProperty,Long Statement,The length of the statement "throw new IllegalArgumentException("Xml mapper for value-type: " + property.getType() + " in property "+ property.getPath()+ " not implemented");" is 145.,24
xp,com.enonic.xp.core.impl.export.builder,IndexConfigDocumentXmlBuilder,build,Long Statement,The length of the statement "final PatternIndexConfigDocument.Builder builder=PatternIndexConfigDocument.create().defaultConfig(IndexConfigXmlBuilder.build(xmlIndexConfigs.getDefaultConfig()));" is 164.,14
xp,com.enonic.xp.core.impl.export.builder,IndexConfigDocumentXmlBuilder,build,Long Statement,The length of the statement "builder.addPattern(PathIndexConfig.create().path(PropertyPath.from(xmlPathIndexConfig.getPath())).indexConfig(IndexConfigXmlBuilder.build(xmlPathIndexConfig.getIndexConfig())).build());" is 185.,14
xp,com.enonic.xp.core.impl.export.builder,UpdateNodeParamsFactory,execute,Long Statement,The length of the statement "final UpdateNodeParams.Builder builder=UpdateNodeParams.create().dryRun(this.dryRun).id(this.existingNode.id()).setBinaryAttachments(binaryAttachments).editor(editableNode -> {" is 176.,26
xp,com.enonic.xp.core.impl.export.builder,IndexConfigXmlBuilder,build,Long Statement,The length of the statement "return IndexConfig.create().decideByType(xmlIndexConfig.isDecideByType()).enabled(xmlIndexConfig.isEnabled()).fulltext(xmlIndexConfig.isFulltext()).includeInAllText(xmlIndexConfig.isIncludeInAllText()).nGram(xmlIndexConfig.isNGram()).build();" is 242.,8
xp,com.enonic.xp.core.impl.export.builder,CreateNodeParamsFactory,execute,Long Statement,The length of the statement "final CreateNodeParams.Builder builder=CreateNodeParams.create().name(nodeName).parent(parentPath).childOrder(childOrder).nodeType(NodeType.from(xmlNode.getNodeType())).data(PropertyTreeXmlBuilder.build(xmlNode.getData())).indexConfigDocument(IndexConfigDocumentXmlBuilder.build(xmlNode.getIndexConfigs())).dryRun(this.dryRun).inheritPermissions(true).setBinaryAttachments(binaryAttachments);" is 392.,49
xp,com.enonic.xp.core.impl.export.builder,PropertyTreeXmlBuilder,doParsePropertyElementList,Complex Method,Cyclomatic complexity of the method is 17,48
xp,com.enonic.xp.core.impl.export.reader,ExportReader,getChildren,Long Statement,The length of the statement "return parent.getChildren().stream().filter(VirtualFile::isFolder).filter((folder) -> !getLastBitFromUrl(folder.getUrl()).equals(SYSTEM_FOLDER_NAME));" is 150.,22
xp,com.enonic.xp.portal.impl.mustache,MustacheProcessor,handleError,Long Statement,The length of the statement "return ResourceProblemException.newBuilder().lineNumber(e.lineNo).resource(this.view).cause(e).message(e.getMessage()).build();" is 127.,69
xp,com.enonic.xp.core.impl.content,UpdateContentCommandTest,given_content_not_found_when_handle_then_NOT_FOUND_is_returned,Long Statement,The length of the statement "UpdateContentCommand command=UpdateContentCommand.create(params).contentTypeService(this.contentTypeService).nodeService(this.nodeService).translator(this.translator).eventPublisher(this.eventPublisher).mediaInfo(this.mediaInfo).mixinService(this.mixinService).moduleService(this.moduleService).build();" is 303.,48
xp,com.enonic.xp.core.impl.content,UpdateContentCommandTest,contentDao_update_not_invoked_when_nothing_is_changed,Long Statement,The length of the statement "UpdateContentCommand command=UpdateContentCommand.create(params).contentTypeService(this.contentTypeService).nodeService(this.nodeService).translator(this.translator).eventPublisher(this.eventPublisher).mediaInfo(this.mediaInfo).mixinService(this.mixinService).moduleService(this.moduleService).build();" is 303.,80
xp,com.enonic.xp.core.impl.content,UpdateContentCommandTest,createContent,Long Statement,The length of the statement "return newContent().id(ContentId.from("1")).parentPath(ContentPath.ROOT).name("mycontent").createdTime(CREATED_TIME).displayName("MyContent").owner(PrincipalKey.from("user:system:admin")).data(contentData).build();" is 214.,116
xp,com.enonic.xp.core.impl.content,DeleteContentCommandTest,delete_not_published,Long Statement,The length of the statement "Mockito.when(this.nodeService.compare(Mockito.isA(NodeId.class)`Mockito.isA(Branch.class))).thenReturn(new NodeComparison(id`new CompareStatus(CompareStatus.Status.NEW)));" is 171.,37
xp,com.enonic.xp.core.impl.content,DeleteContentCommandTest,delete_not_published,Long Statement,The length of the statement "DeleteContentCommand.create().params(DeleteContentParams.create().contentPath(ContentPath.from("myContent")).build()).nodeService(this.nodeService).translator(this.translator).eventPublisher(this.eventPublisher).build().execute();" is 230.,37
xp,com.enonic.xp.core.impl.content,DeleteContentCommandTest,delete_published,Long Statement,The length of the statement "Mockito.when(this.nodeService.compare(Mockito.isA(NodeId.class)`Mockito.isA(Branch.class))).thenReturn(new NodeComparison(id`new CompareStatus(CompareStatus.Status.EQUAL)));" is 173.,71
xp,com.enonic.xp.core.impl.content,DeleteContentCommandTest,delete_published,Long Statement,The length of the statement "DeleteContentCommand.create().params(DeleteContentParams.create().contentPath(ContentPath.from("myContent")).build()).nodeService(this.nodeService).translator(this.translator).eventPublisher(this.eventPublisher).build().execute();" is 230.,71
xp,com.enonic.xp.core.impl.content,DeleteContentCommandTest,delete_published,Long Statement,The length of the statement "Mockito.verify(this.nodeService`Mockito.times(1)).setNodeState(Mockito.eq(node.id())`Mockito.eq(NodeState.PENDING_DELETE));" is 123.,71
xp,com.enonic.xp.core.impl.content,GetNearestSiteCommandTest,get_nearest_site_content_is_site,Long Statement,The length of the statement "final GetNearestSiteCommand command=GetNearestSiteCommand.create().contentId(contentId).contentService(this.contentService).build();" is 132.,26
xp,com.enonic.xp.core.impl.content,GetNearestSiteCommandTest,get_nearest_site_parent_is_site,Long Statement,The length of the statement "final GetNearestSiteCommand command=GetNearestSiteCommand.create().contentId(contentId).contentService(this.contentService).build();" is 132.,43
xp,com.enonic.xp.core.impl.content,GetNearestSiteCommandTest,get_nearest_site_parent_of_parent_is_site,Long Statement,The length of the statement "final Content parent=Content.newContent().id(ContentId.from("bbb")).name("renome").parentPath(ContentPath.from("/bbb")).build();" is 128.,75
xp,com.enonic.xp.core.impl.content,GetNearestSiteCommandTest,get_nearest_site_parent_of_parent_is_site,Long Statement,The length of the statement "Mockito.when(this.contentService.getByPath(Mockito.isA(ContentPath.class))).thenReturn(parent).thenReturn(parentOfParent);" is 122.,75
xp,com.enonic.xp.core.impl.content,GetNearestSiteCommandTest,get_nearest_site_parent_of_parent_is_site,Long Statement,The length of the statement "final GetNearestSiteCommand command=GetNearestSiteCommand.create().contentId(contentId).contentService(this.contentService).build();" is 132.,75
xp,com.enonic.xp.core.impl.content,GetNearestSiteCommandTest,get_nearest_site_no_nearest_site,Long Statement,The length of the statement "final GetNearestSiteCommand command=GetNearestSiteCommand.create().contentId(contentId).contentService(this.contentService).build();" is 132.,113
xp,com.enonic.xp.core.impl.content,PushContentCommandTest,no_outside_requested,Long Statement,The length of the statement "Mockito.when(nodeService.resolveSyncWork(Mockito.isA(SyncWorkResolverParams.class))).thenReturn(ResolveSyncWorkResult.create().publishRequested(NodeId.from("s1")).publishRequested(NodeId.from("s2")).build());" is 208.,50
xp,com.enonic.xp.core.impl.content,PushContentCommandTest,no_outside_requested,Long Statement,The length of the statement "Mockito.when(contentNodeTranslator.fromNodes(Mockito.isA(Nodes.class))).thenReturn(Contents.from(createContent("s1"`"s1Name"`ContentPath.ROOT`true)`createContent("s2"`"s2Name"`ContentPath.ROOT`true)));" is 201.,50
xp,com.enonic.xp.core.impl.content,PushContentCommandTest,no_outside_requested,Long Statement,The length of the statement "Mockito.when(nodeService.push(Mockito.any()`Mockito.any())).thenReturn(PushNodesResult.create().addSuccess(createNode("s1"`"s1Name"`"/content")).addSuccess(createNode("s2"`"s2Name"`"/content")).build());" is 203.,50
xp,com.enonic.xp.core.impl.content,PushContentCommandTest,no_outside_requested,Long Statement,The length of the statement "final PushContentsResult result=PushContentCommand.create().contentIds(ContentIds.from(ContentId.from("s1")`ContentId.from("s2"))).resolveDependencies(true).strategy(PushContentCommand.PushContentStrategy.STRICT).target(ContentConstants.BRANCH_MASTER).nodeService(this.nodeService).contentTypeService(this.contentTypeService).translator(this.contentNodeTranslator).eventPublisher(this.eventPublisher).build().execute();" is 419.,50
xp,com.enonic.xp.core.impl.content,PushContentCommandTest,no_outside_requested,Magic Number,The method contains a magic number: 2,50
xp,com.enonic.xp.core.impl.content,PushContentCommandTest,outside_requested_strict,Long Statement,The length of the statement "Mockito.when(nodeService.resolveSyncWork(Mockito.isA(SyncWorkResolverParams.class))).thenReturn(ResolveSyncWorkResult.create().publishRequested(NodeId.from("s1")).publishReferredFrom(NodeId.from("s1")`NodeId.from("s2")).build());" is 229.,87
xp,com.enonic.xp.core.impl.content,PushContentCommandTest,outside_requested_strict,Long Statement,The length of the statement "Mockito.when(contentNodeTranslator.fromNodes(Mockito.isA(Nodes.class))).thenReturn(Contents.from(createContent("s1"`"s1Name"`ContentPath.ROOT`true)`createContent("s2"`"s2Name"`ContentPath.ROOT`true)));" is 201.,87
xp,com.enonic.xp.core.impl.content,PushContentCommandTest,outside_requested_strict,Long Statement,The length of the statement "Mockito.when(nodeService.push(Mockito.any()`Mockito.any())).thenReturn(PushNodesResult.create().addSuccess(createNode("s1"`"s1Name"`"/content")).addSuccess(createNode("s2"`"s2Name"`"/content")).build());" is 203.,87
xp,com.enonic.xp.core.impl.content,PushContentCommandTest,outside_requested_strict,Long Statement,The length of the statement "final PushContentsResult result=PushContentCommand.create().contentIds(ContentIds.from(ContentId.from("s1"))).resolveDependencies(true).strategy(PushContentCommand.PushContentStrategy.STRICT).target(ContentConstants.BRANCH_MASTER).nodeService(this.nodeService).contentTypeService(this.contentTypeService).translator(this.contentNodeTranslator).eventPublisher(this.eventPublisher).build().execute();" is 398.,87
xp,com.enonic.xp.core.impl.content,PushContentCommandTest,outside_requested_lenient,Long Statement,The length of the statement "Mockito.when(nodeService.resolveSyncWork(Mockito.isA(SyncWorkResolverParams.class))).thenReturn(ResolveSyncWorkResult.create().publishRequested(NodeId.from("s1")).publishReferredFrom(NodeId.from("s1")`NodeId.from("s2")).build());" is 229.,126
xp,com.enonic.xp.core.impl.content,PushContentCommandTest,outside_requested_lenient,Long Statement,The length of the statement "Mockito.when(contentNodeTranslator.fromNodes(Mockito.isA(Nodes.class))).thenReturn(Contents.from(createContent("s1"`"s1Name"`ContentPath.ROOT`true)`createContent("s2"`"s2Name"`ContentPath.ROOT`true)));" is 201.,126
xp,com.enonic.xp.core.impl.content,PushContentCommandTest,outside_requested_lenient,Long Statement,The length of the statement "Mockito.when(nodeService.push(Mockito.any()`Mockito.any())).thenReturn(PushNodesResult.create().addSuccess(createNode("s1"`"s1Name"`"/content")).addSuccess(createNode("s2"`"s2Name"`"/content")).build());" is 203.,126
xp,com.enonic.xp.core.impl.content,PushContentCommandTest,outside_requested_lenient,Long Statement,The length of the statement "final PushContentsResult result=PushContentCommand.create().contentIds(ContentIds.from(ContentId.from("s1"))).resolveDependencies(true).strategy(PushContentCommand.PushContentStrategy.ALLOW_PUBLISH_OUTSIDE_SELECTION).target(ContentConstants.BRANCH_MASTER).nodeService(this.nodeService).contentTypeService(this.contentTypeService).translator(this.contentNodeTranslator).eventPublisher(this.eventPublisher).build().execute();" is 423.,126
xp,com.enonic.xp.core.impl.content,PushContentCommandTest,outside_requested_lenient,Magic Number,The method contains a magic number: 2,126
xp,com.enonic.xp.core.impl.content,PushContentCommandTest,pending_deleted,Long Statement,The length of the statement "Mockito.when(nodeService.resolveSyncWork(Mockito.isA(SyncWorkResolverParams.class))).thenReturn(ResolveSyncWorkResult.create().addDelete(NodeId.from("s3")).addDelete(NodeId.from("s4")).build());" is 194.,166
xp,com.enonic.xp.core.impl.content,PushContentCommandTest,pending_deleted,Long Statement,The length of the statement "Mockito.when(contentNodeTranslator.fromNodes(Mockito.isA(Nodes.class))).thenReturn(Contents.from(createContent("s1"`"s1Name"`ContentPath.ROOT`true)`createContent("s2"`"s2Name"`ContentPath.ROOT`true)));" is 201.,166
xp,com.enonic.xp.core.impl.content,PushContentCommandTest,pending_deleted,Long Statement,The length of the statement "Mockito.when(nodeService.push(Mockito.any()`Mockito.any())).thenReturn(PushNodesResult.create().addSuccess(createNode("s1"`"s1Name"`"/content")).addSuccess(createNode("s2"`"s2Name"`"/content")).build());" is 203.,166
xp,com.enonic.xp.core.impl.content,PushContentCommandTest,pending_deleted,Long Statement,The length of the statement "final PushContentsResult result=PushContentCommand.create().contentIds(ContentIds.from(ContentId.from("s1"))).resolveDependencies(true).strategy(PushContentCommand.PushContentStrategy.ALLOW_PUBLISH_OUTSIDE_SELECTION).target(ContentConstants.BRANCH_MASTER).nodeService(this.nodeService).contentTypeService(this.contentTypeService).translator(this.contentNodeTranslator).eventPublisher(this.eventPublisher).build().execute();" is 423.,166
xp,com.enonic.xp.core.impl.content,PushContentCommandTest,pending_deleted,Magic Number,The method contains a magic number: 2,166
xp,com.enonic.xp.core.impl.content,PushContentCommandTest,pending_deleted,Magic Number,The method contains a magic number: 2,166
xp,com.enonic.xp.core.impl.content,PushContentCommandTest,contains_invalid,Long Statement,The length of the statement "Mockito.when(nodeService.resolveSyncWork(Mockito.isA(SyncWorkResolverParams.class))).thenReturn(ResolveSyncWorkResult.create().publishRequested(NodeId.from("s1")).publishReferredFrom(NodeId.from("s1")`NodeId.from("s2")).build());" is 229.,207
xp,com.enonic.xp.core.impl.content,PushContentCommandTest,contains_invalid,Long Statement,The length of the statement "final PushContentsResult result=PushContentCommand.create().contentIds(ContentIds.from(ContentId.from("s1"))).resolveDependencies(true).strategy(PushContentCommand.PushContentStrategy.ALLOW_PUBLISH_OUTSIDE_SELECTION).target(ContentConstants.BRANCH_MASTER).nodeService(this.nodeService).contentTypeService(this.contentTypeService).translator(this.contentNodeTranslator).eventPublisher(this.eventPublisher).build().execute();" is 423.,207
xp,com.enonic.xp.core.impl.content,ValidateContentDataCommandTest,validation_with_errors,Long Statement,The length of the statement "final ContentType contentType=ContentType.newContentType().superType(ContentTypeName.structured()).name("mymodule:my_type").addFormItem(FieldSet.newFieldSet().label("My layout").name("myLayout").addFormItem(FormItemSet.newFormItemSet().name("mySet").required(true).addFormItem(Input.newInput().name("myInput").inputType(InputTypes.TEXT_LINE).build()).build()).build()).build();" is 377.,43
xp,com.enonic.xp.core.impl.content,ValidateContentDataCommandTest,validation_with_errors,Long Statement,The length of the statement "final DataValidationErrors result=ValidateContentDataCommand.create().contentData(content.getData()).contentType(contentType.getName()).contentTypeService(this.contentTypeService).mixinService(this.mixinService).moduleService(this.moduleService).build().execute();" is 264.,43
xp,com.enonic.xp.core.impl.content,ValidateContentDataCommandTest,validation_no_errors,Long Statement,The length of the statement "final FieldSet fieldSet=newFieldSet().label("My layout").name("myLayout").addFormItem(newFormItemSet().name("mySet").required(true).addFormItem(newInput().name("myInput").inputType(InputTypes.TEXT_LINE).build()).build()).build();" is 229.,82
xp,com.enonic.xp.core.impl.content,ValidateContentDataCommandTest,validation_no_errors,Long Statement,The length of the statement "final ContentType contentType=ContentType.newContentType().superType(ContentTypeName.structured()).name("mymodule:my_type").addFormItem(fieldSet).build();" is 154.,82
xp,com.enonic.xp.core.impl.content,ValidateContentDataCommandTest,validation_no_errors,Long Statement,The length of the statement "final DataValidationErrors result=ValidateContentDataCommand.create().contentData(content.getData()).contentType(contentType.getName()).contentTypeService(this.contentTypeService).mixinService(this.mixinService).moduleService(this.moduleService).build().execute();" is 264.,82
xp,com.enonic.xp.core.impl.content,ContentNodeTranslatorTest,toCreateNode_contentData_to_rootdataset,Long Statement,The length of the statement "final CreateContentTranslatorParams mycontent=CreateContentTranslatorParams.create().name("mycontent").displayName("myDisplayName").parent(ContentPath.ROOT).type(ContentTypeName.from("mymodule:my-content-type")).contentData(contentData).creator(PrincipalKey.ofAnonymous()).childOrder(ContentConstants.DEFAULT_CHILD_ORDER).build();" is 330.,62
xp,com.enonic.xp.core.impl.content,ContentNodeTranslatorTest,translate_entityIndexConfig_decide_by_type_for_contentdata,Long Statement,The length of the statement "final CreateContentTranslatorParams mycontent=CreateContentTranslatorParams.create().name("mycontent").displayName("myDisplayName").parent(ContentPath.ROOT).type(ContentTypeName.from("mymodule:my-content-type")).contentData(contentData).creator(PrincipalKey.ofAnonymous()).childOrder(ContentConstants.DEFAULT_CHILD_ORDER).build();" is 330.,84
xp,com.enonic.xp.core.impl.content,ContentNodeTranslatorTest,translate_entityIndexConfig_disabled_for_form,Long Statement,The length of the statement "FormItemSet.newFormItemSet().name("mySet").label("My set").customText("Custom text").helpText("Help text").occurrences(0`10).addFormItem(Input.newInput().name("myTextLine").inputType(InputTypes.TEXT_LINE).build()).addFormItem(Input.newInput().name("myDate").inputType(InputTypes.DATE).build()).build();" is 302.,112
xp,com.enonic.xp.core.impl.content,ContentNodeTranslatorTest,translate_entityIndexConfig_disabled_for_form,Long Statement,The length of the statement "final CreateContentTranslatorParams mycontent=CreateContentTranslatorParams.create().name("mycontent").displayName("myDisplayName").creator(PrincipalKey.ofAnonymous()).parent(ContentPath.ROOT).contentData(new PropertyTree(new PropertyTree.PredictivePropertyIdProvider())).type(ContentTypeName.from("mymodule:my-content-type")).childOrder(ContentConstants.DEFAULT_CHILD_ORDER).build();" is 384.,112
xp,com.enonic.xp.core.impl.content,ContentNodeTranslatorTest,translate_entityIndexConfig_disabled_for_form,Long Statement,The length of the statement "final IndexConfig indexConfig=indexConfigDocument.getConfigForPath(PropertyPath.from("form.formItems.Input[0].inputType.name"));" is 128.,112
xp,com.enonic.xp.core.impl.content,ContentNodeTranslatorTest,translate_entityIndexConfig_disabled_for_form,Magic Number,The method contains a magic number: 10,112
xp,com.enonic.xp.core.impl.content,ContentNodeTranslatorTest,node_to_content_thumbnail,Long Statement,The length of the statement "AttachedBinaries attachedBinaries=AttachedBinaries.create().add(new AttachedBinary(BinaryReference.from(AttachmentNames.THUMBNAIL)`new BlobKey("myBlobKey"))).build();" is 166.,147
xp,com.enonic.xp.core.impl.content,ContentNodeTranslatorTest,node_to_content_thumbnail,Long Statement,The length of the statement "Node node=Node.newNode().id(NodeId.from("myId")).attachedBinaries(attachedBinaries).parentPath(NodePath.ROOT).path("myPath").name(NodeName.from("myname")).data(data).build();" is 174.,147
xp,com.enonic.xp.core.impl.content,ContentNodeTranslatorTest,node_to_content_acl,Long Statement,The length of the statement "final AccessControlEntry entry1=AccessControlEntry.create().principal(PrincipalKey.ofAnonymous()).allow(Permission.READ).deny(Permission.DELETE).build();" is 153.,178
xp,com.enonic.xp.core.impl.content,ContentNodeTranslatorTest,node_to_content_acl,Long Statement,The length of the statement "final AccessControlEntry entry2=AccessControlEntry.create().principal(PrincipalKey.ofUser(UserStoreKey.system()`"user1")).allow(Permission.MODIFY).deny(Permission.PUBLISH).build();" is 180.,178
xp,com.enonic.xp.core.impl.content,ContentNodeTranslatorTest,node_to_content_acl,Long Statement,The length of the statement "final Node node=Node.newNode().id(NodeId.from("myId")).parentPath(NodePath.ROOT).path("myPath").name(NodeName.from("myname")).data(contentAsData).permissions(acl).build();" is 171.,178
xp,com.enonic.xp.core.impl.content,ContentPathNameGeneratorTest,testSpecialCharacters,Long Statement,The length of the statement "generateAndVerify("test" + SpecialCharacterTestStrings.NORWEGIAN`"test" + SpecialCharacterTestStrings.NORWEGIAN.toLowerCase());" is 127.,50
xp,com.enonic.xp.core.impl.content,ContentPathNameGeneratorTest,testSpecialCharacters,Long Statement,The length of the statement "generateAndVerify("test" + SpecialCharacterTestStrings.CHINESE`"test" + SpecialCharacterTestStrings.CHINESE.toLowerCase());" is 123.,50
xp,com.enonic.xp.core.impl.content,ContentPathNameGeneratorTest,testSpecialCharacters,Long Statement,The length of the statement "generateAndVerify("test" + SpecialCharacterTestStrings.AEC_ALL`"test" + SpecialCharacterTestStrings.AEC_ALL.toLowerCase());" is 123.,50
xp,com.enonic.xp.core.impl.content,ContentPathNameGeneratorTest,testReplaceReservedWithHyphens,Long Identifier,The length of the field REPLACE_WITH_HYPHENS_URL_RESERVED is 33.,117
xp,com.enonic.xp.core.impl.content,ContentPathNameGeneratorTest,testReplaceUnsafeWithHyphens,Long Identifier,The length of the field REPLACE_WITH_HYPHENS_URL_UNSAFE is 31.,130
xp,com.enonic.xp.core.impl.content,ContentIndexConfigFactoryTest,media_indexing,Long Statement,The length of the statement "final CreateContentTranslatorParams createContentTranslatorParams=CreateContentTranslatorParams.create().type(ContentTypeName.imageMedia()).displayName("myContent").name("my-content").parent(ContentPath.ROOT).contentData(data).creator(PrincipalKey.ofAnonymous()).childOrder(ContentConstants.DEFAULT_CHILD_ORDER).build();" is 320.,21
xp,com.enonic.xp.core.impl.content,ContentIndexConfigFactoryTest,media_indexing,Long Statement,The length of the statement "assertEquals(IndexConfig.NONE`indexConfigDocument.getConfigForPath(PropertyPath.from(ContentPropertyNames.DATA`ContentPropertyNames.METADATA)));" is 144.,21
xp,com.enonic.xp.core.impl.content,ContentIndexConfigFactoryTest,media_indexing,Long Statement,The length of the statement "assertEquals(IndexConfig.MINIMAL`indexConfigDocument.getConfigForPath(PropertyPath.from(ContentPropertyNames.DATA`ContentPropertyNames.METADATA`"media")));" is 155.,21
xp,com.enonic.xp.core.impl.content,ContentIndexConfigFactoryTest,media_indexing,Long Statement,The length of the statement "assertEquals(IndexConfig.NONE`indexConfigDocument.getConfigForPath(PropertyPath.from(ContentPropertyNames.DATA`ContentPropertyNames.METADATA`"subSet")));" is 153.,21
xp,com.enonic.xp.core.impl.content,ContentIndexConfigFactoryTest,media_indexing,Long Statement,The length of the statement "assertEquals(IndexConfig.NONE`indexConfigDocument.getConfigForPath(PropertyPath.from(ContentPropertyNames.DATA`ContentPropertyNames.METADATA`"subSet"`"subSetValue")));" is 167.,21
xp,com.enonic.xp.core.impl.content,ContentIndexConfigFactoryTest,media_indexing,Magic Number,The method contains a magic number: 13d,21
xp,com.enonic.xp.core.impl.content,ContentPathNameGenerator,ensureNiceBeginningAndEnding,Magic Number,The method contains a magic number: 2,66
xp,com.enonic.xp.core.impl.content,RenameContentCommand,doExecute,Long Statement,The length of the statement "final ContentChangeEvent event=ContentChangeEvent.create().change(ContentChangeEvent.ContentChangeType.DELETE`translateNodePathToContentPath(existingNode.path())).change(ContentChangeEvent.ContentChangeType.CREATE`content.getPath()).build();" is 241.,43
xp,com.enonic.xp.core.impl.content,FindContentByQueryCommand,execute,Long Statement,The length of the statement "return FindContentByQueryResult.create().contents(contents).aggregations(result.getAggregations()).hits(result.getHits()).totalHits(result.getTotalHits()).build();" is 163.,27
xp,com.enonic.xp.core.impl.content,ApplyContentPermissionsCommand,execute,Long Statement,The length of the statement "final ApplyNodePermissionsParams applyNodePermissionsParams=ApplyNodePermissionsParams.create().nodeId(nodeId).overwriteChildPermissions(params.isOverwriteChildPermissions()).modifier(params.getModifier()).build();" is 214.,19
xp,com.enonic.xp.core.impl.content,CreateMediaCommand,doExecute,Long Statement,The length of the statement "final CreateAttachment mediaAttachment=CreateAttachment.create().name(params.getName()).mimeType(params.getMimeType()).label("source").byteSource(params.getByteSource()).build();" is 178.,36
xp,com.enonic.xp.core.impl.content,CreateMediaCommand,doExecute,Long Statement,The length of the statement "final CreateContentParams createContentParams=CreateContentParams.create().name(params.getName()).parent(params.getParent()).requireValid(true).type(type).displayName(params.getName()).contentData(data).createAttachments(CreateAttachments.from(mediaAttachment)).inheritPermissions(true).build();" is 295.,36
xp,com.enonic.xp.core.impl.content,CreateMediaCommand,doExecute,Long Statement,The length of the statement "final CreateContentCommand createCommand=CreateContentCommand.create(this).mediaInfo(mediaInfo).params(createContentParams).moduleService(this.moduleService).mixinService(this.mixinService).build();" is 198.,36
xp,com.enonic.xp.core.impl.content,ContentQueryNodeQueryTranslator,doTranslate,Long Statement,The length of the statement "final ValueFilter contentCollectionFilter=ValueFilter.create().fieldName(NodeIndexPath.NODE_TYPE.getPath()).addValue(Value.newString(ContentConstants.CONTENT_NODE_COLLECTION.getName())).build();" is 194.,24
xp,com.enonic.xp.core.impl.content,ContentQueryNodeQueryTranslator,doTranslate,Long Statement,The length of the statement "builder.query(contentQuery.getQueryExpr()).from(contentQuery.getFrom()).size(contentQuery.getSize()).addAggregationQueries(contentQuery.getAggregationQueries()).addQueryFilters(contentQuery.getQueryFilters()).addQueryFilter(contentCollectionFilter);" is 249.,24
xp,com.enonic.xp.core.impl.content,ContentQueryNodeQueryTranslator,processContentTypesNames,Long Statement,The length of the statement "final ValueFilter.Builder contentTypeFilterBuilder=ValueFilter.create().fieldName(ContentPropertyNames.TYPE).setCache(true);" is 124.,41
xp,com.enonic.xp.core.impl.content,CreateContentCommand,doExecute,Long Statement,The length of the statement "throw new ContentAlreadyExistException(ContentPath.from(createContentTranslatorParams.getParent()`createContentTranslatorParams.getName().toString()));" is 151.,59
xp,com.enonic.xp.core.impl.content,CreateContentCommand,setChildOrder,Long Statement,The length of the statement "builder.childOrder(this.params.getChildOrder() != null ? this.params.getChildOrder() : ContentConstants.DEFAULT_CHILD_ORDER);" is 125.,104
xp,com.enonic.xp.core.impl.content,CreateContentCommand,runContentProcessors,Long Statement,The length of the statement "return ProxyContentProcessor.create().mediaInfo(mediaInfo).contentType(contentType).mixinService(mixinService).build().processCreate(params);" is 141.,109
xp,com.enonic.xp.core.impl.content,CreateContentCommand,validateContentTypeProperties,Long Statement,The length of the statement "final ContentType contentType=contentTypeService.getByName(new GetContentTypeParams().contentTypeName(params.getType()));" is 121.,119
xp,com.enonic.xp.core.impl.content,CreateContentCommand,validateContentTypeProperties,Long Statement,The length of the statement "throw new IllegalArgumentException("Content could not be created. Children not allowed in parent [" + parentPath.toString() + "]");" is 131.,119
xp,com.enonic.xp.core.impl.content,CreateContentCommand,validateContentTypeProperties,Long Statement,The length of the statement "final ContentType parentContentType=contentTypeService.getByName(new GetContentTypeParams().contentTypeName(parent.getType()));" is 127.,119
xp,com.enonic.xp.core.impl.content,CreateContentCommand,validateContentTypeProperties,Long Statement,The length of the statement "throw new IllegalArgumentException("Content could not be created. Children not allowed in parent [" + parentPath.toString() + "]");" is 131.,119
xp,com.enonic.xp.core.impl.content,CreateContentCommand,checkIsValid,Long Statement,The length of the statement "final DataValidationErrors dataValidationErrors=ValidateContentDataCommand.create().contentData(contentParams.getData()).contentType(contentParams.getType()).metadatas(contentParams.getMetadata() != null ? Metadatas.from(contentParams.getMetadata()) : Metadatas.empty()).mixinService(this.mixinService).moduleService(this.moduleService).contentTypeService(this.contentTypeService).build().execute();" is 399.,210
xp,com.enonic.xp.core.impl.content,ContentNodeTranslator,toCreateNodeParams,Long Statement,The length of the statement "final CreateNodeParams.Builder builder=CreateNodeParams.create().name(resolveNodeName(params.getName())).parent(resolveParentNodePath(params.getParent())).data(contentAsData).indexConfigDocument(indexConfigDocument).permissions(params.getPermissions()).inheritPermissions(params.isInheritPermissions()).childOrder(params.getChildOrder()).nodeType(ContentConstants.CONTENT_NODE_COLLECTION);" is 389.,38
xp,com.enonic.xp.core.impl.content,ContentNodeTranslator,toUpdateNodeParams,Long Statement,The length of the statement "final UpdateNodeParams.Builder builder=UpdateNodeParams.create().id(NodeId.from(editedContent.getId())).editor(nodeEditor);" is 123.,63
xp,com.enonic.xp.core.impl.content,ContentNodeTranslator,doGetFromNode,Long Statement,The length of the statement "builder.id(ContentId.from(node.id().toString())).parentPath(parentContentPath).name(node.name().toString()).hasChildren(node.getHasChildren()).childOrder(node.getChildOrder()).permissions(node.getPermissions()).inheritPermissions(node.inheritsPermissions()).contentState(ContentState.from(node.getNodeState().value()));" is 319.,108
xp,com.enonic.xp.core.impl.content,FindContentVersionsCommand,doGetContentVersions,Long Identifier,The length of the identifier findContentVersionsResultBuilder is 32.,37
xp,com.enonic.xp.core.impl.content,FindContentVersionsCommand,doGetContentVersions,Long Statement,The length of the statement "final FindNodeVersionsResult findNodeVersionsResult=nodeService.findVersions(GetNodeVersionsParams.create().nodeId(nodeId).from(this.from).size(this.size).build());" is 164.,37
xp,com.enonic.xp.core.impl.content,ProxyContentProcessor,ProxyContentProcessor,Long Statement,The length of the statement "imageHandler=ImageContentProcessor.create().mediaInfo(builder.mediaInfo).contentType(builder.contentType).mixinService(builder.mixinService).build();" is 149.,15
xp,com.enonic.xp.core.impl.content,PushContentRequestsFactory,doCreate,Long Statement,The length of the statement "builder.addParentOf(ContentId.from(parentOf.getNodeId().toString())`ContentId.from(parentOf.getReason().getContextualNodeId().toString()));" is 139.,24
xp,com.enonic.xp.core.impl.content,PushContentRequestsFactory,doCreate,Long Statement,The length of the statement "builder.addReferredTo(ContentId.from(referredTo.getNodeId().toString())`ContentId.from(referredTo.getReason().getContextualNodeId().toString()));" is 145.,24
xp,com.enonic.xp.core.impl.content,ContentInitializer,doInitContentRootNode,Long Statement,The length of the statement "final Node root=nodeService.create(CreateNodeParams.create().data(data).name(ContentConstants.CONTENT_ROOT_NAME).parent(rootNode.path()).permissions(CONTENT_ROOT_DEFAULT_ACL).childOrder(CONTENT_DEFAULT_CHILD_ORDER).build());" is 224.,81
xp,com.enonic.xp.core.impl.content,ContentInitializer,doInitNodeRoot,Long Statement,The length of the statement "final RootNode rootNode=this.nodeService.createRootNode(CreateRootNodeParams.create().childOrder(ChildOrder.from("_name ASC")).permissions(CONTENT_REPO_DEFAULT_ACL).build());" is 174.,141
xp,com.enonic.xp.core.impl.content,ContentIndexConfigFactory,doCreateIndexConfig,Long Statement,The length of the statement "final PatternIndexConfigDocument.Builder config=PatternIndexConfigDocument.create().analyzer(ContentConstants.CONTENT_DEFAULT_ANALYZER).add(PAGE`IndexConfig.NONE).add(SITE`IndexConfig.NONE).add(VALID`IndexConfig.NONE).add(FORM`IndexConfig.NONE).add(DATA`IndexConfig.BY_TYPE).add(TYPE`IndexConfig.MINIMAL).add(ATTACHMENT`IndexConfig.NONE).add(PropertyPath.from(DATA`METADATA)`IndexConfig.NONE).add(PropertyPath.from(DATA`METADATA`"media")`IndexConfig.MINIMAL).defaultConfig(IndexConfig.BY_TYPE);" is 494.,32
xp,com.enonic.xp.core.impl.content,ContentServiceImpl,ContentServiceImpl,Long Statement,The length of the statement "final ThreadFactory namedThreadFactory=new ThreadFactoryBuilder().setNameFormat("apply-permissions-thread-%d").setUncaughtExceptionHandler((t`e) -> LOG.error("Apply Permissions failed"`e)).build();" is 197.,116
xp,com.enonic.xp.core.impl.content,ContentServiceImpl,ContentServiceImpl,Magic Number,The method contains a magic number: 5,116
xp,com.enonic.xp.core.impl.content,ContentServiceImpl,create,Long Identifier,The length of the field MODULE_CONFIGS_DATA_SERIALIZER is 30.,131
xp,com.enonic.xp.core.impl.content,ContentServiceImpl,create,Long Statement,The length of the statement "final CreateContentParams createContentParams=CreateContentParams.create().type(ContentTypeName.site()).parent(params.getParentContentPath()).name(params.getName()).displayName(params.getDisplayName()).contentData(data).requireValid(params.isRequireValid()).build();" is 266.,131
xp,com.enonic.xp.core.impl.content,ContentServiceImpl,create,Long Statement,The length of the statement "final Site site=(Site)CreateContentCommand.create().nodeService(this.nodeService).contentTypeService(this.contentTypeService).translator(this.contentNodeTranslator).eventPublisher(this.eventPublisher).moduleService(this.moduleService).mixinService(this.mixinService).params(createContentParams).build().execute();" is 313.,131
xp,com.enonic.xp.core.impl.content,ContentServiceImpl,create,Long Statement,The length of the statement "this.create(CreateContentParams.create().owner(site.getOwner()).displayName(TEMPLATES_FOLDER_DISPLAY_NAME).name(TEMPLATES_FOLDER_NAME).inheritPermissions(true).parent(site.getPath()).type(ContentTypeName.templateFolder()).requireValid(true).contentData(new PropertyTree()).build());" is 282.,131
xp,com.enonic.xp.core.impl.content,ContentServiceImpl,create,Long Statement,The length of the statement "final Content content=CreateContentCommand.create().nodeService(this.nodeService).contentTypeService(this.contentTypeService).translator(this.contentNodeTranslator).eventPublisher(this.eventPublisher).moduleService(this.moduleService).mixinService(this.mixinService).params(params).build().execute();" is 300.,173
xp,com.enonic.xp.core.impl.content,ContentServiceImpl,create,Long Statement,The length of the statement "this.create(CreateContentParams.create().owner(content.getOwner()).displayName(TEMPLATES_FOLDER_DISPLAY_NAME).name(TEMPLATES_FOLDER_NAME).inheritPermissions(true).parent(content.getPath()).type(ContentTypeName.templateFolder()).requireValid(true).contentData(new PropertyTree()).build());" is 288.,173
xp,com.enonic.xp.core.impl.content,ContentServiceImpl,create,Long Statement,The length of the statement "return CreateMediaCommand.create().params(params).nodeService(this.nodeService).contentTypeService(this.contentTypeService).translator(this.contentNodeTranslator).eventPublisher(this.eventPublisher).mediaInfoService(this.mediaInfoService).moduleService(this.moduleService).mixinService(this.mixinService).build().execute();" is 323.,213
xp,com.enonic.xp.core.impl.content,ContentServiceImpl,update,Long Statement,The length of the statement "return UpdateContentCommand.create(params).nodeService(this.nodeService).contentTypeService(this.contentTypeService).translator(this.contentNodeTranslator).eventPublisher(this.eventPublisher).moduleService(this.moduleService).mixinService(this.mixinService).build().execute();" is 276.,229
xp,com.enonic.xp.core.impl.content,ContentServiceImpl,update,Long Statement,The length of the statement "return UpdateMediaCommand.create(params).nodeService(this.nodeService).contentTypeService(this.contentTypeService).translator(this.contentNodeTranslator).eventPublisher(this.eventPublisher).mediaInfoService(this.mediaInfoService).moduleService(this.moduleService).mixinService(this.mixinService).build().execute();" is 314.,243
xp,com.enonic.xp.core.impl.content,ContentServiceImpl,delete,Long Statement,The length of the statement "return DeleteContentCommand.create().nodeService(this.nodeService).contentTypeService(this.contentTypeService).translator(this.contentNodeTranslator).eventPublisher(this.eventPublisher).params(params).build().execute();" is 219.,258
xp,com.enonic.xp.core.impl.content,ContentServiceImpl,push,Long Statement,The length of the statement "return PushContentCommand.create().nodeService(this.nodeService).contentTypeService(this.contentTypeService).translator(this.contentNodeTranslator).eventPublisher(this.eventPublisher).contentIds(params.getContentIds()).target(params.getTarget()).includeChildren(params.isIncludeChildren()).strategy(params.isAllowPublishOutsideSelection() ? PushContentCommand.PushContentStrategy.ALLOW_PUBLISH_OUTSIDE_SELECTION : PushContentCommand.PushContentStrategy.STRICT).build().execute();" is 479.,271
xp,com.enonic.xp.core.impl.content,ContentServiceImpl,doGetById,Long Statement,The length of the statement "return GetContentByIdCommand.create(id).nodeService(this.nodeService).contentTypeService(this.contentTypeService).translator(this.contentNodeTranslator).eventPublisher(this.eventPublisher).build().execute();" is 207.,295
xp,com.enonic.xp.core.impl.content,ContentServiceImpl,getByIds,Long Statement,The length of the statement "return GetContentByIdsCommand.create(params).nodeService(this.nodeService).contentTypeService(this.contentTypeService).translator(this.contentNodeTranslator).eventPublisher(this.eventPublisher).build().execute();" is 212.,316
xp,com.enonic.xp.core.impl.content,ContentServiceImpl,getByPath,Long Statement,The length of the statement "return GetContentByPathCommand.create(path).nodeService(this.nodeService).contentTypeService(this.contentTypeService).translator(this.contentNodeTranslator).eventPublisher(this.eventPublisher).build().execute();" is 211.,328
xp,com.enonic.xp.core.impl.content,ContentServiceImpl,getByPaths,Long Statement,The length of the statement "return GetContentByPathsCommand.create(paths).nodeService(this.nodeService).contentTypeService(this.contentTypeService).translator(this.contentNodeTranslator).eventPublisher(this.eventPublisher).build().execute();" is 213.,340
xp,com.enonic.xp.core.impl.content,ContentServiceImpl,findByParent,Long Statement,The length of the statement "return FindContentByParentCommand.create(params).nodeService(this.nodeService).contentTypeService(this.contentTypeService).translator(this.contentNodeTranslator).eventPublisher(this.eventPublisher).build().execute();" is 216.,352
xp,com.enonic.xp.core.impl.content,ContentServiceImpl,validateCreateTemplateFolder,Long Statement,The length of the statement "throw new SystemException(e`"Parent folder not found; A template folder can only be created below a content of type 'site'. Path: " + path);" is 140.,364
xp,com.enonic.xp.core.impl.content,ContentServiceImpl,validateCreatePageTemplate,Long Statement,The length of the statement "throw new SystemException("A page template can only be created below a content of type 'template-folder'. Path: " + path);" is 122.,384
xp,com.enonic.xp.core.impl.content,ContentServiceImpl,validateCreatePageTemplate,Long Statement,The length of the statement "throw new SystemException(e`"Parent not found; A page template can only be created below a content of type 'template-folder'. Path: " + path);" is 142.,384
xp,com.enonic.xp.core.impl.content,ContentServiceImpl,move,Long Statement,The length of the statement "throw new IllegalArgumentException("Content could not be moved. Children not allowed in destination [" + destinationPath.toString() + "]");" is 139.,415
xp,com.enonic.xp.core.impl.content,ContentServiceImpl,move,Long Statement,The length of the statement "final ContentType parentContentType=contentTypeService.getByName(new GetContentTypeParams().contentTypeName(parent.getType()));" is 127.,415
xp,com.enonic.xp.core.impl.content,ContentServiceImpl,move,Long Statement,The length of the statement "throw new IllegalArgumentException("Content could not be moved. Children not allowed in destination [" + destinationPath.toString() + "]");" is 139.,415
xp,com.enonic.xp.core.impl.content,ContentServiceImpl,move,Long Statement,The length of the statement "final Node movedNode=nodeService.move(NodeId.from(params.getContentId())`NodePath.newPath(ContentConstants.CONTENT_ROOT_PATH).elements(params.getParentContentPath().toString()).build());" is 186.,415
xp,com.enonic.xp.core.impl.content,ContentServiceImpl,move,Long Statement,The length of the statement "final ContentChangeEvent event=ContentChangeEvent.create().change(ContentChangeEvent.ContentChangeType.DELETE`translateNodePathToContentPath(sourceNode.path())).change(ContentChangeEvent.ContentChangeType.CREATE`translateNodePathToContentPath(movedNode.path())).build();" is 270.,415
xp,com.enonic.xp.core.impl.content,ContentServiceImpl,rename,Long Statement,The length of the statement "return RenameContentCommand.create(params).nodeService(this.nodeService).contentTypeService(this.contentTypeService).translator(this.contentNodeTranslator).eventPublisher(this.eventPublisher).build().execute();" is 210.,461
xp,com.enonic.xp.core.impl.content,ContentServiceImpl,find,Long Statement,The length of the statement "return FindContentByQueryCommand.create().params(params).nodeService(this.nodeService).contentTypeService(this.contentTypeService).translator(this.contentNodeTranslator).eventPublisher(this.eventPublisher).build().execute();" is 224.,473
xp,com.enonic.xp.core.impl.content,ContentServiceImpl,compare,Long Statement,The length of the statement "return CompareContentCommand.create().nodeService(this.nodeService).contentId(params.getContentId()).target(params.getTarget()).build().execute();" is 146.,486
xp,com.enonic.xp.core.impl.content,ContentServiceImpl,compare,Long Statement,The length of the statement "return CompareContentsCommand.create().nodeService(this.nodeService).contentIds(params.getContentIds()).target(params.getTarget()).build().execute();" is 149.,497
xp,com.enonic.xp.core.impl.content,ContentServiceImpl,getVersions,Long Statement,The length of the statement "return FindContentVersionsCommand.create().nodeService(this.nodeService).contentTypeService(this.contentTypeService).translator(this.contentNodeTranslator).eventPublisher(this.eventPublisher).contentId(params.getContentId()).from(params.getFrom()).size(params.getSize()).build().execute();" is 289.,508
xp,com.enonic.xp.core.impl.content,ContentServiceImpl,getActiveVersions,Long Statement,The length of the statement "return GetActiveContentVersionsCommand.create().nodeService(this.nodeService).contentTypeService(this.contentTypeService).translator(this.contentNodeTranslator).eventPublisher(this.eventPublisher).contentId(params.getContentId()).branches(params.getBranches()).build().execute();" is 279.,524
xp,com.enonic.xp.core.impl.content,ContentServiceImpl,setChildOrder,Long Statement,The length of the statement "final Node node=nodeService.setChildOrder(SetNodeChildOrderParams.create().nodeId(NodeId.from(params.getContentId())).childOrder(params.getChildOrder()).build());" is 162.,538
xp,com.enonic.xp.core.impl.content,ContentServiceImpl,reorderChildren,Long Statement,The length of the statement "builder.add(ReorderChildNodeParams.create().nodeId(NodeId.from(param.getContentToMove())).moveBefore(param.getContentToMoveBefore() == null ? null : NodeId.from(param.getContentToMoveBefore())).build());" is 203.,549
xp,com.enonic.xp.core.impl.content,ContentServiceImpl,applyPermissions,Long Statement,The length of the statement "final ApplyContentPermissionsCommand applyPermissionsCommand=ApplyContentPermissionsCommand.create(params).nodeService(this.nodeService).contentTypeService(this.contentTypeService).translator(this.contentNodeTranslator).eventPublisher(this.eventPublisher).build();" is 264.,573
xp,com.enonic.xp.core.impl.content,ContentServiceImpl,runAsContentAdmin,Long Statement,The length of the statement "return ContextBuilder.from(ContextAccessor.current()).authInfo(AuthenticationInfo.copyOf(authInfo).principals(RoleKeys.ADMIN`RoleKeys.CONTENT_MANAGER_ADMIN).build()).build().callWith(callable);" is 193.,603
xp,com.enonic.xp.core.impl.content,UpdateContentCommand,doExecute,Long Statement,The length of the statement "final UpdateContentTranslatorParams updateContentTranslatorParams=UpdateContentTranslatorParams.create().editedContent(editedContent).createAttachments(this.params.getCreateAttachments()).modifier(getCurrentUser().getKey()).build();" is 232.,67
xp,com.enonic.xp.core.impl.content,UpdateContentCommand,processContent,Long Statement,The length of the statement "final ProcessUpdateResult processUpdateResult=proxyProcessor.processEdit(contentBeforeChange.getType()`params`params.getCreateAttachments());" is 141.,102
xp,com.enonic.xp.core.impl.content,UpdateContentCommand,validateEditedContent,Long Statement,The length of the statement "final DataValidationErrors dataValidationErrors=ValidateContentDataCommand.create().contentData(edited.getData()).contentType(edited.getType()).metadatas(edited.getAllMetadata()).mixinService(this.mixinService).moduleService(this.moduleService).contentTypeService(this.contentTypeService).build().execute();" is 307.,140
xp,com.enonic.xp.core.impl.content,CompareResultTranslator,doTranslate,Long Statement,The length of the statement "return new CompareContentResult(nodeComparison.getCompareStatus()`ContentId.from(nodeComparison.getNodeId().toString()));" is 121.,28
xp,com.enonic.xp.core.impl.content,ContentDataSerializer,toNodeData,Long Statement,The length of the statement "contentAsData.ifNotNull().addString(LANGUAGE`content.getLanguage() != null ? content.getLanguage().toLanguageTag() : null);" is 123.,60
xp,com.enonic.xp.core.impl.content,ContentDataSerializer,toCreateNodeData,Long Statement,The length of the statement "contentAsData.ifNotNull().addString(OWNER`PrincipalKey.ofAnonymous().equals(params.getOwner()) || params.getOwner() == null ? null : params.getOwner().toString());" is 163.,106
xp,com.enonic.xp.core.impl.content,ContentDataSerializer,toCreateNodeData,Long Statement,The length of the statement "contentAsData.ifNotNull().addString(LANGUAGE`params.getLanguage() != null ? params.getLanguage().toLanguageTag() : null);" is 121.,106
xp,com.enonic.xp.core.impl.content,ContentDataSerializer,addAttachments,Long Statement,The length of the statement "final Thumbnail thumbnail=Thumbnail.from(thumbnailBinaryRef`thumbnailAttachment.getMimeType()`thumbnailAttachment.getSize());" is 125.,163
xp,com.enonic.xp.core.impl.content,ContentDataSerializer,addMetadata,Long Statement,The length of the statement "final MixinName metadataName=metadataStringName.contains(MixinName.SEPARATOR) ? resolveMetadataByMixinName(MixinName.from(metadataStringName)) : resolveMetadataByLocalName(metadataStringName);" is 192.,186
xp,com.enonic.xp.core.impl.content,ContentDataSerializer,dataToAttachments,Long Statement,The length of the statement "attachments.add(Attachment.newAttachment().name(attachmentAsSet.getString("name")).label(attachmentAsSet.getString("label")).mimeType(attachmentAsSet.getString("mimeType")).size(attachmentAsSet.getLong("size")).build());" is 220.,241
xp,com.enonic.xp.core.impl.content,PushContentCommand,getWorkResult,Long Statement,The length of the statement "return nodeService.resolveSyncWork(SyncWorkResolverParams.create().includeChildren(true).nodeId(NodeId.from(contentId.toString())).branch(this.target).build());" is 160.,109
xp,com.enonic.xp.core.impl.content,PushContentCommand,publishNodePublishedEvents,Long Statement,The length of the statement "final List<ContentPath> publishedContentPaths=pushNodesResult.getSuccessfull().stream().map((node) -> translateNodePathToContentPath(node.path())).collect(toList());" is 165.,146
xp,com.enonic.xp.core.impl.content,PushContentCommand,doDeleteNodes,Long Statement,The length of the statement "eventPublisher.publish(ContentChangeEvent.from(ContentChangeEvent.ContentChangeType.DELETE`ContentPaths.from(deletedContents)));" is 128.,158
xp,com.enonic.xp.core.impl.content,PushContentCommand,appendPushNodesResult,Missing default,The following switch statement is missing a default case: !org.eclipse.jdt.core.dom.SwitchStatement@7a53d43e,202
xp,com.enonic.xp.core.impl.content,PushContentCommand,getContentByIds,Long Statement,The length of the statement "return GetContentByIdsCommand.create(getContentParams).nodeService(this.nodeService).translator(this.translator).contentTypeService(this.contentTypeService).eventPublisher(this.eventPublisher).build().execute();" is 211.,256
xp,com.enonic.xp.core.impl.content,ImageContentProcessor,processCreate,Long Statement,The length of the statement "Preconditions.checkArgument(params.getType().isImageMedia()`"This processor only accepts [" + ContentTypeName.imageMedia() + "]: "+ params.getType());" is 150.,56
xp,com.enonic.xp.core.impl.content,ImageContentProcessor,scaleImages,Long Statement,The length of the statement "final CreateAttachment scaledImageAttachment=CreateAttachment.create().mimeType(sourceAttachment.getMimeType()).name(name).label(scale.label).byteSource(scaledImageBytes).build();" is 179.,92
xp,com.enonic.xp.core.impl.content,ImageContentProcessor,fillComputedFormItems,Long Statement,The length of the statement "metadata.getData().addGeoPoint("geoPoint"`new GeoPoint(Double.valueOf(mediaInfo.getMetadata().get("geoLat").toArray()[0].toString())`Double.valueOf(mediaInfo.getMetadata().get("geoLong").toArray()[0].toString())));" is 214.,274
xp,com.enonic.xp.core.impl.content,TikaFieldNameFormatter,fillComputedFormItems,Long Statement,The length of the statement "metadata.getData().addGeoPoint("geoPoint"`new GeoPoint(Double.valueOf(mediaInfo.getMetadata().get("geoLat").toArray()[0].toString())`Double.valueOf(mediaInfo.getMetadata().get("geoLong").toArray()[0].toString())));" is 214.,274
xp,com.enonic.xp.core.impl.content,FindContentByParentCommand,execute,Long Statement,The length of the statement "return FindContentByParentResult.create().contents(contents).totalHits(result.getTotalHits()).hits(result.getHits()).build();" is 125.,30
xp,com.enonic.xp.core.impl.content,UpdateMediaCommand,doExecute,Long Statement,The length of the statement "final CreateAttachment mediaAttachment=CreateAttachment.create().name(params.getName()).mimeType(params.getMimeType()).label("source").byteSource(params.getByteSource()).build();" is 178.,41
xp,com.enonic.xp.core.impl.content,UpdateMediaCommand,doExecute,Long Statement,The length of the statement "final UpdateContentParams updateParams=new UpdateContentParams().contentId(params.getContent()).createAttachments(CreateAttachments.from(mediaAttachment)).editor(editable -> editable.data=data);" is 194.,41
xp,com.enonic.xp.core.impl.content,UpdateMediaCommand,doExecute,Long Statement,The length of the statement "return UpdateContentCommand.create(this).params(updateParams).mediaInfo(mediaInfo).moduleService(this.moduleService).mixinService(this.mixinService).build().execute();" is 167.,41
xp,com.enonic.xp.core.impl.content,GetActiveContentVersionsCommand,execute,Long Statement,The length of the statement "final GetActiveNodeVersionsResult activeNodeVersions=this.nodeService.getActiveVersions(GetActiveNodeVersionsParams.create().nodeId(nodeId).branches(this.branches).build());" is 173.,34
xp,com.enonic.xp.core.impl.content,ContentVersionFactory,create,Long Statement,The length of the statement "final ContentVersions.Builder contentVersionsBuilder=ContentVersions.create().contentId(ContentId.from(nodeId.toString()));" is 123.,26
xp,com.enonic.xp.core.impl.content,ContentVersionFactory,doCreateContentVersion,Long Statement,The length of the statement "return ContentVersion.create().comment("No comments").displayName(content.getDisplayName()).modified(content.getModifiedTime()).modifier(content.getModifier()).id(ContentVersionId.from(nodeVersion.getId().toString())).build();" is 226.,44
xp,com.enonic.xp.core.impl.content.page,PageDataSerializerTest,page,Long Statement,The length of the statement "Region mainRegion=Region.newRegion().name("main").add(PartComponent.newPartComponent().name("MyPart").descriptor("descriptor-x").config(myPartConfig).build()).build();" is 167.,22
xp,com.enonic.xp.core.impl.content.page,GetPageDescriptorsByModuleCommand,getDescriptorsFromModule,Long Statement,The length of the statement "final List<String> componentNames=module.getResourcePaths().stream().map(PATTERN::matcher).filter(Matcher::matches).map((matcher) -> matcher.group(1)).collect(Collectors.toList());" is 180.,43
xp,com.enonic.xp.core.impl.content.page,CreatePageTemplateCommand,execute,Long Statement,The length of the statement "final Content content=contentService.create(CreateContentParams.create().name(name).displayName(displayName).owner(PrincipalKey.ofAnonymous()).contentData(data).type(ContentTypeName.pageTemplate()).inheritPermissions(true).parent(ContentPath.from(site`ContentServiceImpl.TEMPLATES_FOLDER_NAME)).build());" is 304.,94
xp,com.enonic.xp.core.impl.content.page,CreatePageTemplateCommand,execute,Long Statement,The length of the statement "return (PageTemplate)pageService.create(new CreatePageParams().content(content.getId()).controller(controller).config(pageConfig).regions(pageRegions));" is 152.,94
xp,com.enonic.xp.core.impl.content.page,GetPageDescriptorsByModulesCommand,getDescriptorsFromModules,Long Statement,The length of the statement "final List<String> componentNames=module.getResourcePaths().stream().map(PATTERN::matcher).filter(Matcher::matches).map((matcher) -> matcher.group(1)).collect(Collectors.toList());" is 180.,44
xp,com.enonic.xp.core.impl.content.page,GetDefaultPageTemplateCommand,execute,Long Statement,The length of the statement "final PageTemplates pageTemplates=new GetPageTemplateBySiteCommand().site(site).contentService(contentService).execute();" is 121.,18
xp,com.enonic.xp.core.impl.content.page,UpdatePageCommand,execute,Long Statement,The length of the statement "final UpdateContentParams params=new UpdateContentParams().contentId(this.params.getContent()).editor(edit -> edit.page=editedPage);" is 132.,32
xp,com.enonic.xp.core.impl.content.page,GetPageTemplateBySiteCommand,execute,Long Statement,The length of the statement "final FindContentByParentResult result=contentService.findByParent(FindContentByParentParams.create().parentPath(pageTemplatesFolderPath).build());" is 147.,19
xp,com.enonic.xp.core.impl.content.page,CreatePageCommand,execute,Long Statement,The length of the statement "final Page page=newPage().controller(this.params.getController()).template(this.params.getPageTemplate()).config(this.params.getConfig()).regions(this.params.getRegions()).build();" is 180.,33
xp,com.enonic.xp.core.impl.content.page,CreatePageCommand,execute,Long Statement,The length of the statement "final UpdateContentParams params=new UpdateContentParams().contentId(this.params.getContent()).modifier(getCurrentUser().getKey()).editor(edit -> edit.page=page);" is 162.,33
xp,com.enonic.xp.core.impl.content.page,PageTemplateServiceImpl,create,Long Statement,The length of the statement "return new CreatePageTemplateCommand().site(params.getSite()).name(params.getName()).displayName(params.getDisplayName()).controller(params.getController()).supports(params.getSupports()).pageRegions(params.getPageRegions()).pageConfig(params.getPageConfig()).contentService(this.contentService).pageService(this.pageService).execute();" is 336.,27
xp,com.enonic.xp.core.impl.content.page,PageTemplateServiceImpl,getDefault,Long Statement,The length of the statement "return new GetDefaultPageTemplateCommand().contentType(params.getContentType()).site(params.getSite()).contentService(this.contentService).execute();" is 149.,51
xp,com.enonic.xp.core.impl.content.page.region,RegionDataSerializerTest,region,Long Statement,The length of the statement "Region region=Region.newRegion().name("main").add(PartComponent.newPartComponent().name("MyPart").descriptor("descriptor-part").config(myPartConfig).build()).add(ImageComponent.newImageComponent().name("MyImage").config(new PropertyTree(propertyIdProvider)).build()).add(LayoutComponent.newLayoutComponent().name("MyOtherPart").descriptor("descriptor-layout").config(new PropertyTree(propertyIdProvider)).build()).build();" is 422.,21
xp,com.enonic.xp.core.impl.content.page.region,DescriptorBasedComponentDataSerializer,applyComponentToData,Long Statement,The length of the statement "asData.ifNotNull().setString("template"`component.getDescriptor() != null ? component.getDescriptor().toString() : null);" is 121.,12
xp,com.enonic.xp.core.impl.content.page.region,ComponentServiceImpl,getByName,Long Statement,The length of the statement "return new GetComponentByNameCommand().partDescriptorService(this.partDescriptorService).layoutDescriptorService(this.layoutDescriptorService).module(module).name(name).execute();" is 179.,20
xp,com.enonic.xp.core.impl.content.page.region,ComponentsDataSerializer,toData,Long Identifier,The length of the field COMPONENT_DATA_SERIALIZER_FACTORY is 33.,19
xp,com.enonic.xp.core.impl.content.page.region,ComponentsDataSerializer,fromData,Long Identifier,The length of the field COMPONENT_DATA_SERIALIZER_FACTORY is 33.,30
xp,com.enonic.xp.core.impl.content.page.layout,LayoutDescriptorServiceImpl_getByModulesTest,getDescriptorsFromMultipleModules,Magic Number,The method contains a magic number: 2,28
xp,com.enonic.xp.core.impl.content.page.part,PartDescriptorServiceImpl_getByModulesTest,getDescriptorsFromMultipleModules,Magic Number,The method contains a magic number: 2,28
xp,com.enonic.xp.web.vhost.impl.config,VirtualHostConfigImplTest,testLoadedConfig_complete,Magic Number,The method contains a magic number: 3,67
xp,com.enonic.xp.web.vhost.impl.config,VirtualHostConfigImplTest,testLoadedConfig_complete,Magic Number,The method contains a magic number: 2,67
xp,com.enonic.xp.web.vhost.impl.config,VirtualHostConfigImplTest,assertMapping,Long Parameter List,The method has 5 parameters. ,100
xp,com.enonic.xp.web.vhost.impl,VirtualHostHandler,VirtualHostHandler,Magic Number,The method contains a magic number: 10,23
xp,com.enonic.xp.portal.impl.script,ScriptServiceImplTest,testExecuteExported_objectArg,Long Statement,The length of the statement "assertEquals("Hello World!"`exports.executeMethod("helloObject"`(MapSerializable)gen -> gen.value("name"`"World")).getValue());" is 127.,36
xp,com.enonic.xp.portal.impl.script,ScriptValueTest,testArray,Magic Number,The method contains a magic number: 2,52
xp,com.enonic.xp.portal.impl.script,ScriptValueTest,testObject,Magic Number,The method contains a magic number: 2,74
xp,com.enonic.xp.portal.impl.script.serializer,ScriptMapGeneratorTest,testObject,Magic Number,The method contains a magic number: 2,16
xp,com.enonic.xp.portal.impl.script.serializer,ScriptMapGeneratorTest,testArray,Magic Number,The method contains a magic number: 2,28
xp,com.enonic.xp.portal.impl.script.serializer,ScriptMapGeneratorTest,testArray,Magic Number,The method contains a magic number: 2,28
xp,com.enonic.wem.api.data,PropertyTreeSpeedTest,creating_tree_with_10_branches_with_width_of_10_and_depth_of_5,Long Statement,The length of the statement "System.out.println("creating_tree_with_10_branches_with_width_of_10_and_depth_of_4_and_10_leaf_nodes: " + stopwatch.toString());" is 128.,48
xp,com.enonic.wem.api.data,PropertyTreeSpeedTest,creating_tree_with_10_branches_with_width_of_10_and_depth_of_5,Magic Number,The method contains a magic number: 10,48
xp,com.enonic.wem.api.data,PropertyTreeSpeedTest,creating_tree_with_10_branches_with_width_of_10_and_depth_of_5,Magic Number,The method contains a magic number: 10,48
xp,com.enonic.wem.api.data,PropertyTreeSpeedTest,creating_tree_with_10_branches_with_width_of_10_and_depth_of_5,Magic Number,The method contains a magic number: 5,48
xp,com.enonic.wem.api.data,PropertyPathTest,equals,Long Statement,The length of the statement "return new Object[]{PropertyPath.from("a.b")`PropertyPath.from("a.b.c.d")`PropertyPath.from("a.b.b")`PropertyPath.from(".a.b.c")};" is 130.,12
xp,com.enonic.wem.api.data,PropertyPathTest,getObjectsThatNotEqualsX,Long Statement,The length of the statement "return new Object[]{PropertyPath.from("a.b")`PropertyPath.from("a.b.c.d")`PropertyPath.from("a.b.b")`PropertyPath.from(".a.b.c")};" is 130.,23
xp,com.enonic.wem.api.data,PropertyPathTest,resetAllIndexesTo,Magic Number,The method contains a magic number: 5,87
xp,com.enonic.wem.api.data,PropertyTreeTest,tostring_propertyArray_of_type__Long,Magic Number,The method contains a magic number: 2L,234
xp,com.enonic.wem.api.data,PropertyTreeTest,tostring_propertyArray_of_type__Long,Magic Number,The method contains a magic number: 3L,234
xp,com.enonic.wem.api.data,PropertyTreeTest,tostring_single_property_of_type_PropertySet,Magic Number,The method contains a magic number: 2L,279
xp,com.enonic.wem.api.data,PropertyTreeTest,tostring_propertyArray_of_type_PropertySet,Magic Number,The method contains a magic number: 2L,300
xp,com.enonic.wem.api.data,PropertyTreeTest,tostring_propertyArray_of_type_PropertySet,Magic Number,The method contains a magic number: 2L,300
xp,com.enonic.wem.api.data,PropertyTreeTest,tostring_PropertySet_within_PropertySet,Magic Number,The method contains a magic number: 2L,329
xp,com.enonic.wem.api.data,PropertyTreeTest,tostring_PropertySet_within_PropertySet,Magic Number,The method contains a magic number: 2L,329
xp,com.enonic.wem.api.data,PropertyTreeTest,tostring_PropertySet_within_PropertySet,Magic Number,The method contains a magic number: 2L,329
xp,com.enonic.wem.api.data,PropertyTreeTest,tostring_PropertySet_within_PropertySet,Magic Number,The method contains a magic number: 3L,329
xp,com.enonic.wem.api.data,PropertyTreeTest,tostring_PropertySet_within_PropertySet,Magic Number,The method contains a magic number: 3L,329
xp,com.enonic.wem.api.data,PropertyTreeTest,tostring_PropertySet_within_PropertySet,Magic Number,The method contains a magic number: 3L,329
xp,com.enonic.wem.api.data,PropertyTreeTest,tostring_PropertySet_within_PropertySet,Magic Number,The method contains a magic number: 4L,329
xp,com.enonic.wem.api.data,PropertyTreeTest,tostring_PropertySet_within_PropertySet,Magic Number,The method contains a magic number: 4L,329
xp,com.enonic.wem.api.data,PropertyTreeTest,tostring_PropertySet_within_PropertySet,Magic Number,The method contains a magic number: 4L,329
xp,com.enonic.wem.api.data,PropertySetJsonTest,deserialize_serialization_of_Property,Long Identifier,The length of the identifier serializationOfDeSerialization is 30.,22
xp,com.enonic.wem.api.data,PropertySetJsonTest,deserialize_serialization_of_DataSet,Long Identifier,The length of the identifier serializationOfDeSerialization is 30.,46
xp,com.enonic.wem.api.data,PropertySetJsonTest,deserialize_serialization_of_DataSet,Magic Number,The method contains a magic number: 1.1,46
xp,com.enonic.wem.api.data,PropertySetJsonTest,deserialize_serialization_of_DataSet,Magic Number,The method contains a magic number: 2012,46
xp,com.enonic.wem.api.data,PropertySetJsonTest,deserialize_serialization_of_DataSet,Magic Number,The method contains a magic number: 12,46
xp,com.enonic.wem.api.data,PropertySetJsonTest,deserialize_serialization_of_DataSet,Magic Number,The method contains a magic number: 12,46
xp,com.enonic.wem.api.data,PropertySetTest,countAncestors,Magic Number,The method contains a magic number: 2,42
xp,com.enonic.wem.api.data,PropertySetTest,addLongs,Magic Number,The method contains a magic number: 2L,55
xp,com.enonic.wem.api.data,PropertySetTest,addLongs,Magic Number,The method contains a magic number: 3L,55
xp,com.enonic.wem.api.data,PropertySetTest,addLongs,Magic Number,The method contains a magic number: 2L,55
xp,com.enonic.wem.api.data,PropertySetTest,addLongs,Magic Number,The method contains a magic number: 3L,55
xp,com.enonic.wem.api.data,PropertySetTest,addLongs,Magic Number,The method contains a magic number: 2,55
xp,com.enonic.wem.api.data,PropertySetTest,removeProperties,Magic Number,The method contains a magic number: 2L,66
xp,com.enonic.wem.api.data,PropertySetTest,removeProperties,Magic Number,The method contains a magic number: 3L,66
xp,com.enonic.wem.api.data,PropertySetTest,when_copy_then_values_within_copied_set_equals,Long Statement,The length of the statement "assertEquals(sourceTree.getProperty("setSource.a[0]").getValue()`destinationTree.getProperty("setCopy.a[0]").getValue());" is 121.,109
xp,com.enonic.wem.api.data,PropertySetTest,when_copy_then_values_within_copied_set_equals,Long Statement,The length of the statement "assertEquals(sourceTree.getProperty("setSource.a[1]").getValue()`destinationTree.getProperty("setCopy.a[1]").getValue());" is 121.,109
xp,com.enonic.wem.api.data,PropertyTreeJsonTest,createPropertyTree_with_all_types,Magic Number,The method contains a magic number: 1.1,30
xp,com.enonic.wem.api.data,PropertyTreeJsonTest,createPropertyTree_with_all_types,Magic Number,The method contains a magic number: 2006,30
xp,com.enonic.wem.api.data,PropertyTreeJsonTest,createPropertyTree_with_all_types,Magic Number,The method contains a magic number: 8,30
xp,com.enonic.wem.api.data,PropertyTreeJsonTest,createPropertyTree_with_all_types,Magic Number,The method contains a magic number: 2006,30
xp,com.enonic.wem.api.data,PropertyTreeJsonTest,createPropertyTree_with_all_types,Magic Number,The method contains a magic number: 8,30
xp,com.enonic.wem.api.data,PropertyTreeJsonTest,createPropertyTree_with_all_types,Magic Number,The method contains a magic number: 12,30
xp,com.enonic.wem.api.data,PropertyTreeJsonTest,createPropertyTree_with_all_types,Magic Number,The method contains a magic number: 12,30
xp,com.enonic.wem.api.data,PropertyTreeJsonTest,createPropertyTree_with_all_types,Magic Number,The method contains a magic number: 2L,30
xp,com.enonic.wem.api.data,PropertyTreeJsonTest,createPropertyTree_with_all_types,Magic Number,The method contains a magic number: 1.1,30
xp,com.enonic.wem.api.data,PropertyTreeJsonTest,createPropertyTree_with_all_types,Magic Number,The method contains a magic number: 1.2,30
xp,com.enonic.wem.api.data,PropertyTreeJsonTest,createPropertyTree_with_all_types,Magic Number,The method contains a magic number: 2006,30
xp,com.enonic.wem.api.data,PropertyTreeJsonTest,createPropertyTree_with_all_types,Magic Number,The method contains a magic number: 8,30
xp,com.enonic.wem.api.data,PropertyTreeJsonTest,createPropertyTree_with_all_types,Magic Number,The method contains a magic number: 2015,30
xp,com.enonic.wem.api.data,PropertyTreeJsonTest,createPropertyTree_with_all_types,Magic Number,The method contains a magic number: 31,30
xp,com.enonic.wem.api.data,PropertyTreeJsonTest,createPropertyTree_with_all_types,Magic Number,The method contains a magic number: 2006,30
xp,com.enonic.wem.api.data,PropertyTreeJsonTest,createPropertyTree_with_all_types,Magic Number,The method contains a magic number: 8,30
xp,com.enonic.wem.api.data,PropertyTreeJsonTest,createPropertyTree_with_all_types,Magic Number,The method contains a magic number: 12,30
xp,com.enonic.wem.api.data,PropertyTreeJsonTest,createPropertyTree_with_all_types,Magic Number,The method contains a magic number: 2015,30
xp,com.enonic.wem.api.data,PropertyTreeJsonTest,createPropertyTree_with_all_types,Magic Number,The method contains a magic number: 31,30
xp,com.enonic.wem.api.data,PropertyTreeJsonTest,createPropertyTree_with_all_types,Magic Number,The method contains a magic number: 12,30
xp,com.enonic.wem.api.data,PropertyTreeJsonTest,createPropertyTree_with_all_types,Magic Number,The method contains a magic number: 2L,30
xp,com.enonic.wem.api.data,PropertyTreeJsonTest,createPropertyTree_with_all_types,Magic Number,The method contains a magic number: 2L,30
xp,com.enonic.wem.api.data,PropertyTreeJsonTest,serialization_equals_serialization_of_deserialization,Long Identifier,The length of the identifier serializationOfDeSerialization is 30.,79
xp,com.enonic.wem.api.data,PropertyTreeJsonTest,serialization_equals_serialization_of_deserialization_nullSet,Long Identifier,The length of the identifier serializationOfDeSerialization is 30.,102
xp,com.enonic.wem.api.data,PropertyTreeJsonTest,deserialized_from_serialized,Magic Number,The method contains a magic number: 1.1,142
xp,com.enonic.wem.api.data,PropertyTreeJsonTest,deserialized_from_serialized,Magic Number,The method contains a magic number: 2006,142
xp,com.enonic.wem.api.data,PropertyTreeJsonTest,deserialized_from_serialized,Magic Number,The method contains a magic number: 8,142
xp,com.enonic.wem.api.data,PropertyTreeJsonTest,deserialized_from_serialized,Magic Number,The method contains a magic number: 2006,142
xp,com.enonic.wem.api.data,PropertyTreeJsonTest,deserialized_from_serialized,Magic Number,The method contains a magic number: 8,142
xp,com.enonic.wem.api.data,PropertyTreeJsonTest,deserialized_from_serialized,Magic Number,The method contains a magic number: 12,142
xp,com.enonic.wem.api.data,UsageTest,setting_property,Magic Number,The method contains a magic number: 2,11
xp,com.enonic.wem.api.data,UsageTest,setting_property,Magic Number,The method contains a magic number: 4,11
xp,com.enonic.wem.api.data,UsageTest,adding_property,Magic Number,The method contains a magic number: 2,24
xp,com.enonic.wem.api.data,ValueTest,tostring,Magic Number,The method contains a magic number: 1.1,15
xp,com.enonic.wem.api.data,ValueTest,tostring,Magic Number,The method contains a magic number: 2012,15
xp,com.enonic.wem.api.data,ValueTest,tostring,Magic Number,The method contains a magic number: 2012,15
xp,com.enonic.wem.api.data,ValueTest,tostring,Magic Number,The method contains a magic number: 12,15
xp,com.enonic.wem.api.data,PropertyTest,equals,Long Statement,The length of the statement "return new Object[]{tree.addString("myString"`"otherValue")`tree.addString("otherString"`"myValue")`tree.addHtmlPart("otherType"`"myValue")};" is 141.,12
xp,com.enonic.wem.api.data,PropertyTest,getObjectsThatNotEqualsX,Long Statement,The length of the statement "return new Object[]{tree.addString("myString"`"otherValue")`tree.addString("otherString"`"myValue")`tree.addHtmlPart("otherType"`"myValue")};" is 141.,24
xp,com.enonic.wem.api.data,PropertyTest,countAncestors,Magic Number,The method contains a magic number: 2,49
xp,com.enonic.wem.api.data,PropertyTest,countAncestors,Magic Number,The method contains a magic number: 3,49
xp,com.enonic.wem.api.data,PropertyTest,property_copy,Long Statement,The length of the statement "assertSame(sourceTree.getProperty("outerSet.innerSet").getId()`destinationTree.getProperty("destiSet.innerSet").getId());" is 121.,70
xp,com.enonic.wem.api.data,PropertyTest,property_copy,Long Statement,The length of the statement "assertSame(sourceTree.getProperty("outerSet.innerSet.myString").getId()`destinationTree.getProperty("destiSet.innerSet.myString").getId());" is 139.,70
xp,com.enonic.wem.api.data,PropertyVisitorTest,traverse_visitPropertiesWithSet,Magic Number,The method contains a magic number: 3,16
xp,com.enonic.wem.api.data,PropertyVisitorTest,traverse_visitPropertiesWithSet,Magic Number,The method contains a magic number: 2,16
xp,com.enonic.wem.api.data,PropertyVisitorTest,traverse,Magic Number,The method contains a magic number: 4,46
xp,com.enonic.wem.api.data,PropertyVisitorTest,traverse,Magic Number,The method contains a magic number: 2,46
xp,com.enonic.wem.api.data,PropertyVisitorTest,traverse,Magic Number,The method contains a magic number: 3,46
xp,com.enonic.wem.api.data,PropertyVisitorTest,traverse_with_restriction_on_ValueType,Magic Number,The method contains a magic number: 2,79
xp,com.enonic.wem.api.data,PropertyVisitorTest,traverse_with_restriction_on_ValueType_Reference,Magic Number,The method contains a magic number: 2,111
xp,com.enonic.wem.api.data,PropertyVisitorTest,traverse_with_restriction_on_ValueType_Link,Magic Number,The method contains a magic number: 2,146
xp,com.enonic.wem.api.data,PropertyVisitor,traverse,Long Identifier,The length of the identifier propertyWithSetRestrictionSatisfied is 35.,27
xp,com.enonic.wem.api.data,PropertyVisitor,traverse,Long Statement,The length of the statement "final boolean propertyWithSetRestrictionSatisfied=visitPropertiesWithSet || !property.getType().equals(ValueTypes.PROPERTY_SET);" is 128.,27
xp,com.enonic.wem.api.data,PropertyTree,registerProperty,Long Statement,The length of the statement "throw new IllegalStateException("Duplicate Property id detected [" + property.getId() + "]! Existing Property \""+ previous.getPath()+ "\"` new Property: \""+ property.getPath()+ "\"");" is 185.,320
xp,com.enonic.wem.api.data,Property,Property,Long Parameter List,The method has 5 parameters. ,31
xp,com.enonic.wem.api.data,Property,equals,Long Statement,The length of the statement "return Objects.equals(index`property.index) && Objects.equals(name`property.name) && Objects.equals(value`property.value);" is 122.,235
xp,com.enonic.wem.api.data,PropertyPath,startsWith,Complex Conditional,The conditional expression last && !otherElement.hasIndex() && !otherElement.getName().equals(thisElement.getName()) is complex.,167
xp,com.enonic.wem.api.data,PropertyPath,startsWith,Complex Conditional,The conditional expression (!last || otherElement.hasIndex()) && !otherElement.equals(thisElement) is complex.,167
xp,com.enonic.wem.api.data,PropertyPath,hashCode,Magic Number,The method contains a magic number: 31,397
xp,com.enonic.wem.api.data,Element,hashCode,Magic Number,The method contains a magic number: 31,397
xp,com.enonic.wem.api.data,JavaTypeConverters,convertToLocalTime,Long Statement,The length of the statement "return LocalTime.of(((LocalDateTime)value).getHour()`((LocalDateTime)value).getMinute()`((LocalDateTime)value).getSecond());" is 124.,222
xp,com.enonic.wem.api.data,JavaTypeConverters,convertToLocalDate,Long Statement,The length of the statement "return LocalDate.of(((LocalDateTime)value).getYear()`((LocalDateTime)value).getMonth()`((LocalDateTime)value).getDayOfMonth());" is 127.,281
xp,com.enonic.wem.api.data,PropertyArray,toString,Complex Method,Cyclomatic complexity of the method is 8,90
xp,com.enonic.wem.api.data,PropertyArray,toString,Long Statement,The length of the statement "final boolean parentIsPropertySet=parent.getProperty() != null && parent.getProperty().getType().equals(ValueTypes.PROPERTY_SET);" is 129.,90
xp,com.enonic.wem.api.data,PropertyArray,toString,Magic Number,The method contains a magic number: 2,90
xp,com.enonic.wem.api.data,PropertyArray,checkType,Long Statement,The length of the statement "throw new IllegalArgumentException("This PropertyArray expects only properties with value of type '" + this.valueType + "'` got: "+ valueType);" is 143.,275
xp,com.enonic.wem.api.data,PropertySet,toMap,Magic Number,The method contains a magic number: 2,64
xp,com.enonic.wem.api.data,PropertySet,countAncestors,Long Statement,The length of the statement "throw new UnsupportedOperationException("The PropertySet must be attached to a Property before this method can be invoked");" is 124.,172
xp,com.enonic.wem.api.data,PropertySet,newSet,Long Statement,The length of the statement "throw new IllegalStateException("The PropertySet must be attached to a PropertyTree before this method can be invoked. Use PropertySet constructor with no arguments instead.");" is 176.,196
xp,com.enonic.wem.api.data,PropertySet,setPropertyTree,Long Statement,The length of the statement "throw new IllegalArgumentException("PropertySet already belongs to a ValueTree. Detach it from existing PropertyTree before adding it to another: " + this.tree);" is 161.,210
xp,com.enonic.wem.api.data,Value,Value,Long Statement,The length of the statement "Preconditions.checkArgument(type.getJavaType().isInstance(value)`"value is of wrong class` expected [" + type.getJavaType().getName() + "]` got: "+ value.getClass().getName());" is 176.,16
xp,com.enonic.wem.api.resource,ResourceTest,testGetResource,Magic Number,The method contains a magic number: 7,44
xp,com.enonic.wem.api.resource,ResourceKeyTest,fromUri,Long Parameter List,The method has 7 parameters. ,22
xp,com.enonic.wem.api.resource,ResourceKeyTest,fromModuleAndPath,Long Parameter List,The method has 5 parameters. ,49
xp,com.enonic.wem.api.resource,ResourceProblemExceptionTest,testSimple,Magic Number,The method contains a magic number: 10,9
xp,com.enonic.wem.api.resource,ResourceProblemExceptionTest,testSimple,Magic Number,The method contains a magic number: 10,9
xp,com.enonic.wem.api.resource,ResourceProblemExceptionTest,testCallStack,Magic Number,The method contains a magic number: 2,50
xp,com.enonic.wem.api.resource,ResourceProblemExceptionTest,testCallStack,Magic Number,The method contains a magic number: 2,50
xp,com.enonic.wem.api.schema.mixin,MixinTest,adding_a_formItemSetMixin_to_another_formItemSetMixin_throws_exception,Long Statement,The length of the statement "Mixin ageMixin=newMixin().name("mymodule:age").addFormItem(newInput().name("age").inputType(InputTypes.TEXT_LINE).build()).build();" is 131.,17
xp,com.enonic.wem.api.schema.mixin,MixinTest,adding_a_formItemSetMixin_to_another_formItemSetMixin_throws_exception,Long Statement,The length of the statement "final FormItemSet personFormItemSet=newFormItemSet().name("person").addFormItem(newInput().name("name").inputType(InputTypes.TEXT_LINE).build()).addFormItem(newInlineMixin(ageMixin).build()).build();" is 199.,17
xp,com.enonic.wem.api.schema.mixin,MixinTest,adding_a_formItemSetMixin_to_another_formItemSetMixin_throws_exception,Long Statement,The length of the statement "Mixin addressMixin=newMixin().name("mymodule:address").addFormItem(newFormItemSet().name("address").addFormItem(newInput().inputType(InputTypes.TEXT_LINE).name("street").build()).addFormItem(newInput().inputType(InputTypes.TEXT_LINE).name("postalCode").build()).addFormItem(newInput().inputType(InputTypes.TEXT_LINE).name("postalPlace").build()).build()).build();" is 363.,17
xp,com.enonic.wem.api.schema.relationship,RelationshipType,equals,Long Statement,The length of the statement "return Objects.equal(this.getName()`that.getName()) && Objects.equal(this.getDisplayName()`that.getDisplayName()) && Objects.equal(this.getDescription()`that.getDescription())&& Objects.equal(this.fromSemantic`that.fromSemantic)&& Objects.equal(this.toSemantic`that.toSemantic)&& Objects.equal(this.allowedFromTypes`that.allowedFromTypes)&& Objects.equal(this.allowedToTypes`that.allowedToTypes);" is 396.,54
xp,com.enonic.wem.api.schema.relationship,RelationshipType,hashCode,Long Statement,The length of the statement "return Objects.hashCode(getName()`getDisplayName()`getDescription()`fromSemantic`toSemantic`allowedFromTypes`allowedToTypes);" is 125.,76
xp,com.enonic.wem.api.schema.content,ContentTypeTest,layout,Long Statement,The length of the statement "FieldSet layout=FieldSet.newFieldSet().label("Personalia").name("personalia").addFormItem(newInput().name("eyeColour").inputType(InputTypes.TEXT_LINE).build()).build();" is 168.,18
xp,com.enonic.wem.api.schema.content,ContentTypeTest,layout_inside_formItemSet,Long Statement,The length of the statement "FieldSet layout=FieldSet.newFieldSet().label("Personalia").name("personalia").addFormItem(newInput().name("eyeColour").inputType(InputTypes.TEXT_LINE).build()).build();" is 168.,33
xp,com.enonic.wem.api.schema.content,ContentTypeTest,address,Long Statement,The length of the statement "ContentType contentType=newContentType().superType(ContentTypeName.structured()).name("mymodule:test").addFormItem(newInput().name("title").inputType(InputTypes.TEXT_LINE).build()).addFormItem(formItemSet).build();" is 214.,50
xp,com.enonic.wem.api.schema.content,ContentTypeTest,formItemSet_in_formItemSet,Long Statement,The length of the statement "FormItemSet formItemSet=newFormItemSet().name("top-set").addFormItem(newInput().name("myInput").inputType(InputTypes.TEXT_LINE).build()).addFormItem(newFormItemSet().name("inner-set").addFormItem(newInput().name("myInnerInput").inputType(InputTypes.TEXT_LINE).build()).build()).build();" is 286.,73
xp,com.enonic.wem.api.schema.content,ContentTypeTest,formItemSet_in_formItemSet,Long Statement,The length of the statement "ContentType contentType=newContentType().superType(ContentTypeName.structured()).name("mymodule:test").addFormItem(formItemSet).build();" is 136.,73
xp,com.enonic.wem.api.schema.content,ContentTypeTest,formItemSet_in_formItemSet,Long Statement,The length of the statement "assertEquals("top-set.inner-set.myInnerInput"`contentType.form().getInput("top-set.inner-set.myInnerInput").getPath().toString());" is 130.,73
xp,com.enonic.wem.api.schema.content,ContentTypeName,isDescendantOfMedia,Long Statement,The length of the statement "return MEDIA_ARCHIVE.equals(this) || MEDIA_AUDIO.equals(this) || MEDIA_VIDEO.equals(this)|| MEDIA_CODE.equals(this)|| MEDIA_DATA.equals(this)|| MEDIA_DOCUMENT.equals(this)|| MEDIA_EXECUTABLE.equals(this)|| MEDIA_IMAGE.equals(this)|| MEDIA_SPREADSHEET.equals(this)|| MEDIA_PRESENTATION.equals(this)|| MEDIA_VECTOR.equals(this)|| MEDIA_TEXT.equals(this)|| MEDIA_UNKNOWN.equals(this);" is 381.,214
xp,com.enonic.wem.api.schema.content,GetContentTypeParams,hashCode,Magic Number,The method contains a magic number: 31,75
xp,com.enonic.wem.api.schema.content.validator,OccurrenceValidatorTest,given_input_with_maxOccur1_with_two_data_when_validate_then_MaximumOccurrencesValidationError,Long Statement,The length of the statement "contentType.form().addFormItem(newInput().name("myInput").inputType(InputTypes.TEXT_LINE).maximumOccurrences(1).build());" is 121.,40
xp,com.enonic.wem.api.schema.content.validator,OccurrenceValidatorTest,given_input_with_maxOccur1_with_two_data_when_validate_then_MaximumOccurrencesValidationError,Long Statement,The length of the statement "DataValidationErrors validationResults=new OccurrenceValidator(contentType.form()).validate(content.getData().getRoot());" is 121.,40
xp,com.enonic.wem.api.schema.content.validator,OccurrenceValidatorTest,given_input_with_maxOccur2_with_three_data_when_validate_then_MaximumOccurrencesValidationError,Long Statement,The length of the statement "contentType.form().addFormItem(newInput().name("myInput").inputType(InputTypes.TEXT_LINE).maximumOccurrences(2).build());" is 121.,55
xp,com.enonic.wem.api.schema.content.validator,OccurrenceValidatorTest,given_input_with_maxOccur2_with_three_data_when_validate_then_MaximumOccurrencesValidationError,Long Statement,The length of the statement "DataValidationErrors validationResults=new OccurrenceValidator(contentType.form()).validate(content.getData().getRoot());" is 121.,55
xp,com.enonic.wem.api.schema.content.validator,OccurrenceValidatorTest,given_input_with_maxOccur2_with_three_data_when_validate_then_MaximumOccurrencesValidationError,Magic Number,The method contains a magic number: 2,55
xp,com.enonic.wem.api.schema.content.validator,OccurrenceValidatorTest,given_required_input_with_data_when_validate_then_hasErrors_returns_false,Long Statement,The length of the statement "DataValidationErrors validationResults=new OccurrenceValidator(contentType.form()).validate(content.getData().getRoot());" is 121.,71
xp,com.enonic.wem.api.schema.content.validator,OccurrenceValidatorTest,given_required_input_with_no_data_when_validate_then_hasErrors_returns_true,Long Statement,The length of the statement "DataValidationErrors validationResults=new OccurrenceValidator(contentType.form()).validate(content.getData().getRoot());" is 121.,83
xp,com.enonic.wem.api.schema.content.validator,OccurrenceValidatorTest,given_input_with_minOccur1_with_one_data_with_blank_value_when_validate_then_hasErrors_returns_true,Long Statement,The length of the statement "contentType.form().addFormItem(newInput().name("myInput").inputType(InputTypes.TEXT_LINE).minimumOccurrences(1).build());" is 121.,94
xp,com.enonic.wem.api.schema.content.validator,OccurrenceValidatorTest,given_input_with_minOccur1_with_one_data_with_blank_value_when_validate_then_hasErrors_returns_true,Long Statement,The length of the statement "DataValidationErrors validationResults=new OccurrenceValidator(contentType.form()).validate(content.getData().getRoot());" is 121.,94
xp,com.enonic.wem.api.schema.content.validator,OccurrenceValidatorTest,given_input_with_minOccur1_with_one_data_with_blank_value_when_validate_then_hasErrors_returns_true,Long Statement,The length of the statement "assertEquals("Missing required value for input [myInput] of type [TextLine]: "`validationResults.getFirst().getErrorMessage());" is 127.,94
xp,com.enonic.wem.api.schema.content.validator,OccurrenceValidatorTest,given_input_with_minOccur2_with_one_data_when_validate_then_MinimumOccurrencesValidationError,Long Statement,The length of the statement "contentType.form().addFormItem(newInput().name("myInput").inputType(InputTypes.TEXT_LINE).minimumOccurrences(2).build());" is 121.,107
xp,com.enonic.wem.api.schema.content.validator,OccurrenceValidatorTest,given_input_with_minOccur2_with_one_data_when_validate_then_MinimumOccurrencesValidationError,Long Statement,The length of the statement "DataValidationErrors validationResults=new OccurrenceValidator(contentType.form()).validate(content.getData().getRoot());" is 121.,107
xp,com.enonic.wem.api.schema.content.validator,OccurrenceValidatorTest,given_input_with_minOccur2_with_one_data_when_validate_then_MinimumOccurrencesValidationError,Magic Number,The method contains a magic number: 2,107
xp,com.enonic.wem.api.schema.content.validator,OccurrenceValidatorTest,given_input_with_minOccur3_with_two_data_when_validate_then_MinimumOccurrencesValidationError,Long Statement,The length of the statement "contentType.form().addFormItem(newInput().name("myInput").inputType(InputTypes.TEXT_LINE).minimumOccurrences(3).build());" is 121.,121
xp,com.enonic.wem.api.schema.content.validator,OccurrenceValidatorTest,given_input_with_minOccur3_with_two_data_when_validate_then_MinimumOccurrencesValidationError,Long Statement,The length of the statement "DataValidationErrors validationResults=new OccurrenceValidator(contentType.form()).validate(content.getData().getRoot());" is 121.,121
xp,com.enonic.wem.api.schema.content.validator,OccurrenceValidatorTest,given_input_with_minOccur3_with_two_data_when_validate_then_MinimumOccurrencesValidationError,Magic Number,The method contains a magic number: 3,121
xp,com.enonic.wem.api.schema.content.validator,OccurrenceValidatorTest,given_input_with_minOccur2_with_two_data_but_one_is_emty_string_when_validate_then_MissingRequiredValueValidationError,Long Statement,The length of the statement "contentType.form().addFormItem(newInput().name("myInput").inputType(InputTypes.TEXT_LINE).minimumOccurrences(2).build());" is 121.,136
xp,com.enonic.wem.api.schema.content.validator,OccurrenceValidatorTest,given_input_with_minOccur2_with_two_data_but_one_is_emty_string_when_validate_then_MissingRequiredValueValidationError,Long Statement,The length of the statement "DataValidationErrors validationResults=new OccurrenceValidator(contentType.form()).validate(content.getData().getRoot());" is 121.,136
xp,com.enonic.wem.api.schema.content.validator,OccurrenceValidatorTest,given_input_with_minOccur2_with_two_data_but_one_is_emty_string_when_validate_then_MissingRequiredValueValidationError,Long Statement,The length of the statement "assertEquals("Missing required value for input [myInput] of type [TextLine]: "`validationResults.getFirst().getErrorMessage());" is 127.,136
xp,com.enonic.wem.api.schema.content.validator,OccurrenceValidatorTest,given_input_with_minOccur2_with_two_data_but_one_is_emty_string_when_validate_then_MissingRequiredValueValidationError,Magic Number,The method contains a magic number: 2,136
xp,com.enonic.wem.api.schema.content.validator,OccurrenceValidatorTest,given_required_field_with_no_data_within_layout_when_validate_then_MinimumOccurrencesValidationError,Long Statement,The length of the statement "contentType.form().addFormItem(newFieldSet().label("My layout").name("myLayout").addFormItem(newInput().name("myField").inputType(InputTypes.TEXT_LINE).required(true).build()).build());" is 185.,151
xp,com.enonic.wem.api.schema.content.validator,OccurrenceValidatorTest,given_required_field_with_no_data_within_layout_when_validate_then_MinimumOccurrencesValidationError,Long Statement,The length of the statement "DataValidationErrors validationResults=new OccurrenceValidator(contentType.form()).validate(content.getData().getRoot());" is 121.,151
xp,com.enonic.wem.api.schema.content.validator,OccurrenceValidatorTest,given_required_input_with_no_data_within_layout_within_layout_when_validate_then_MinimumOccurrencesValidationError,Long Statement,The length of the statement "contentType.form().addFormItem(newFieldSet().label("My outer layout").name("myOuterlayout").addFormItem(newFieldSet().label("My Layout").name("myLayout").addFormItem(newInput().name("myInput").inputType(InputTypes.TEXT_LINE).required(true).build()).build()).build());" is 267.,165
xp,com.enonic.wem.api.schema.content.validator,OccurrenceValidatorTest,given_required_input_with_no_data_within_layout_within_layout_when_validate_then_MinimumOccurrencesValidationError,Long Statement,The length of the statement "DataValidationErrors validationResults=new OccurrenceValidator(contentType.form()).validate(content.getData().getRoot());" is 121.,165
xp,com.enonic.wem.api.schema.content.validator,OccurrenceValidatorTest,given_required_field_with_empty_string_within_set_within_layout_when_validate_then_MissingRequiredValueValidationError,Long Statement,The length of the statement "DataValidationErrors validationResults=new OccurrenceValidator(contentType.form()).validate(content.getData().getRoot());" is 121.,179
xp,com.enonic.wem.api.schema.content.validator,OccurrenceValidatorTest,given_required_input_with_empty_string_within_set_when_validate_then_MissingRequiredValueValidationError,Long Statement,The length of the statement "DataValidationErrors validationResults=new OccurrenceValidator(contentType.form()).validate(content.getData().getRoot());" is 121.,195
xp,com.enonic.wem.api.schema.content.validator,OccurrenceValidatorTest,given_required_field_with_empty_string_within_layout_within_a_set_when_validate_then_MissingRequiredValueValidationError,Long Statement,The length of the statement "DataValidationErrors validationResults=new OccurrenceValidator(contentType.form()).validate(content.getData().getRoot());" is 121.,210
xp,com.enonic.wem.api.schema.content.validator,OccurrenceValidatorTest,given_required_set_with_data_when_validate_then_hasErrors_returns_false,Long Statement,The length of the statement "contentType.form().addFormItem(newFormItemSet().name("mySet").required(true).addFormItem(newInput().name("myInput").inputType(InputTypes.TEXT_LINE).build()).build());" is 166.,229
xp,com.enonic.wem.api.schema.content.validator,OccurrenceValidatorTest,given_required_set_with_data_when_validate_then_hasErrors_returns_false,Long Statement,The length of the statement "DataValidationErrors validationResults=new OccurrenceValidator(contentType.form()).validate(content.getData().getRoot());" is 121.,229
xp,com.enonic.wem.api.schema.content.validator,OccurrenceValidatorTest,given_required_set_with_no_data_when_validate_then_MinimumOccurrencesValidationError,Long Statement,The length of the statement "contentType.form().addFormItem(newFormItemSet().name("mySet").required(true).addFormItem(newInput().name("myInput").inputType(InputTypes.TEXT_LINE).build()).build());" is 166.,242
xp,com.enonic.wem.api.schema.content.validator,OccurrenceValidatorTest,given_required_set_with_no_data_when_validate_then_MinimumOccurrencesValidationError,Long Statement,The length of the statement "DataValidationErrors validationResults=new OccurrenceValidator(contentType.form()).validate(content.getData().getRoot());" is 121.,242
xp,com.enonic.wem.api.schema.content.validator,OccurrenceValidatorTest,given_required_set_with_no_data_within_layout_when_validate_then_MinimumOccurrencesValidationError,Long Statement,The length of the statement "contentType.form().addFormItem(newFieldSet().label("My layout").name("myLayout").addFormItem(newFormItemSet().name("mySet").required(true).addFormItem(newInput().name("myInput").inputType(InputTypes.TEXT_LINE).build()).build()).build());" is 237.,256
xp,com.enonic.wem.api.schema.content.validator,OccurrenceValidatorTest,given_required_set_with_no_data_within_layout_when_validate_then_MinimumOccurrencesValidationError,Long Statement,The length of the statement "DataValidationErrors validationResults=new OccurrenceValidator(contentType.form()).validate(content.getData().getRoot());" is 121.,256
xp,com.enonic.wem.api.schema.content.validator,OccurrenceValidatorTest,given_required_input_at_top_and_inside_formItemSet_and_formItemSet_have_other_unrequired_data_when_validate_then_two_errors_are_found,Long Statement,The length of the statement "contentType.form().addFormItem(newInput().name("myOtherRequiredInput").inputType(InputTypes.TEXT_LINE).required(true).build());" is 127.,270
xp,com.enonic.wem.api.schema.content.validator,OccurrenceValidatorTest,given_required_input_at_top_and_inside_formItemSet_and_formItemSet_have_other_unrequired_data_when_validate_then_two_errors_are_found,Long Statement,The length of the statement "DataValidationErrors validationResults=new OccurrenceValidator(contentType.form()).validate(content.getData().getRoot());" is 121.,270
xp,com.enonic.wem.api.schema.content.validator,OccurrenceValidatorTest,given_required_input_at_top_and_inside_formItemSet_and_formItemSet_have_other_unrequired_data_when_validate_then_two_errors_are_found,Long Statement,The length of the statement "assertEquals("Input [mySet.myRequiredInput] requires minimum 1 occurrence: 0"`nextDataValidationError.getErrorMessage());" is 121.,270
xp,com.enonic.wem.api.schema.content.validator,OccurrenceValidatorTest,given_required_input_at_top_and_inside_formItemSet_and_formItemSet_have_other_unrequired_data_when_validate_then_two_errors_are_found,Magic Number,The method contains a magic number: 2,270
xp,com.enonic.wem.api.schema.content.validator,OccurrenceValidatorTest,data_for_input_is_not_required_if_parent_data_set_does_not_exist,Long Statement,The length of the statement "DataValidationErrors validationResults=new OccurrenceValidator(contentType.form()).validate(content.getData().getRoot());" is 121.,300
xp,com.enonic.wem.api.schema.content.validator,OccurrenceValidatorTest,todo_required_data_not_given_in_second_instance_of_unrequired_set,Long Statement,The length of the statement "DataValidationErrors validationResults=new OccurrenceValidator(contentType.form()).validate(content.getData().getRoot());" is 121.,315
xp,com.enonic.wem.api.schema.content.validator,OccurrenceValidatorTest,given_required_set_with_no_data_and_other_set_with_data_when_validate_then_MinimumOccurrencesValidationError,Long Statement,The length of the statement "DataValidationErrors validationResults=new OccurrenceValidator(contentType.form()).validate(content.getData().getRoot());" is 121.,331
xp,com.enonic.wem.api.schema.content.validator,OccurrenceValidatorTest,given_required_set_with_no_data_and_other_set_with_data_when_validate_then_MinimumOccurrencesValidationError,Long Statement,The length of the statement "assertEquals("FormItemSet [personalia] requires minimum 1 occurrence: 0"`validationResults.getFirst().getErrorMessage());" is 121.,331
xp,com.enonic.wem.api.schema.content.validator,ContentTypeSuperTypeValidator,validate,Long Statement,The length of the statement "registerError(new ContentTypeValidationError("Cannot inherit from a final ContentType: " + superType.getName()`contentTypeName));" is 129.,21
xp,com.enonic.wem.api.schema.content.validator,MaximumOccurrencesValidationError,MaximumOccurrencesValidationError,Long Statement,The length of the statement "super(set.getPath()`"FormItemSet [{0}] allows maximum {1`choice`1#1 occurrence|1<{1} occurrences}: {2}"`set.getPath()`set.getOccurrences().getMaximum()`size);" is 158.,9
xp,com.enonic.wem.api.schema.content.validator,MaximumOccurrencesValidationError,MaximumOccurrencesValidationError,Long Statement,The length of the statement "super(input.getPath()`"Input [{0}] allows maximum {1`choice`1#1 occurrence|1<{1} occurrences}: {2}"`input.getPath()`input.getOccurrences().getMaximum()`size);" is 158.,15
xp,com.enonic.wem.api.schema.content.validator,MissingRequiredValueValidationError,MissingRequiredValueValidationError,Long Statement,The length of the statement "super(input.getPath()`"Missing required value for input [{0}] of type [{1}]: {2}"`input.getPath()`input.getInputType()`property.getObject());" is 141.,9
xp,com.enonic.wem.api.schema.content.validator,MinimumOccurrencesValidationError,MinimumOccurrencesValidationError,Long Statement,The length of the statement "super(input.getPath()`"Input [{0}] requires minimum {1`choice`1#1 occurrence|1<{1} occurrences}: {2}"`input.getPath()`input.getOccurrences().getMinimum()`entryCount);" is 166.,9
xp,com.enonic.wem.api.schema.content.validator,MinimumOccurrencesValidationError,MinimumOccurrencesValidationError,Long Statement,The length of the statement "super(formItemSet.getPath()`"FormItemSet [{0}] requires minimum {1`choice`1#1 occurrence|1<{1} occurrences}: {2}"`formItemSet`formItemSet.getOccurrences().getMinimum()`entryCount);" is 180.,15
xp,com.enonic.wem.api.index,PatternBasedIndexConfigDocumentOldShitTest,test_best_matching_pattern_used,Long Statement,The length of the statement "final PatternIndexConfigDocument config=PatternIndexConfigDocument.create().add(PropertyPath.from("data")`IndexConfig.BY_TYPE).add(PropertyPath.from("data.secret.show")`IndexConfig.FULLTEXT).add(PropertyPath.from("data.secret")`IndexConfig.NONE).add(PropertyPath.from("displayName")`IndexConfig.FULLTEXT).add(PropertyPath.from("creator")`IndexConfig.MINIMAL).defaultConfig(IndexConfig.MINIMAL).build();" is 402.,11
xp,com.enonic.wem.api.index,ChildOrderTest,manual_order_asc,Long Statement,The length of the statement "assertTrue(ChildOrder.create().add(FieldOrderExpr.create(NodeIndexPath.MANUAL_ORDER_VALUE`OrderExpr.Direction.ASC)).build().isManualOrder());" is 141.,14
xp,com.enonic.wem.api.index,ChildOrderTest,manual_order_desc,Long Statement,The length of the statement "assertTrue(ChildOrder.create().add(FieldOrderExpr.create(NodeIndexPath.MANUAL_ORDER_VALUE`OrderExpr.Direction.DESC)).build().isManualOrder());" is 142.,27
xp,com.enonic.wem.api.index,ChildOrderTest,manual_order_ignorecase,Long Statement,The length of the statement "assertTrue(ChildOrder.create().add(FieldOrderExpr.create(NodeIndexPath.MANUAL_ORDER_VALUE`OrderExpr.Direction.ASC)).build().isManualOrder());" is 141.,40
xp,com.enonic.wem.api.index,ChildOrderTest,manual_order_ignorecase,Long Statement,The length of the statement "assertTrue(ChildOrder.create().add(FieldOrderExpr.create(NodeIndexPath.MANUAL_ORDER_VALUE`OrderExpr.Direction.ASC)).build().isManualOrder());" is 141.,40
xp,com.enonic.wem.api.index,PatternIndexConfigDocument,add,Long Statement,The length of the statement "final PathIndexConfig pathIndexConfig=PathIndexConfig.create().path(PropertyPath.from(path)).indexConfig(indexConfig).build();" is 126.,77
xp,com.enonic.wem.api.index,PatternIndexConfigDocument,hashCode,Magic Number,The method contains a magic number: 31,147
xp,com.enonic.wem.api.index,Builder,add,Long Statement,The length of the statement "final PathIndexConfig pathIndexConfig=PathIndexConfig.create().path(PropertyPath.from(path)).indexConfig(indexConfig).build();" is 126.,77
xp,com.enonic.wem.api.index,IndexConfig,equals,Complex Method,Cyclomatic complexity of the method is 8,140
xp,com.enonic.wem.api.index,IndexConfig,hashCode,Magic Number,The method contains a magic number: 31,178
xp,com.enonic.wem.api.index,IndexConfig,hashCode,Magic Number,The method contains a magic number: 31,178
xp,com.enonic.wem.api.index,IndexConfig,hashCode,Magic Number,The method contains a magic number: 31,178
xp,com.enonic.wem.api.index,IndexConfig,hashCode,Magic Number,The method contains a magic number: 31,178
xp,com.enonic.wem.api.index,PathIndexConfig,hashCode,Magic Number,The method contains a magic number: 31,121
xp,com.enonic.wem.api.form,InlineMixinsToFormItemsTransformTest,transform_input,Long Statement,The length of the statement "Mixin mixin=Mixin.newMixin().name("mymodule:my_mixin").addFormItem(newInput().name("input1").inputType(InputTypes.TEXT_LINE).helpText("myHelpText").build()).build();" is 165.,31
xp,com.enonic.wem.api.form,InlineMixinsToFormItemsTransformTest,transform_input,Long Statement,The length of the statement "Form form=newForm().addFormItem(newInput().name("my_input").inputType(InputTypes.TEXT_LINE).build()).addFormItem(InlineMixin.newInlineMixin().mixin("mymodule:my_mixin").build()).build();" is 186.,31
xp,com.enonic.wem.api.form,InlineMixinsToFormItemsTransformTest,transform_formItemSet,Long Statement,The length of the statement "Mixin mixin=Mixin.newMixin().name("mymodule:address").addFormItem(newFormItemSet().name("address").addFormItem(newInput().name("label").label("Label").inputType(InputTypes.TEXT_LINE).build()).addFormItem(newInput().name("street").label("Street").inputType(InputTypes.TEXT_LINE).build()).addFormItem(newInput().name("postalNo").label("Postal No").inputType(InputTypes.TEXT_LINE).build()).addFormItem(newInput().name("country").label("Country").inputType(InputTypes.TEXT_LINE).build()).build()).build();" is 501.,61
xp,com.enonic.wem.api.form,InlineMixinsToFormItemsTransformTest,transform_formItemSet,Long Statement,The length of the statement "Form form=newForm().addFormItem(newInput().name("title").inputType(InputTypes.TEXT_LINE).build()).addFormItem(newInlineMixin(mixin).build()).build();" is 149.,61
xp,com.enonic.wem.api.form,InlineMixinsToFormItemsTransformTest,transform_two_formItemSets_with_changed_names,Long Statement,The length of the statement "Mixin mixin=Mixin.newMixin().name("mymodule:address").addFormItem(newFormItemSet().name("address").addFormItem(newInput().name("label").label("Label").inputType(InputTypes.TEXT_LINE).build()).addFormItem(newInput().name("street").label("Street").inputType(InputTypes.TEXT_LINE).build()).addFormItem(newInput().name("postalNo").label("Postal No").inputType(InputTypes.TEXT_LINE).build()).addFormItem(newInput().name("country").label("Country").inputType(InputTypes.TEXT_LINE).build()).build()).build();" is 501.,88
xp,com.enonic.wem.api.form,InlineMixinsToFormItemsTransformTest,transform_two_formItemSets_with_changed_names,Long Statement,The length of the statement "Form form=newForm().addFormItem(newFormItemSet().name("home").addFormItem(InlineMixin.newInlineMixin(mixin).build()).build()).addFormItem(newFormItemSet().name("cottage").addFormItem(InlineMixin.newInlineMixin(mixin).build()).build()).build();" is 243.,88
xp,com.enonic.wem.api.form,InlineMixinsToFormItemsTransformTest,inlineMixinsToFormItems_layout,Long Statement,The length of the statement "Mixin mixin=Mixin.newMixin().name("mymodule:address").addFormItem(newFormItemSet().name("address").addFormItem(FieldSet.newFieldSet().label("My Field Set").name("fieldSet").addFormItem(newInput().name("myFieldInLayout").label("MyFieldInLayout").inputType(InputTypes.TEXT_LINE).build()).build()).addFormItem(newInput().name("label").label("Label").inputType(InputTypes.TEXT_LINE).build()).addFormItem(newInput().name("street").label("Street").inputType(InputTypes.TEXT_LINE).build()).addFormItem(newInput().name("postalNo").label("Postal No").inputType(InputTypes.TEXT_LINE).build()).addFormItem(newInput().name("country").label("Country").inputType(InputTypes.TEXT_LINE).build()).build()).build();" is 697.,131
xp,com.enonic.wem.api.form,FieldSetTest,given_input_in_FieldSet_when_getPath_name_of_FieldSet_is_not_in_path,Long Statement,The length of the statement "FieldSet myFieldSet=FieldSet.newFieldSet().label("My FieldSet").name("myFieldSet").addFormItem(newInput().name("myInput").inputType(InputTypes.TEXT_LINE).build()).build();" is 171.,13
xp,com.enonic.wem.api.form,FieldSetTest,given_input_in_FieldSet_when_getPath_name_of_FieldSet_is_not_in_path,Long Statement,The length of the statement "FieldSet myOuterFieldSet=FieldSet.newFieldSet().label("My Outer FieldSet").name("myOuterFieldSet").addFormItem(FieldSet.newFieldSet().label("My inner FieldSet").name("myInnerFieldSet").addFormItem(newInput().name("myInput").inputType(InputTypes.TEXT_LINE).build()).build()).build();" is 282.,13
xp,com.enonic.wem.api.form,OccurrencesTest,required,Magic Number,The method contains a magic number: 2,11
xp,com.enonic.wem.api.form,OccurrencesTest,multiple,Magic Number,The method contains a magic number: 2,19
xp,com.enonic.wem.api.form,OccurrencesTest,unlimited,Magic Number,The method contains a magic number: 2,27
xp,com.enonic.wem.api.form,FormItemSetTest,getFormItemSet,Long Statement,The length of the statement "assertEquals("myOuterSet.myInnerSet.myInnermostSet"`myOuterSet.getFormItemSet("myInnerSet.myInnermostSet").getPath().toString());" is 129.,43
xp,com.enonic.wem.api.form,FormItemSetTest,getFormItemSet,Long Statement,The length of the statement "assertEquals("myOuterSet.myInnerSet.myInnermostSet"`myOuterSet.getFormItemSet("myInnerSet").getFormItemSet("myInnermostSet").getPath().toString());" is 147.,43
xp,com.enonic.wem.api.form,BreaksRequiredContractException,buildMessage,Long Statement,The length of the statement "return "Required contract for Data [" + property.getPath() + "] is broken of type "+ inputType+ " ` value was: "+ property.getBoolean();" is 136.,33
xp,com.enonic.wem.api.form,InputJson,InputJson,Long Parameter List,The method has 10 parameters. ,22
xp,com.enonic.wem.api.form,InputJson,InputJson,Long Statement,The length of the statement "this.configJson=(ObjectNode)this.input.getInputType().getInputTypeConfigJsonSerializer().serializeConfig(this.input.getInputTypeConfig()`objectMapper);" is 151.,50
xp,com.enonic.wem.api.form,Input,Input,Long Statement,The length of the statement "Preconditions.checkArgument(builder.inputTypeConfig != null`"Input [name='%s'` type=%s] is missing required InputTypeConfig: %s"`builder.name`builder.inputType.getName()`builder.inputType.requiredConfigClass().getName());" is 221.,39
xp,com.enonic.wem.api.form,Input,Input,Long Statement,The length of the statement "Preconditions.checkArgument(builder.inputType.requiredConfigClass().isInstance(builder.inputTypeConfig)`"Input [name='%s'` type=%s] expects InputTypeConfig of type [%s] but was: %s"`builder.name`builder.inputType.getName()`builder.inputType.requiredConfigClass().getName()`builder.inputTypeConfig.getClass().getName());" is 319.,39
xp,com.enonic.wem.api.form,Input,equals,Long Statement,The length of the statement "return super.equals(o) && Objects.equals(this.type`that.type) && Objects.equals(this.label`that.label)&& Objects.equals(this.immutable`that.immutable)&& Objects.equals(this.occurrences`that.occurrences)&& Objects.equals(this.indexed`that.indexed)&& Objects.equals(this.customText`that.customText)&& Objects.equals(this.helpText`that.helpText)&& Objects.equals(this.validationRegexp`that.validationRegexp)&& Objects.equals(this.inputTypeConfig`that.inputTypeConfig);" is 465.,186
xp,com.enonic.wem.api.form,Input,hashCode,Long Statement,The length of the statement "return Objects.hash(super.hashCode()`this.type`this.label`this.immutable`this.occurrences`this.indexed`this.customText`this.helpText`this.validationRegexp`this.inputTypeConfig);" is 177.,211
xp,com.enonic.wem.api.form,FormItemSet,equals,Long Statement,The length of the statement "return super.equals(o) && Objects.equals(this.label`that.label) && Objects.equals(this.immutable`that.immutable)&& Objects.equals(this.customText`that.customText)&& Objects.equals(this.helpText`that.helpText)&& Objects.equals(this.occurrences`that.occurrences)&& Objects.equals(this.formItems`that.formItems);" is 309.,117
xp,com.enonic.wem.api.form,FormItemSet,hashCode,Long Statement,The length of the statement "return Objects.hash(super.hashCode()`this.label`this.immutable`this.customText`this.helpText`this.occurrences`this.formItems);" is 126.,139
xp,com.enonic.wem.api.form,FormItemSetJson,FormItemSetJson,Long Parameter List,The method has 9 parameters. ,22
xp,com.enonic.wem.api.form,FormItemSetJson,FormItemSetJson,Long Statement,The length of the statement "formItemSet=newFormItemSet().name(name).label(label).immutable(immutable).customText(customText).helpText(helpText).occurrences(occurrences.getOccurrences()).addFormItems(unwrapFormItems(items)).build();" is 203.,22
xp,com.enonic.wem.api.form,FormItem,toInput,Long Statement,The length of the statement "throw new IllegalArgumentException("This FormItem [" + getName() + "] is not an Input: "+ this.getClass().getSimpleName());" is 123.,51
xp,com.enonic.wem.api.form,FormItem,toInlineMixin,Long Statement,The length of the statement "throw new IllegalArgumentException("This FormItem [" + getName() + "] is not an InlineMixin: "+ this.getClass().getSimpleName());" is 129.,60
xp,com.enonic.wem.api.form,FormItem,toFormItemSet,Long Statement,The length of the statement "throw new IllegalArgumentException("This FormItem [" + getName() + "] is not a FormItemSet: "+ this.getClass().getSimpleName());" is 128.,70
xp,com.enonic.wem.api.form,FormItem,toLayout,Long Statement,The length of the statement "throw new IllegalArgumentException("This FormItem [" + getName() + "] is not a Layout: "+ this.getClass().getSimpleName());" is 123.,80
xp,com.enonic.wem.api.form,FormItem,from,Long Statement,The length of the statement "throw new IllegalArgumentException("Cannot create FormItem [" + formItem.getPath().toString() + "] of type: "+ formItem.getClass().getSimpleName());" is 148.,117
xp,com.enonic.wem.api.form,FormItems,add,Long Statement,The length of the statement "throw new IllegalArgumentException("formItem [" + formItem.getName() + "] already added to: "+ formItem.getParent().getPath().toString());" is 138.,46
xp,com.enonic.wem.api.form,FormItems,doForwardGetFormItem,Long Statement,The length of the statement "throw new IllegalArgumentException("Cannot get formItem [" + path + "] because it's past a InlineMixin ["+ foundFormItem+ "]` resolve the InlineMixin first.");" is 159.,79
xp,com.enonic.wem.api.form,FormItems,checkFormItemType,Long Statement,The length of the statement "Preconditions.checkArgument(type.isInstance(formItem)`"FormItem [%s] in [%s] is not of type %s: " + formItem.getClass().getName()`this.getPath()`formItem.getName()`type.getSimpleName());" is 186.,211
xp,com.enonic.wem.api.form,FormJson,resolveJson,Long Identifier,The length of the parameter inlineMixinsToFormItemsTransformer is 34.,51
xp,com.enonic.wem.api.form.inputtype,TextLineTest,breaksRequiredContract_textLine_which_is_empty_throws_exception,Long Statement,The length of the statement "new TextLine().checkBreaksRequiredContract(new PropertyTree(new PropertyTree.PredictivePropertyIdProvider()).setString("myText"`""));" is 133.,14
xp,com.enonic.wem.api.form.inputtype,HtmlAreaTest,breaksRequiredContract_textLine_which_is_empty_throws_exception,Long Statement,The length of the statement "new HtmlArea().checkBreaksRequiredContract(new PropertyTree(new PropertyTree.PredictivePropertyIdProvider()).setHtmlPart("myHtml"`""));" is 135.,11
xp,com.enonic.wem.api.form.inputtype,HtmlAreaTest,breaksRequiredContract_textLine_which_is_blank_throws_exception,Long Statement,The length of the statement "new HtmlArea().checkBreaksRequiredContract(new PropertyTree(new PropertyTree.PredictivePropertyIdProvider()).setHtmlPart("myHtml"`" "));" is 136.,18
xp,com.enonic.wem.api.form.inputtype,InputType,equals,Long Statement,The length of the statement "return Objects.equals(this.inputTypeName`that.inputTypeName) && Objects.equals(this.configClass`that.configClass) && Objects.equals(this.builtIn`that.builtIn);" is 159.,61
xp,com.enonic.wem.api.form.inputtype,Checkbox,validateOccurrences,Long Statement,The length of the statement "throw new InvalidOccurrencesConfigurationException("An Input of type " + this.getClass().getSimpleName() + " can only have 0 as minimum occurrences: "+ occurrences.getMinimum());" is 178.,37
xp,com.enonic.wem.api.form.inputtype,SingleSelectorConfig,checkValidity,Long Statement,The length of the statement "throw new InvalidValueException(property`"Value can only be of one the following strings: " + optionValuesAsCommaSeparatedString());" is 132.,31
xp,com.enonic.wem.api.form.inputtype,Color,parse,Magic Number,The method contains a magic number: 2,44
xp,com.enonic.wem.api.form.inputtype,Color,checkRange,Magic Number,The method contains a magic number: 255,108
xp,com.enonic.wem.api.form.inputtype,ValueHolder,checkRange,Magic Number,The method contains a magic number: 255,108
xp,com.enonic.wem.api.form.inputtype,SingleSelectorConfigJsonSerializer,parseConfig,Long Statement,The length of the statement "final SingleSelectorConfig.SelectorType selectorType=SingleSelectorConfig.SelectorType.valueOf(getStringValue("selectorType"`inputTypeConfigNode));" is 147.,33
xp,com.enonic.wem.api.form.inputtype,ComboBoxConfig,checkValidity,Long Statement,The length of the statement "throw new InvalidValueException(property`"Value can only be of one the following strings: " + optionValuesAsCommaSeparatedString());" is 132.,32
xp,com.enonic.wem.api.xml,DomHelperTest,testChildElements,Magic Number,The method contains a magic number: 3,64
xp,com.enonic.wem.api.xml,DomHelperTest,testChildElementsByTagName,Magic Number,The method contains a magic number: 2,94
xp,com.enonic.wem.api.xml,DomBuilderTest,buildDocument,Long Statement,The length of the statement "assertEquals("<items>\n" + " <item id=\"1\" show=\"false\"/>\n" + " <item id=\"2\" show=\"true\"/>\n"+ "</items>"`str.trim());" is 126.,9
xp,com.enonic.wem.api.xml,DomHelper,getTextValue,Complex Conditional,The conditional expression (item instanceof CharacterData && !(item instanceof Comment)) || item instanceof EntityReference is complex.,108
xp,com.enonic.wem.api.xml.serializer,XmlPageDescriptorSerializerTest,test_to_xml,Long Statement,The length of the statement "Input myCustomInput=newInput().name("myCustomInput").inputType(TEXT_LINE).label("My custom input").required(false).build();" is 123.,30
xp,com.enonic.wem.api.xml.serializer,XmlPageDescriptorSerializerTest,test_to_xml,Long Statement,The length of the statement "FieldSet myFieldSet=newFieldSet().name("myFieldSet").label("My field set").addFormItem(newInput().name("fieldSetItem").inputType(TEXT_LINE).label("Field set Item").required(false).build()).build();" is 197.,30
xp,com.enonic.wem.api.xml.serializer,XmlPageDescriptorSerializerTest,test_to_xml,Long Statement,The length of the statement "FormItemSet myFormItemSet=newFormItemSet().name("myFormItemSet").label("My form item set").addFormItem(myTextLine).addFormItem(myCustomInput).addFormItem(myFieldSet).build();" is 174.,30
xp,com.enonic.wem.api.xml.serializer,XmlPageDescriptorSerializerTest,test_to_xml,Long Statement,The length of the statement "Form pageForm=Form.newForm().addFormItem(newInput().name("pause").inputType(DOUBLE).label("Pause parameter").build()).addFormItem(myFormItemSet).build();" is 153.,30
xp,com.enonic.wem.api.xml.serializer,XmlPageDescriptorSerializerTest,test_to_xml,Long Statement,The length of the statement "PageDescriptor pageDescriptor=PageDescriptor.newPageDescriptor().displayName("Landing page").config(pageForm).regions(newRegionDescriptors().add(newRegionDescriptor().name("header").build()).add(newRegionDescriptor().name("main").build()).add(newRegionDescriptor().name("footer").build()).build()).key(DescriptorKey.from("module:mypage")).build();" is 347.,30
xp,com.enonic.wem.api.xml.serializer,XmlRelationshipTypeSerializerTest,test_to_xml,Long Statement,The length of the statement "final RelationshipType relationshipType=newRelationshipType().name("mymodule:like").description("description").fromSemantic("likes").toSemantic("liked by").addAllowedFromType(ContentTypeName.from("mymodule:person")).addAllowedFromType(ContentTypeName.from("mymodule:animal")).addAllowedToType(ContentTypeName.from("mymodule:vehicle")).build();" is 343.,20
xp,com.enonic.wem.api.xml.serializer,XmlContentTypeSerializerTest,test_to_xml,Long Statement,The length of the statement "final Layout layout=FieldSet.newFieldSet().label("My field set").name("myFieldSet").addFormItem(newInput().name("myTextLine").inputType(InputTypes.TEXT_LINE).build()).build();" is 175.,26
xp,com.enonic.wem.api.xml.serializer,XmlContentTypeSerializerTest,test_to_xml,Long Statement,The length of the statement "final ContentType.Builder contentTypeBuilder=newContentType().name("mymodule:all_schemas").addFormItem(set).displayName("All the Base Types").metadata(MixinNames.from("mymodule:metadata")).description("description").contentDisplayNameScript("$('firstName') + ' ' + $('lastName')").superType(ContentTypeName.from("mymodule:content")).setAbstract(false).setFinal(true);" is 367.,26
xp,com.enonic.wem.api.xml.serializer,XmlPartDescriptorSerializerTest,test_to_xml,Long Statement,The length of the statement "Form configForm=Form.newForm().addFormItem(newInput().name("width").inputType(DOUBLE).label("Column width").build()).addFormItem(newInlineMixin().mixin("mymodule:link-urls").build()).build();" is 191.,23
xp,com.enonic.wem.api.xml.serializer,XmlPartDescriptorSerializerTest,test_to_xml,Long Statement,The length of the statement "PartDescriptor partDescriptor=PartDescriptor.newPartDescriptor().displayName("A Part").name("mypart").config(configForm).key(DescriptorKey.from("module:mypart")).build();" is 170.,23
xp,com.enonic.wem.api.xml.serializer,XmlMixinSerializerTest,test_to_xml,Long Statement,The length of the statement "final Layout layout=FieldSet.newFieldSet().label("My field set").name("myFieldSet").addFormItem(newInput().name("myTextLine").inputType(InputTypes.TEXT_LINE).build()).build();" is 175.,24
xp,com.enonic.wem.api.xml.serializer,XmlLayoutDescriptorSerializerTest,test_to_xml,Long Statement,The length of the statement "Form configForm=Form.newForm().addFormItem(newInput().name("width").inputType(DOUBLE).label("Column width").build()).build();" is 125.,24
xp,com.enonic.wem.api.xml.serializer,XmlLayoutDescriptorSerializerTest,test_to_xml,Long Statement,The length of the statement "LayoutDescriptor layoutDescriptor=LayoutDescriptor.newLayoutDescriptor().displayName("A Layout").name("mylayout").config(configForm).regions(newRegionDescriptors().add(newRegionDescriptor().name("left").build()).add(newRegionDescriptor().name("right").build()).build()).key(DescriptorKey.from("module:mylayout")).build();" is 321.,24
xp,com.enonic.wem.api.security.auth,AuthenticationInfoTest,testWithoutPrincipals,Long Statement,The length of the statement "final User user=User.create().login("userlogin").displayName("my user").key(PrincipalKey.ofUser(new UserStoreKey("myuserstore")`"userid")).email("user@email").modifiedTime(Instant.now(clock)).build();" is 200.,23
xp,com.enonic.wem.api.security.auth,AuthenticationInfoTest,testWithPrincipals,Long Statement,The length of the statement "final User user=User.create().login("userlogin").displayName("my user").key(PrincipalKey.ofUser(new UserStoreKey("myuserstore")`"userid")).email("user@email").modifiedTime(Instant.now(clock)).build();" is 200.,44
xp,com.enonic.wem.api.security.auth,AuthenticationInfoTest,testWithPrincipals,Long Statement,The length of the statement "final AuthenticationInfo info=AuthenticationInfo.create().user(user).principals(group1).principals(PrincipalKeys.from(group2`role1)).build();" is 141.,44
xp,com.enonic.wem.api.security.auth,AuthenticationInfoTest,testWithPrincipals,Magic Number,The method contains a magic number: 4,44
xp,com.enonic.wem.api.security.auth,AuthenticationInfo,hashCode,Magic Number,The method contains a magic number: 31,154
xp,com.enonic.wem.api.security.auth,AuthenticationInfo,hashCode,Magic Number,The method contains a magic number: 31,154
xp,com.enonic.wem.api.security,PrincipalRelationshipTest,testEquals,Long Statement,The length of the statement "PrincipalRelationship rel=PrincipalRelationship.from(PrincipalKey.ofGroup(UserStoreKey.system()`"group")).to(PrincipalKey.ofUser(UserStoreKey.system()`"user"));" is 160.,106
xp,com.enonic.wem.api.security,PrincipalRelationshipTest,testEquals,Long Statement,The length of the statement "PrincipalRelationship rel2=PrincipalRelationship.from(PrincipalKey.ofGroup(UserStoreKey.system()`"group")).to(PrincipalKey.ofUser(UserStoreKey.system()`"user"));" is 161.,106
xp,com.enonic.wem.api.security,PrincipalTest,testCreateUser,Long Statement,The length of the statement "final User user=User.create().login("userlogin").displayName("my user").key(PrincipalKey.ofUser(new UserStoreKey("myuserstore")`"userid")).email("user@email").modifiedTime(Instant.now(clock)).build();" is 200.,17
xp,com.enonic.wem.api.security,PrincipalTest,testCreateGroup,Long Statement,The length of the statement "final Group group=Group.create().displayName("my group").key(PrincipalKey.ofGroup(new UserStoreKey("myuserstore")`"groupid")).modifiedTime(Instant.now(clock)).build();" is 167.,41
xp,com.enonic.wem.api.security,PrincipalTest,testCreateRole,Long Statement,The length of the statement "final Role role=Role.create().displayName("my role").key(PrincipalKey.ofRole("administrators")).modifiedTime(Instant.now(clock)).build();" is 137.,64
xp,com.enonic.wem.api.security,CreateUserStoreParams,CreateUserStoreParams,Long Statement,The length of the statement "this.userStorePermissions=builder.userStorePermissions == null ? UserStoreAccessControlList.empty() : builder.userStorePermissions;" is 131.,16
xp,com.enonic.wem.api.security,PrincipalKey,from,Magic Number,The method contains a magic number: 2,132
xp,com.enonic.wem.api.security,PrincipalKey,from,Magic Number,The method contains a magic number: 3,132
xp,com.enonic.wem.api.security,PrincipalKey,from,Magic Number,The method contains a magic number: 4,132
xp,com.enonic.wem.api.security,PrincipalKey,from,Magic Number,The method contains a magic number: 5,132
xp,com.enonic.wem.api.security,PrincipalKey,from,Missing default,The following switch statement is missing a default case: !org.eclipse.jdt.core.dom.SwitchStatement@550201c3,167
xp,com.enonic.wem.api.security,PrincipalRelationship,PrincipalRelationship,Long Statement,The length of the statement "checkArgument(!builder.from.equals(builder.to)`"Principal relationship 'from' and 'to' cannot refer to the same principal");" is 124.,14
xp,com.enonic.wem.api.security,PrincipalRelationship,PrincipalRelationship,Long Statement,The length of the statement "checkArgument(!(builder.from.isRole() && builder.to.isRole())`"Principal relationship from Role to Role is not allowed");" is 121.,14
xp,com.enonic.wem.api.security,PrincipalRelationship,PrincipalRelationship,Long Statement,The length of the statement "checkArgument(!(builder.from.isGroup() && builder.to.isRole())`"Principal relationship from Group to Role is not allowed");" is 123.,14
xp,com.enonic.wem.api.security,Principals,getUsers,Long Statement,The length of the statement "return map.values().stream().filter(principal -> principal.getKey().isUser()).map(principal -> (User)principal).collect(toList());" is 130.,32
xp,com.enonic.wem.api.security,Principals,getGroups,Long Statement,The length of the statement "return map.values().stream().filter(principal -> principal.getKey().isGroup()).map(principal -> (Group)principal).collect(toList());" is 132.,40
xp,com.enonic.wem.api.security,Principals,getRoles,Long Statement,The length of the statement "return map.values().stream().filter(principal -> principal.getKey().isRole()).map(principal -> (Role)principal).collect(toList());" is 130.,48
xp,com.enonic.wem.api.security,UserStoreKey,UserStoreKey,Long Statement,The length of the statement "Preconditions.checkArgument(!RESERVED_USER_STORE_ID.equals(id.toLowerCase())`"UserStoreKey id is reserved and cannot be used: %s"`id);" is 134.,15
xp,com.enonic.wem.api.security.acl,AccessControlListTest,testCopy,Long Statement,The length of the statement "final AccessControlEntry entry1=AccessControlEntry.create().principal(PrincipalKey.ofAnonymous()).allow(Permission.READ).build();" is 129.,13
xp,com.enonic.wem.api.security.acl,AccessControlListTest,testCopy,Long Statement,The length of the statement "final AccessControlEntry entry2=AccessControlEntry.create().principal(PrincipalKey.ofUser(UserStoreKey.system()`"user1")).allow(Permission.MODIFY).build();" is 155.,13
xp,com.enonic.wem.api.security.acl,AccessControlEntryTest,testAccessControlEntry,Long Statement,The length of the statement "final AccessControlEntry ace=AccessControlEntry.create().principal(PrincipalKey.ofAnonymous()).allow(Permission.CREATE).allow(Permission.DELETE).allow(Permission.READ_PERMISSIONS).deny(Permission.MODIFY).deny(Permission.WRITE_PERMISSIONS).build();" is 247.,14
xp,com.enonic.wem.api.security.acl,AccessControlEntryTest,testEquals,Long Statement,The length of the statement "final AccessControlEntry ace=AccessControlEntry.create().principal(PrincipalKey.ofAnonymous()).allow(Permission.CREATE).allow(Permission.DELETE).allow(Permission.READ_PERMISSIONS).deny(Permission.MODIFY).deny(Permission.WRITE_PERMISSIONS).build();" is 247.,47
xp,com.enonic.wem.api.security.acl,AccessControlEntryTest,testEquals,Long Statement,The length of the statement "final AccessControlEntry ace2=AccessControlEntry.create().principal(PrincipalKey.ofAnonymous()).deny(Permission.WRITE_PERMISSIONS).allow(Permission.READ_PERMISSIONS).deny(Permission.MODIFY).allow(Permission.DELETE).allow(Permission.CREATE).build();" is 248.,47
xp,com.enonic.wem.api.security.acl,AccessControlEntryTest,testCopy,Long Statement,The length of the statement "final AccessControlEntry ace=AccessControlEntry.create().principal(PrincipalKey.ofAnonymous()).allow(Permission.CREATE).allow(Permission.DELETE).allow(Permission.READ_PERMISSIONS).deny(Permission.MODIFY).deny(Permission.WRITE_PERMISSIONS).build();" is 247.,72
xp,com.enonic.wem.api.security.acl,AccessControlEntryTest,testCopy,Long Statement,The length of the statement "final AccessControlEntry newAce=AccessControlEntry.create(ace).principal(PrincipalKey.ofAnonymous()).remove(Permission.WRITE_PERMISSIONS).remove(Permission.READ_PERMISSIONS).deny(Permission.DELETE).deny(Permission.CREATE).build();" is 230.,72
xp,com.enonic.wem.api.security.acl,UserStoreAccessControlList,getAllPrincipals,Long Statement,The length of the statement "final Set<PrincipalKey> principals=this.entries.values().stream().map(UserStoreAccessControlEntry::getPrincipal).collect(toSet());" is 130.,27
xp,com.enonic.wem.api.security.acl,AccessControlList,getAllPrincipals,Long Statement,The length of the statement "final Set<PrincipalKey> principals=this.entries.values().stream().map(AccessControlEntry::getPrincipal).collect(toSet());" is 121.,38
xp,com.enonic.wem.api.security.acl,AccessControlList,getPrincipalsWithPermission,Long Statement,The length of the statement "final Set<PrincipalKey> principals=this.entries.values().stream().filter((entry) -> entry.isAllowed(permission)).map(AccessControlEntry::getPrincipal).collect(toSet());" is 168.,46
xp,com.enonic.wem.api.convert,IntegerConverterTest,IntegerConverterTest,Magic Number,The method contains a magic number: 11,6
xp,com.enonic.wem.api.convert,NumberConverterTest,testFromNumber,Magic Number,The method contains a magic number: 11,34
xp,com.enonic.wem.api.convert,NumberConverterTest,testFromNumber,Magic Number,The method contains a magic number: 11,34
xp,com.enonic.wem.api.convert,NumberConverterTest,testFromNumber,Magic Number,The method contains a magic number: 11,34
xp,com.enonic.wem.api.convert,NumberConverterTest,testFromNumber,Magic Number,The method contains a magic number: 11L,34
xp,com.enonic.wem.api.convert,NumberConverterTest,testFromNumber,Magic Number,The method contains a magic number: 11.0f,34
xp,com.enonic.wem.api.convert,NumberConverterTest,testFromNumber,Magic Number,The method contains a magic number: 11.0d,34
xp,com.enonic.wem.api.convert,FloatConverterTest,FloatConverterTest,Magic Number,The method contains a magic number: 11.0f,6
xp,com.enonic.wem.api.convert,ByteConverterTest,ByteConverterTest,Magic Number,The method contains a magic number: 11,6
xp,com.enonic.wem.api.convert,StringConverterTest,testToString,Magic Number,The method contains a magic number: 11,17
xp,com.enonic.wem.api.convert,DoubleConverterTest,DoubleConverterTest,Magic Number,The method contains a magic number: 11.0d,6
xp,com.enonic.wem.api.convert,LongConverterTest,LongConverterTest,Magic Number,The method contains a magic number: 11L,6
xp,com.enonic.wem.api.convert,ShortConverterTest,ShortConverterTest,Magic Number,The method contains a magic number: 11,6
xp,com.enonic.wem.api.convert,BooleanConverterTest,testFromNumber,Magic Number,The method contains a magic number: 11,28
xp,com.enonic.wem.api.convert,BooleanConverterTest,testFromNumber,Magic Number,The method contains a magic number: 2L,28
xp,com.enonic.wem.api.convert,Converters,resolveWrapperIfNeeded,Complex Method,Cyclomatic complexity of the method is 9,84
xp,com.enonic.wem.api.relationship,RelationshipKeysTest,equals,Long Statement,The length of the statement "return new Object[]{RelationshipKeys.from(parent_111_222_myOtherInput)`RelationshipKeys.from(parent_111_222_myInput)`RelationshipKeys.from(parent_111_222_myInput`parent_555_222_myInput)`RelationshipKeys.from(parent_111_222_myInput`parent_111_222_myOtherInput`parent_555_222_myInput)};" is 284.,32
xp,com.enonic.wem.api.relationship,RelationshipKeysTest,getObjectsThatNotEqualsX,Long Statement,The length of the statement "return new Object[]{RelationshipKeys.from(parent_111_222_myOtherInput)`RelationshipKeys.from(parent_111_222_myInput)`RelationshipKeys.from(parent_111_222_myInput`parent_555_222_myInput)`RelationshipKeys.from(parent_111_222_myInput`parent_111_222_myOtherInput`parent_555_222_myInput)};" is 284.,43
xp,com.enonic.wem.api.relationship,CreateRelationshipParamsTest,equals,Long Statement,The length of the statement "return new Object[]{createRelationship(RelationshipTypeName.PARENT`ContentId.from("1")`ContentId.from("2")`"val1")`createRelationship(RelationshipTypeName.REFERENCE`ContentId.from("3")`ContentId.from("2")`"val1")`createRelationship(RelationshipTypeName.REFERENCE`ContentId.from("1")`ContentId.from("3")`"val1")`createRelationship(RelationshipTypeName.REFERENCE`ContentId.from("1")`ContentId.from("2")`"otherValue")};" is 416.,12
xp,com.enonic.wem.api.relationship,CreateRelationshipParamsTest,getObjectsThatNotEqualsX,Long Statement,The length of the statement "return new Object[]{createRelationship(RelationshipTypeName.PARENT`ContentId.from("1")`ContentId.from("2")`"val1")`createRelationship(RelationshipTypeName.REFERENCE`ContentId.from("3")`ContentId.from("2")`"val1")`createRelationship(RelationshipTypeName.REFERENCE`ContentId.from("1")`ContentId.from("3")`"val1")`createRelationship(RelationshipTypeName.REFERENCE`ContentId.from("1")`ContentId.from("2")`"otherValue")};" is 416.,23
xp,com.enonic.wem.api.relationship,RelationshipKeyTest,equals,Long Statement,The length of the statement "return RelationshipKey.newRelationshipKey().type(RelationshipTypeName.PARENT).fromContent(ContentId.from("111")).toContent(ContentId.from("222")).managingData(PropertyPath.from("myInput")).build();" is 197.,13
xp,com.enonic.wem.api.relationship,RelationshipKeyTest,equals,Long Statement,The length of the statement "return new Object[]{RelationshipKey.newRelationshipKey().type(RelationshipTypeName.REFERENCE).fromContent(ContentId.from("111")).toContent(ContentId.from("222")).managingData(PropertyPath.from("myInput")).build()`RelationshipKey.newRelationshipKey().type(RelationshipTypeName.PARENT).fromContent(ContentId.from("333")).toContent(ContentId.from("222")).managingData(PropertyPath.from("myInput")).build()`RelationshipKey.newRelationshipKey().type(RelationshipTypeName.PARENT).fromContent(ContentId.from("111")).toContent(ContentId.from("444")).managingData(PropertyPath.from("myInput")).build()`RelationshipKey.newRelationshipKey().type(RelationshipTypeName.PARENT).fromContent(ContentId.from("111")).toContent(ContentId.from("222")).managingData(PropertyPath.from("myOtherInput")).build()`RelationshipKey.newRelationshipKey().type(RelationshipTypeName.PARENT).fromContent(ContentId.from("111")).toContent(ContentId.from("222")).build()};" is 936.,13
xp,com.enonic.wem.api.relationship,RelationshipKeyTest,equals,Long Statement,The length of the statement "return RelationshipKey.newRelationshipKey().type(RelationshipTypeName.PARENT).fromContent(ContentId.from("111")).toContent(ContentId.from("222")).managingData(PropertyPath.from("myInput")).build();" is 197.,13
xp,com.enonic.wem.api.relationship,RelationshipKeyTest,equals,Long Statement,The length of the statement "return RelationshipKey.newRelationshipKey().type(RelationshipTypeName.PARENT).fromContent(ContentId.from("111")).toContent(ContentId.from("222")).managingData(PropertyPath.from("myInput")).build();" is 197.,13
xp,com.enonic.wem.api.relationship,RelationshipKeyTest,getObjectX,Long Statement,The length of the statement "return RelationshipKey.newRelationshipKey().type(RelationshipTypeName.PARENT).fromContent(ContentId.from("111")).toContent(ContentId.from("222")).managingData(PropertyPath.from("myInput")).build();" is 197.,18
xp,com.enonic.wem.api.relationship,RelationshipKeyTest,getObjectsThatNotEqualsX,Long Statement,The length of the statement "return new Object[]{RelationshipKey.newRelationshipKey().type(RelationshipTypeName.REFERENCE).fromContent(ContentId.from("111")).toContent(ContentId.from("222")).managingData(PropertyPath.from("myInput")).build()`RelationshipKey.newRelationshipKey().type(RelationshipTypeName.PARENT).fromContent(ContentId.from("333")).toContent(ContentId.from("222")).managingData(PropertyPath.from("myInput")).build()`RelationshipKey.newRelationshipKey().type(RelationshipTypeName.PARENT).fromContent(ContentId.from("111")).toContent(ContentId.from("444")).managingData(PropertyPath.from("myInput")).build()`RelationshipKey.newRelationshipKey().type(RelationshipTypeName.PARENT).fromContent(ContentId.from("111")).toContent(ContentId.from("222")).managingData(PropertyPath.from("myOtherInput")).build()`RelationshipKey.newRelationshipKey().type(RelationshipTypeName.PARENT).fromContent(ContentId.from("111")).toContent(ContentId.from("222")).build()};" is 936.,29
xp,com.enonic.wem.api.relationship,RelationshipKeyTest,getObjectThatEqualsXButNotTheSame,Long Statement,The length of the statement "return RelationshipKey.newRelationshipKey().type(RelationshipTypeName.PARENT).fromContent(ContentId.from("111")).toContent(ContentId.from("222")).managingData(PropertyPath.from("myInput")).build();" is 197.,59
xp,com.enonic.wem.api.relationship,RelationshipKeyTest,getObjectThatEqualsXButNotTheSame2,Long Statement,The length of the statement "return RelationshipKey.newRelationshipKey().type(RelationshipTypeName.PARENT).fromContent(ContentId.from("111")).toContent(ContentId.from("222")).managingData(PropertyPath.from("myInput")).build();" is 197.,70
xp,com.enonic.wem.api.relationship,UpdateRelationshipParams,validate,Long Statement,The length of the statement "Preconditions.checkArgument(relationshipKey.getManagingData() != null`"Managed Relationship's cannot be updated directly");" is 123.,34
xp,com.enonic.wem.api.relationship,CreateRelationshipParams,equals,Long Statement,The length of the statement "return Objects.equals(fromContent`that.fromContent) && Objects.equals(toContent`that.toContent) && Objects.equals(type`that.type)&& Objects.equals(properties`that.properties);" is 175.,84
xp,com.enonic.wem.api.relationship,RelationshipKey,equals,Long Statement,The length of the statement "return Objects.equals(type`that.type) && Objects.equals(fromContent`that.fromContent) && Objects.equals(toContent`that.toContent)&& Objects.equals(managingData`that.managingData);" is 179.,60
xp,com.enonic.wem.api.relationship,RelationshipKey,toString,Long Statement,The length of the statement "return com.google.common.base.MoreObjects.toStringHelper(this).add("fromContent"`fromContent).add("toContent"`toContent).add("type"`type).add("managingData"`managingData).toString();" is 182.,80
xp,com.enonic.wem.api.relationship.editor,RemoveRelationshipPropertiesEditorTest,edit,Long Statement,The length of the statement "Relationship relationship=Relationship.newRelationship().property("prop1"`"v1").property("prop2"`"v2").property("prop3"`"v3").build();" is 134.,16
xp,com.enonic.wem.api.relationship.editor,RemoveRelationshipPropertiesEditorTest,edit,Magic Number,The method contains a magic number: 2,16
xp,com.enonic.wem.api.relationship.editor,AddRelationshipPropertiesEditorTest,edit,Long Statement,The length of the statement "Relationship relationship=Relationship.newRelationship().property("prop1"`"v1").property("prop2"`"v2").property("prop3"`"v3").build();" is 134.,15
xp,com.enonic.wem.api.relationship.editor,AddRelationshipPropertiesEditorTest,edit,Magic Number,The method contains a magic number: 5,15
xp,com.enonic.wem.api.util,GeoPointTest,testFrom_valid,Magic Number,The method contains a magic number: 1.1,9
xp,com.enonic.wem.api.util,GeoPointTest,testFrom_valid,Magic Number,The method contains a magic number: 2.2,9
xp,com.enonic.wem.api.util,GeoPointTest,testEquals,Magic Number,The method contains a magic number: 1.1,19
xp,com.enonic.wem.api.util,GeoPointTest,testEquals,Magic Number,The method contains a magic number: 2.2,19
xp,com.enonic.wem.api.util,GeoPointTest,testEquals,Magic Number,The method contains a magic number: 1.1,19
xp,com.enonic.wem.api.util,GeoPointTest,testEquals,Magic Number,The method contains a magic number: 2.2,19
xp,com.enonic.wem.api.util,GeoPointTest,testEquals,Magic Number,The method contains a magic number: 2.2,19
xp,com.enonic.wem.api.util,GeoPointTest,testEquals,Magic Number,The method contains a magic number: 1.1,19
xp,com.enonic.wem.api.util,GeoPointTest,testHashCode,Magic Number,The method contains a magic number: 1.1,32
xp,com.enonic.wem.api.util,GeoPointTest,testHashCode,Magic Number,The method contains a magic number: 2.2,32
xp,com.enonic.wem.api.util,GeoPointTest,testHashCode,Magic Number,The method contains a magic number: 1.1,32
xp,com.enonic.wem.api.util,GeoPointTest,testHashCode,Magic Number,The method contains a magic number: 2.2,32
xp,com.enonic.wem.api.util,GeoPointTest,testHashCode,Magic Number,The method contains a magic number: 2.2,32
xp,com.enonic.wem.api.util,GeoPointTest,testHashCode,Magic Number,The method contains a magic number: 1.1,32
xp,com.enonic.wem.api.util,HexEncoder,toHex,Magic Number,The method contains a magic number: 2,7
xp,com.enonic.wem.api.util,HexEncoder,toHex,Magic Number,The method contains a magic number: 2,7
xp,com.enonic.wem.api.util,HexEncoder,toHex,Magic Number,The method contains a magic number: 4,7
xp,com.enonic.wem.api.util,HexEncoder,toHex,Magic Number,The method contains a magic number: 0x0f,7
xp,com.enonic.wem.api.util,HexEncoder,toHex,Magic Number,The method contains a magic number: 2,7
xp,com.enonic.wem.api.util,HexEncoder,toHex,Magic Number,The method contains a magic number: 0x0f,7
xp,com.enonic.wem.api.util,HexEncoder,fromHex,Magic Number,The method contains a magic number: 2,19
xp,com.enonic.wem.api.util,HexEncoder,fromHex,Magic Number,The method contains a magic number: 2,19
xp,com.enonic.wem.api.util,HexEncoder,fromHex,Magic Number,The method contains a magic number: 2,19
xp,com.enonic.wem.api.util,HexEncoder,fromHex,Magic Number,The method contains a magic number: 2,19
xp,com.enonic.wem.api.util,HexEncoder,fromHex,Magic Number,The method contains a magic number: 16,19
xp,com.enonic.wem.api.util,GeoPoint,GeoPoint,Long Statement,The length of the statement "throw new IllegalArgumentException(String.format("Longitude [%s] is not within range %s"`this.longitude`LONGITUDE_RANGE));" is 122.,17
xp,com.enonic.wem.api.util,GeoPoint,from,Magic Number,The method contains a magic number: 2,62
xp,com.enonic.wem.api,NameTest,controlCharacters,Empty catch clause,The method has an empty catch block.,87
xp,com.enonic.wem.api,NameTest,controlCharacters,Long Statement,The length of the statement "char[] control={'\u0000'`'\u0001'`'\u0002'`'\u0003'`'\u0004'`'\u0005'`'\u0006'`'\u0007'`'\u0008'`'\u0009'`'\u000b'`'\u000c'`'\u000e'`'\u000f'`'\u0010'`'\u0011'`'\u0012'`'\u0012'`'\u0013'`'\u0014'`'\u0015'`'\u0016'`'\u0017'`'\u0018'`'\u0019'`'\u001A'`'\u001B'`'\u001C'`'\u001D'`'\u001E'`'\u001F'`'\u007F'`'\u0080'`'\u0081'`'\u0082'`'\u0083'`'\u0084'`'\u0085'`'\u0086'`'\u0087'`'\u0088'`'\u0089'`'\u008a'`'\u008b'`'\u008c'`'\u008d'`'\u008e'`'\u008f'`'\u0090'`'\u0091'`'\u0092'`'\u0093'`'\u0094'`'\u0095'`'\u0096'`'\u0097'`'\u0098'`'\u0099'`'\u009A'`'\u009B'`'\u009C'`'\u009D'`'\u009E'`'\u009F'};" is 593.,87
xp,com.enonic.wem.api,NamePrettyfier,ensureNiceBeginningAndEnding,Magic Number,The method contains a magic number: 2,88
xp,com.enonic.wem.api,NamePrettyfier,transcribe,Long Statement,The length of the statement "final String diacriticsCleaned=NameCharacterHelper.DIACRITICS.matcher(normalized).replaceAll(NameCharacterHelper.DEFAULT_REPLACE);" is 130.,203
xp,com.enonic.wem.api,NamePrettyfier,transcribe,Long Statement,The length of the statement "final String nonAsciiCleaned=diacriticsCleaned.replaceAll(NameCharacterHelper.NOT_ASCII`NameCharacterHelper.DEFAULT_REPLACE);" is 125.,203
xp,com.enonic.wem.api,BasePath,removeFromBeginning,Long Statement,The length of the statement "Preconditions.checkState(this.elementCount() >= path.elementCount()`"No point in trying to remove [" + path.toString() + "] from ["+ this.toString()+ "]");" is 155.,121
xp,com.enonic.wem.api,BasePath,doToString,Magic Number,The method contains a magic number: 25,151
xp,com.enonic.wem.api,BasePath,equals,Long Statement,The length of the statement "return Objects.equals(absolute`path.absolute) && Objects.equals(elementDivider`path.elementDivider) && Objects.equals(trailingDivider`path.trailingDivider)&& Objects.equals(elements`path.elements);" is 197.,176
xp,com.enonic.wem.api,BasePath,elements,Long Statement,The length of the statement "final boolean hasTrailingDivider=!(elements.length() == 1 && absolute) && elements.charAt(elements.length() - 1) == elementDivider;" is 131.,304
xp,com.enonic.wem.api,Builder,elements,Long Statement,The length of the statement "final boolean hasTrailingDivider=!(elements.length() == 1 && absolute) && elements.charAt(elements.length() - 1) == elementDivider;" is 131.,304
xp,com.enonic.wem.api,Name,doValidateName,Long Statement,The length of the statement "Preconditions.checkArgument(NameCharacterHelper.hasNoExplicitIllegal(name)`"Invalid name: '" + name + "'. Cannot contain "+ Arrays.toString(NameCharacterHelper.EXIPLICITLY_ILLEGAL_CHARACTERS));" is 193.,19
xp,com.enonic.wem.api,Name,checkValidName,Long Statement,The length of the statement "throw new IllegalArgumentException("Invalid character in name : " + c + " ("+ NameCharacterHelper.getUnicodeString(c)+ ")");" is 124.,28
xp,com.enonic.wem.api,NameCharacterHelper,hasNoExplicitIllegal,Long Identifier,The length of the field EXIPLICITLY_ILLEGAL_CHARACTERS is 30.,262
xp,com.enonic.wem.api,NameCharacterHelper,getUnicodeString,Magic Number,The method contains a magic number: 0x10000,267
xp,com.enonic.wem.api,Icon,equals,Long Statement,The length of the statement "return Objects.equal(this.mimeType`that.mimeType) && Objects.equal(this.modifiedTime`that.modifiedTime) && Arrays.equals(this.iconData`that.iconData);" is 150.,58
xp,com.enonic.wem.api,Icon,toString,Long Statement,The length of the statement "return MoreObjects.toStringHelper(this).add("mimeType"`mimeType).add("iconData"`iconData).add("size"`getSize()).add("modifiedTime"`modifiedTime).toString();" is 156.,82
xp,com.enonic.wem.api,BaseVersion,BaseVersion,Magic Number,The method contains a magic number: 2,22
xp,com.enonic.wem.api,BaseVersion,BaseVersion,Magic Number,The method contains a magic number: 3,22
xp,com.enonic.wem.api,BaseVersion,BaseVersion,Magic Number,The method contains a magic number: 5,22
xp,com.enonic.wem.api.support,AbstractImmutableEntityListTest,get,Magic Number,The method contains a magic number: 2,25
xp,com.enonic.wem.api.support.tree,TreeTest,deepSize,Magic Number,The method contains a magic number: 3,10
xp,com.enonic.wem.api.module,ModuleUpdatedEvent,toString,Long Statement,The length of the statement "return MoreObjects.toStringHelper(this).add("eventType"`this.eventType).add("moduleKey"`this.moduleKey).omitNullValues().toString();" is 132.,30
xp,com.enonic.wem.api.content,ContentTest,given_array_when_setting_data_of_another_type_to_array_then_exception_is_thrown,Magic Number,The method contains a magic number: 2000,41
xp,com.enonic.wem.api.content,ContentTest,given_a_controller_and_a_pageTemplate_when_build_then_IllegalArgumentException_is_thrown,Long Statement,The length of the statement "newContent().path(MY_CONTENT_PATH).page(Page.newPage().controller(DescriptorKey.from("abc:abc")).template(PageTemplateKey.from("123")).config(new PropertyTree(new PropertyTree.PredictivePropertyIdProvider())).regions(PageRegions.newPageRegions().build()).build()).build();" is 272.,61
xp,com.enonic.wem.api.content,ContentIdsTest,fromStringArray,Magic Number,The method contains a magic number: 3,11
xp,com.enonic.wem.api.content,ContentPathTest,equals,Long Statement,The length of the statement "return new Object[]{ContentPath.from("myPath/myContent")`ContentPath.from("myContent")`ContentPath.from("/myPath/myContent2")};" is 127.,13
xp,com.enonic.wem.api.content,ContentPathTest,getObjectsThatNotEqualsX,Long Statement,The length of the statement "return new Object[]{ContentPath.from("myPath/myContent")`ContentPath.from("myContent")`ContentPath.from("/myPath/myContent2")};" is 127.,24
xp,com.enonic.wem.api.content,ContentPathTest,getParentPath,Long Statement,The length of the statement "assertEquals(newPath().elements("first"`"second").build()`newPath().elements("first"`"second"`"third").build().getParentPath());" is 128.,55
xp,com.enonic.wem.api.content,GetActiveContentVersionsResultTest,same_version,Long Statement,The length of the statement "final GetActiveContentVersionsResult result=GetActiveContentVersionsResult.create().add(ActiveContentVersionEntry.from(draft`version)).add(ActiveContentVersionEntry.from(master`version)).build();" is 195.,15
xp,com.enonic.wem.api.content,GetActiveContentVersionsResultTest,same_version,Magic Number,The method contains a magic number: 2,15
xp,com.enonic.wem.api.content,GetActiveContentVersionsResultTest,skip_null,Long Statement,The length of the statement "final GetActiveContentVersionsResult result=GetActiveContentVersionsResult.create().add(ActiveContentVersionEntry.from(draft`version)).add(ActiveContentVersionEntry.from(master`null)).build();" is 192.,37
xp,com.enonic.wem.api.content,GetActiveContentVersionsResultTest,test_ordering,Long Statement,The length of the statement "final GetActiveContentVersionsResult result=GetActiveContentVersionsResult.create().add(ActiveContentVersionEntry.from(master`oldVersion)).add(ActiveContentVersionEntry.from(draft`newVersion)).add(ActiveContentVersionEntry.from(archive`oldestVersion)).build();" is 260.,59
xp,com.enonic.wem.api.content,ContentNotFoundException,ContentNotFoundException,Long Statement,The length of the statement "super(MessageFormat.format("Contents with paths [{0}] were not found in branch [{1}]"`Joiner.on("` ").join(contentPaths)`branch));" is 130.,18
xp,com.enonic.wem.api.content,ContentNotFoundException,ContentNotFoundException,Long Statement,The length of the statement "super(MessageFormat.format("Contents with ids [{0}] were not found in branch [{1}]"`Joiner.on("` ").join(contentIds)`branch));" is 126.,29
xp,com.enonic.wem.api.content,UpdateContentParams,validate,Long Statement,The length of the statement "Preconditions.checkArgument(editor != null || createAttachments != null`"editor and createAttachments cannot be both null");" is 124.,50
xp,com.enonic.wem.api.content,ContentName,Unnamed,Long Statement,The length of the statement "Preconditions.checkArgument(name.startsWith(UNNAMED_PREFIX)`"An UnnamedContent must start with [" + UNNAMED_PREFIX + ": ]"+ name);" is 130.,28
xp,com.enonic.wem.api.content,Unnamed,Unnamed,Long Statement,The length of the statement "Preconditions.checkArgument(name.startsWith(UNNAMED_PREFIX)`"An UnnamedContent must start with [" + UNNAMED_PREFIX + ": ]"+ name);" is 130.,28
xp,com.enonic.wem.api.content,ContentAccessException,ContentAccessException,Long Statement,The length of the statement "this(nodeAccessException`nodeAccessException.getUser()`translateNodePathToContentPath(nodeAccessException.getNodePath())`nodeAccessException.getPermission());" is 158.,24
xp,com.enonic.wem.api.content,ContentAccessException,ContentAccessException,Long Statement,The length of the statement "super(MessageFormat.format("Access denied to [{0}] for [{1}] by user [{2}] {3}"`contentPath`permission`user == null ? "unknown" : user.getKey()`user != null && user.getDisplayName() != null ? "''" + user.getDisplayName() + "''" : "")`cause);" is 241.,35
xp,com.enonic.wem.api.content,EditableContent,build,Long Statement,The length of the statement "return Content.newContent(this.source).displayName(displayName).data(data).metadata(metadata).page(page).valid(validated).thumbnail(thumbnail).inheritPermissions(inheritPermissions).permissions(permissions).owner(owner).language(language).creator(creator).createdTime(createdTime).build();" is 289.,62
xp,com.enonic.wem.api.content,MoveContentParams,hashCode,Magic Number,The method contains a magic number: 31,74
xp,com.enonic.wem.api.content,ContentVersion,hashCode,Magic Number,The method contains a magic number: 31,109
xp,com.enonic.wem.api.content,ContentVersion,hashCode,Magic Number,The method contains a magic number: 31,109
xp,com.enonic.wem.api.content,ContentVersion,hashCode,Magic Number,The method contains a magic number: 31,109
xp,com.enonic.wem.api.content,Content,Content,Long Statement,The length of the statement "Preconditions.checkArgument(!(builder.page.getController() != null && builder.page.getTemplate() != null)`"A Page cannot have both have a controller and a template set");" is 170.,75
xp,com.enonic.wem.api.content,Content,equals,Long Statement,The length of the statement "return Objects.equals(id`other.id) && Objects.equals(name`other.name) && Objects.equals(parentPath`other.parentPath)&& Objects.equals(displayName`other.displayName)&& Objects.equals(type`other.type)&& Objects.equals(valid`other.valid)&& Objects.equals(modifier`other.modifier)&& Objects.equals(creator`other.creator)&& Objects.equals(owner`other.owner)&& Objects.equals(createdTime`other.createdTime)&& Objects.equals(modifiedTime`other.modifiedTime)&& Objects.equals(hasChildren`other.hasChildren)&& Objects.equals(inheritPermissions`other.inheritPermissions)&& Objects.equals(childOrder`other.childOrder)&& Objects.equals(thumbnail`other.thumbnail)&& Objects.equals(permissions`other.permissions)&& Objects.equals(attachments`other.attachments)&& Objects.equals(data`other.data)&& Objects.equals(metadata`other.metadata)&& Objects.equals(page`other.page)&& Objects.equals(language`other.language)&& Objects.equals(contentState`other.contentState);" is 949.,290
xp,com.enonic.wem.api.content,Content,hashCode,Long Statement,The length of the statement "return Objects.hash(id`name`parentPath`displayName`type`valid`modifier`creator`owner`createdTime`modifiedTime`hasChildren`inheritPermissions`childOrder`thumbnail`permissions`attachments`data`metadata`page`language`contentState);" is 228.,328
xp,com.enonic.wem.api.content,Content,attachments,Long Statement,The length of the statement "thumbnail(Thumbnail.from(thumbnailAttachment.getBinaryReference()`thumbnailAttachment.getMimeType()`thumbnailAttachment.getSize()));" is 132.,525
xp,com.enonic.wem.api.content,Builder,attachments,Long Statement,The length of the statement "thumbnail(Thumbnail.from(thumbnailAttachment.getBinaryReference()`thumbnailAttachment.getMimeType()`thumbnailAttachment.getSize()));" is 132.,525
xp,com.enonic.wem.api.content,ContentPath,validatePathElement,Long Statement,The length of the statement "Preconditions.checkArgument(!pathElement.contains(ELEMENT_DIVIDER)`"A path element cannot contain an element divider '%s': [%s]"`ELEMENT_DIVIDER`pathElement);" is 158.,255
xp,com.enonic.wem.api.content,Builder,validatePathElement,Long Statement,The length of the statement "Preconditions.checkArgument(!pathElement.contains(ELEMENT_DIVIDER)`"A path element cannot contain an element divider '%s': [%s]"`ELEMENT_DIVIDER`pathElement);" is 158.,255
xp,com.enonic.wem.api.content,ApplyContentPermissionsParams,equals,Long Statement,The length of the statement "return Objects.equal(this.contentId`that.contentId) && Objects.equal(this.overwriteChildPermissions`that.overwriteChildPermissions);" is 132.,44
xp,com.enonic.wem.api.content,FindContentByParentParams,FindContentByParentParams,Long Statement,The length of the statement "Preconditions.checkArgument(builder.parentPath == null || builder.parentId == null`"expected either parentPath or parentId` but not both");" is 139.,23
xp,com.enonic.wem.api.content,FindContentByParentParams,equals,Long Statement,The length of the statement "return Objects.equals(this.parentPath`that.parentPath) && Objects.equals(this.parentId`that.parentId) && Objects.equals(this.size`that.size)&& Objects.equals(this.from`that.from)&& Objects.equals(this.childOrder`that.childOrder);" is 229.,63
xp,com.enonic.wem.api.content.site,SiteTest,moduleConfigs,Long Statement,The length of the statement "ModuleConfig moduleConfig=ModuleConfig.newModuleConfig().module(ModuleKey.from("mymodule")).config(new PropertyTree(new PropertyTree.PredictivePropertyIdProvider())).build();" is 174.,26
xp,com.enonic.wem.api.content.site,SiteTest,moduleConfigs,Long Statement,The length of the statement "Site site=Site.newSite().moduleConfigs(ModuleConfigs.from(moduleConfig)).name("my-content").parentPath(ContentPath.ROOT).build();" is 129.,26
xp,com.enonic.wem.api.content.site,ContentTypeFilterTest,testContentFilterDeny,Long Statement,The length of the statement "final ContentTypeFilter filter=ContentTypeFilter.newContentFilter().defaultDeny().allowContentType(ContentTypeName.from("mymodule:com.enonic.tweet")).allowContentType("mymodule:system.folder").allowContentTypes(ContentTypeNames.from("mymodule:com.enonic.article"`"mymodule:com.enonic.employee")).build();" is 304.,17
xp,com.enonic.wem.api.content.site,ContentTypeFilterTest,testContentFilterAllow,Long Statement,The length of the statement "final ContentTypeFilter filter=ContentTypeFilter.newContentFilter().defaultAllow().denyContentType(ContentTypeName.from("mymodule:com.enonic.tweet")).denyContentType("mymodule:system.folder").denyContentTypes(ContentTypeNames.from("mymodule:com.enonic.article"`"mymodule:com.enonic.employee")).build();" is 302.,36
xp,com.enonic.wem.api.content.site,ContentTypeFilterTest,testContentFilterIteration,Long Statement,The length of the statement "final ContentTypeFilter filter=ContentTypeFilter.newContentFilter().defaultAllow().denyContentType(ContentTypeName.from("mymodule:com.enonic.tweet")).denyContentType("mymodule:system.folder").denyContentTypes(ContentTypeNames.from("mymodule:com.enonic.article"`"mymodule:com.enonic.employee")).build();" is 302.,55
xp,com.enonic.wem.api.content.site,Site,addModuleConfig,Long Identifier,The length of the field MODULE_CONFIGS_DATA_SERIALIZER is 30.,86
xp,com.enonic.wem.api.content.site,Site,moduleConfigs,Long Identifier,The length of the field MODULE_CONFIGS_DATA_SERIALIZER is 30.,97
xp,com.enonic.wem.api.content.site,Builder,addModuleConfig,Long Identifier,The length of the field MODULE_CONFIGS_DATA_SERIALIZER is 30.,86
xp,com.enonic.wem.api.content.site,Builder,moduleConfigs,Long Identifier,The length of the field MODULE_CONFIGS_DATA_SERIALIZER is 30.,97
xp,com.enonic.wem.api.content.site,ModuleConfigDataSerializer,fromData,Long Statement,The length of the statement "return ModuleConfig.newModuleConfig().module(ModuleKey.from(moduleConfigAsSet.getString("moduleKey"))).config(moduleConfigAsSet.getSet("config").toTree()).build();" is 163.,16
xp,com.enonic.wem.api.content.page.region,ComponentsTest,page,Long Statement,The length of the statement "Page page=newPage().template(PageTemplateKey.from("pageTemplateName")).config(pageConfig).regions(PageRegions.newPageRegions().build()).build();" is 144.,19
xp,com.enonic.wem.api.content.page.region,ComponentsTest,page,Magic Number,The method contains a magic number: 200L,19
xp,com.enonic.wem.api.content.page.region,ComponentsTest,part,Long Statement,The length of the statement "PartComponent partComponent=newPartComponent().name("my-part").descriptor(DescriptorKey.from("mainmodule:partTemplateName")).config(partConfig).build();" is 152.,34
xp,com.enonic.wem.api.content.page.region,ComponentsTest,part,Magic Number,The method contains a magic number: 150L,34
xp,com.enonic.wem.api.content.page.region,ComponentsTest,layout,Long Statement,The length of the statement "LayoutComponent layoutComponent=newLayoutComponent().name("my-template").descriptor(DescriptorKey.from("mainmodule:layoutTemplateName")).config(layoutConfig).build();" is 166.,51
xp,com.enonic.wem.api.content.page.region,ComponentsTest,layout,Magic Number,The method contains a magic number: 2L,51
xp,com.enonic.wem.api.content.page.region,AbstractRegions,getComponent,Long Statement,The length of the statement "throw new IllegalArgumentException("Expected component to be a LayoutComponent: " + component.getClass().getSimpleName());" is 122.,38
xp,com.enonic.wem.api.content.page.region,ComponentPath,from,Magic Number,The method contains a magic number: 2,41
xp,com.enonic.wem.api.content.page.region,ComponentPath,from,Magic Number,The method contains a magic number: 2,41
xp,com.enonic.wem.api.content.page.region,Region,Region,Long Identifier,The length of the identifier layoutComponentWithinLayoutComponent is 36.,17
xp,com.enonic.wem.api.content.page.region,Region,setParent,Long Identifier,The length of the identifier layoutComponentWithinLayoutComponent is 36.,55
xp,com.enonic.wem.api.content.page,DescriptorsTest,pageDescriptor,Long Statement,The length of the statement "PageDescriptor pageDescriptor=PageDescriptor.newPageDescriptor().displayName("Landing page").config(pageForm).regions(newRegionDescriptors().build()).key(DescriptorKey.from("module:landing-page")).build();" is 205.,17
xp,com.enonic.wem.api.content.page,DescriptorsTest,partDescriptor,Long Statement,The length of the statement "PartDescriptor partDescriptor=PartDescriptor.newPartDescriptor().name("news-part").displayName("News part").config(partForm).key(DescriptorKey.from("module:new-part")).build();" is 176.,36
xp,com.enonic.wem.api.content.page,DescriptorsTest,layoutDescriptor,Long Statement,The length of the statement "LayoutDescriptor layoutDescriptor=LayoutDescriptor.newLayoutDescriptor().name("fancy-layout").displayName("Fancy layout").config(layoutForm).regions(newRegionDescriptors().build()).key(DescriptorKey.from("module:fancy-layout")).build();" is 236.,53
xp,com.enonic.wem.api.content.page,PageTemplateTest,pageTemplate,Long Statement,The length of the statement "final PageTemplate.Builder builder=PageTemplate.newPageTemplate().key(PageTemplateKey.from("abcdefg")).canRender(ContentTypeNames.from("mainmodule:article"`"mainmodule:banner")).controller(DescriptorKey.from(ModuleKey.from("mainmodule")`"landing-page")).config(pageTemplateConfig).regions(PageRegions.newPageRegions().build());" is 327.,15
xp,com.enonic.wem.api.content.page,PageTemplateTest,pageTemplate,Magic Number,The method contains a magic number: 10000L,15
xp,com.enonic.wem.api.content.page,PageTest,equals,Long Statement,The length of the statement "Region region1=Region.newRegion().name("main").add(PartComponent.newPartComponent().name("MyPart").descriptor("descriptor-x").config(new PropertyTree(new PropertyTree.PredictivePropertyIdProvider())).build()).add(PartComponent.newPartComponent().name("MyOtherPart").descriptor("descriptor-y").config(new PropertyTree(new PropertyTree.PredictivePropertyIdProvider())).build()).build();" is 384.,12
xp,com.enonic.wem.api.content.page,PageTest,equals,Long Statement,The length of the statement "Region region2=Region.newRegion().name("apart").add(PartComponent.newPartComponent().name("MyPart").descriptor("descriptor-x").config(new PropertyTree(new PropertyTree.PredictivePropertyIdProvider())).build()).add(PartComponent.newPartComponent().name("MyOtherPart").descriptor("descriptor-y").config(new PropertyTree(new PropertyTree.PredictivePropertyIdProvider())).build()).build();" is 385.,12
xp,com.enonic.wem.api.content.page,PageTest,equals,Long Statement,The length of the statement "return Page.newPage().config(config1).template(PageTemplateKey.from("template-x")).regions(PageRegions.newPageRegions().add(region1).build()).build();" is 150.,12
xp,com.enonic.wem.api.content.page,PageTest,equals,Long Statement,The length of the statement "Page notX1=Page.newPage().config(config1).template(PageTemplateKey.from("template-x")).regions(PageRegions.newPageRegions().add(region2).build()).build();" is 154.,12
xp,com.enonic.wem.api.content.page,PageTest,equals,Long Statement,The length of the statement "Page notX2=Page.newPage().config(config1).template(PageTemplateKey.from("template-x")).regions(PageRegions.newPageRegions().add(region1).add(region2).build()).build();" is 167.,12
xp,com.enonic.wem.api.content.page,PageTest,equals,Long Statement,The length of the statement "Page notX3=Page.newPage().config(config2).template(PageTemplateKey.from("template-x")).regions(PageRegions.newPageRegions().add(region1).build()).build();" is 154.,12
xp,com.enonic.wem.api.content.page,PageTest,equals,Long Statement,The length of the statement "Page notX4=Page.newPage().config(config1).template(PageTemplateKey.from("template-y")).regions(PageRegions.newPageRegions().add(region1).build()).build();" is 154.,12
xp,com.enonic.wem.api.content.page,PageTest,equals,Long Statement,The length of the statement "return Page.newPage().config(config1).template(PageTemplateKey.from("template-x")).regions(PageRegions.newPageRegions().add(region1).build()).build();" is 150.,12
xp,com.enonic.wem.api.content.page,PageTest,equals,Long Statement,The length of the statement "return Page.newPage().config(config1).template(PageTemplateKey.from("template-x")).regions(PageRegions.newPageRegions().add(region1).build()).build();" is 150.,12
xp,com.enonic.wem.api.content.page,PageTest,getObjectX,Long Statement,The length of the statement "return Page.newPage().config(config1).template(PageTemplateKey.from("template-x")).regions(PageRegions.newPageRegions().add(region1).build()).build();" is 150.,51
xp,com.enonic.wem.api.content.page,PageTest,getObjectsThatNotEqualsX,Long Statement,The length of the statement "Page notX1=Page.newPage().config(config1).template(PageTemplateKey.from("template-x")).regions(PageRegions.newPageRegions().add(region2).build()).build();" is 154.,61
xp,com.enonic.wem.api.content.page,PageTest,getObjectsThatNotEqualsX,Long Statement,The length of the statement "Page notX2=Page.newPage().config(config1).template(PageTemplateKey.from("template-x")).regions(PageRegions.newPageRegions().add(region1).add(region2).build()).build();" is 167.,61
xp,com.enonic.wem.api.content.page,PageTest,getObjectsThatNotEqualsX,Long Statement,The length of the statement "Page notX3=Page.newPage().config(config2).template(PageTemplateKey.from("template-x")).regions(PageRegions.newPageRegions().add(region1).build()).build();" is 154.,61
xp,com.enonic.wem.api.content.page,PageTest,getObjectsThatNotEqualsX,Long Statement,The length of the statement "Page notX4=Page.newPage().config(config1).template(PageTemplateKey.from("template-y")).regions(PageRegions.newPageRegions().add(region1).build()).build();" is 154.,61
xp,com.enonic.wem.api.content.page,PageTest,getObjectThatEqualsXButNotTheSame,Long Statement,The length of the statement "return Page.newPage().config(config1).template(PageTemplateKey.from("template-x")).regions(PageRegions.newPageRegions().add(region1).build()).build();" is 150.,91
xp,com.enonic.wem.api.content.page,PageTest,getObjectThatEqualsXButNotTheSame2,Long Statement,The length of the statement "return Page.newPage().config(config1).template(PageTemplateKey.from("template-x")).regions(PageRegions.newPageRegions().add(region1).build()).build();" is 150.,101
xp,com.enonic.wem.api.content.page,PageRegionsTest,iterator,Long Statement,The length of the statement "PageRegions regions=newPageRegions().add(newRegion().name("a-region").build()).add(newRegion().name("b-region").build()).add(newRegion().name("c-region").build()).build();" is 171.,29
xp,com.enonic.wem.api.content.page,PageRegionsTest,getRegion,Long Statement,The length of the statement "PageRegions regions=newPageRegions().add(newRegion().name("a-region").build()).add(newRegion().name("b-region").build()).add(newRegion().name("c-region").build()).build();" is 171.,54
xp,com.enonic.wem.api.content.page,PageRegionsTest,componentPaths_one_level,Long Statement,The length of the statement "PageRegions regions=newPageRegions().add(newRegion().name("a-region").add(newPartComponent().name(ComponentName.from("part-a-in-a")).build()).build()).add(newRegion().name("b-region").add(newPartComponent().name(ComponentName.from("part-a-in-b")).build()).add(newPartComponent().name(ComponentName.from("part-b-in-b")).build()).build()).build();" is 345.,69
xp,com.enonic.wem.api.content.page,PageRegionsTest,componentPaths_two_levels,Long Statement,The length of the statement "PageRegions pageRegions=newPageRegions().add(newRegion().name("region-level-1").add(newLayoutComponent().name(ComponentName.from("layout-level-1")).regions(newLayoutRegions().add(newRegion().name("region-level-2").add(newPartComponent().name(ComponentName.from("part-level-2")).build()).build()).build()).build()).build()).build();" is 331.,96
xp,com.enonic.wem.api.content.page,PageRegionsTest,getComponent,Long Statement,The length of the statement "PageRegions regions=newPageRegions().add(newRegion().name("a-region").add(newPartComponent().name("part-1-in-region-a").build()).build()).add(newRegion().name("b-region").add(newPartComponent().name("part-1-in-region-b").build()).build()).build();" is 247.,123
xp,com.enonic.wem.api.content.page,Page,Page,Long Statement,The length of the statement "Preconditions.checkArgument(!(builder.controller != null && builder.template != null)`"A Page cannot have both have a controller and a template set");" is 150.,24
xp,com.enonic.wem.api.content.page,Page,equals,Long Statement,The length of the statement "return Objects.equals(template`other.template) && Objects.equals(controller`other.controller) && Objects.equals(config`other.config)&& Objects.equals(regions`other.regions);" is 173.,86
xp,com.enonic.wem.api.content.attachment,AttachmentTest,getNameWithoutExtension,Long Statement,The length of the statement "assertEquals("MyImage"`Attachment.newAttachment().mimeType("image/jpg").name("MyImage.jpg").build().getNameWithoutExtension());" is 127.,9
xp,com.enonic.wem.api.content.attachment,AttachmentTest,getNameWithoutExtension,Long Statement,The length of the statement "assertEquals("MyImage.something"`Attachment.newAttachment().mimeType("image/jpg").name("MyImage.something.jpg").build().getNameWithoutExtension());" is 147.,9
xp,com.enonic.wem.api.content.attachment,AttachmentTest,getExtension,Long Statement,The length of the statement "assertEquals("jpg"`Attachment.newAttachment().mimeType("image/jpg").name("MyImage.something.jpg").build().getExtension());" is 122.,23
xp,com.enonic.wem.api.content.attachment,Attachment,equals,Long Statement,The length of the statement "return Objects.equal(this.name`that.name) && Objects.equal(this.mimeType`that.mimeType) && Objects.equal(this.label`that.label)&& Objects.equal(this.size`that.size);" is 165.,68
xp,com.enonic.wem.api.vfs,PathBasedVirtualFileTest,testGetChildren,Magic Number,The method contains a magic number: 3,72
xp,com.enonic.wem.api.vfs,PathBasedVirtualFileTest,testGetChildren,Magic Number,The method contains a magic number: 2,72
xp,com.enonic.wem.api.vfs,VirtualFilePathImpl,subtractPath,Long Statement,The length of the statement "Preconditions.checkArgument(this.elements.size() >= subtract.size()`"No point in trying to remove [" + subtract.getPath() + "] from ["+ this.getPath()+ "]");" is 157.,68
xp,com.enonic.wem.api.query.parser,QueryGrammar,tokenizer,Long Statement,The length of the statement "return Parsers.or(this.terminals.tokenizer()`this.identifierToken`Terminals.StringLiteral.DOUBLE_QUOTE_TOKENIZER`Terminals.StringLiteral.SINGLE_QUOTE_TOKENIZER`decimalToken());" is 176.,52
xp,com.enonic.wem.api.query.parser,QueryGrammar,parseConstraint,Magic Number,The method contains a magic number: 30,165
xp,com.enonic.wem.api.query.parser,QueryGrammar,parseConstraint,Magic Number,The method contains a magic number: 20,165
xp,com.enonic.wem.api.query.parser,QueryGrammar,parseConstraint,Magic Number,The method contains a magic number: 10,165
xp,com.enonic.wem.api.query.aggregation,DateRangeAggregationQueryTest,testBuilder,Long Statement,The length of the statement "final DateRangeAggregationQuery query=DateRangeAggregationQuery.create("dateRangeQuery").fieldName("myFieldName").addRange(DateRange.create().from(past).key("myRange2").build()).addRange(DateRange.create().key("myRange1").to(future).build()).build();" is 250.,14
xp,com.enonic.wem.api.query.aggregation,DateRangeAggregationQueryTest,testBuilder,Magic Number,The method contains a magic number: 1975,14
xp,com.enonic.wem.api.query.aggregation,DateRangeAggregationQueryTest,testBuilder,Magic Number,The method contains a magic number: 8,14
xp,com.enonic.wem.api.query.aggregation,DateRangeAggregationQueryTest,testBuilder,Magic Number,The method contains a magic number: 12,14
xp,com.enonic.wem.api.query.aggregation,DateRangeAggregationQueryTest,testBuilder,Magic Number,The method contains a magic number: 4,14
xp,com.enonic.wem.api.query.aggregation,DateRangeAggregationQueryTest,testBuilder,Magic Number,The method contains a magic number: 2055,14
xp,com.enonic.wem.api.query.aggregation,DateRangeAggregationQueryTest,testBuilder,Magic Number,The method contains a magic number: 12,14
xp,com.enonic.wem.api.query.aggregation,DateRangeAggregationQueryTest,testBuilder,Magic Number,The method contains a magic number: 2,14
xp,com.enonic.wem.api.query.expr,CompareExprTest,eq_compare,Magic Number,The method contains a magic number: 2,12
xp,com.enonic.wem.api.query.expr,CompareExprTest,neq_compare,Magic Number,The method contains a magic number: 2,28
xp,com.enonic.wem.api.query.expr,CompareExprTest,gt_compare,Magic Number,The method contains a magic number: 2,44
xp,com.enonic.wem.api.query.expr,CompareExprTest,gte_compare,Magic Number,The method contains a magic number: 2,60
xp,com.enonic.wem.api.query.expr,CompareExprTest,lt_compare,Magic Number,The method contains a magic number: 2,76
xp,com.enonic.wem.api.query.expr,CompareExprTest,lte_compare,Magic Number,The method contains a magic number: 2,92
xp,com.enonic.wem.api.query.expr,CompareExprTest,in_compare,Magic Number,The method contains a magic number: 2,140
xp,com.enonic.wem.api.query.expr,CompareExprTest,not_in_compare,Magic Number,The method contains a magic number: 2,156
xp,com.enonic.wem.api.query.expr,ValueExprTest,numberValue,Magic Number,The method contains a magic number: 33,35
xp,com.enonic.wem.api.query.expr,NotExprTest,testExpression,Magic Number,The method contains a magic number: 2,8
xp,com.enonic.wem.api.query.expr,QueryExprTest,full_query,Magic Number,The method contains a magic number: 2,22
xp,com.enonic.wem.api.query.expr,QueryExprTest,only_constraint_in_query,Magic Number,The method contains a magic number: 2,34
xp,com.enonic.wem.api.query.expr,LogicalExprTest,andExpression,Magic Number,The method contains a magic number: 2,8
xp,com.enonic.wem.api.query.expr,LogicalExprTest,andExpression,Magic Number,The method contains a magic number: 2,8
xp,com.enonic.wem.api.query.expr,LogicalExprTest,orExpression,Magic Number,The method contains a magic number: 2,21
xp,com.enonic.wem.api.query.expr,LogicalExprTest,orExpression,Magic Number,The method contains a magic number: 2,21
xp,com.enonic.wem.api.query.expr,FieldOrderExpr,hashCode,Magic Number,The method contains a magic number: 31,58
xp,com.enonic.wem.api.query.filter,ValueFilterTest,multiple_values,Magic Number,The method contains a magic number: 3,10
xp,com.enonic.wem.api.context,ContextBuilderTest,testBuildFrom,Long Statement,The length of the statement "final Context old=ContextBuilder.create().repositoryId("repository").branch("branch").attribute("key1"`"value1").build();" is 121.,40
xp,com.enonic.wem.api.context,ContextBuilderTest,copy_construct_with_overwrite,Long Statement,The length of the statement "final Context old=ContextBuilder.create().repositoryId("repository").branch("branch").attribute("key1"`"value1").build();" is 121.,63
xp,com.enonic.wem.api.context,ContextImpl,getAuthInfo,Long Statement,The length of the statement "return getAttribute(AuthenticationInfo.class) == null ? AuthenticationInfo.unAuthenticated() : getAttribute(AuthenticationInfo.class);" is 134.,38
xp,com.enonic.wem.api.node,RootNodeTest,create,Long Statement,The length of the statement "final RootNode rootNode=RootNode.create().childOrder(ChildOrder.create().add(FieldOrderExpr.create(NodeIndexPath.NAME`OrderExpr.Direction.ASC)).build()).permissions(AccessControlList.of(AccessControlEntry.create().allowAll().principal(RoleKeys.CONTENT_MANAGER_ADMIN).build())).build();" is 285.,16
xp,com.enonic.wem.api.node,NodeComparisons,getWithStatus,Long Statement,The length of the statement "result.addAll(this.nodeComparisons.stream().filter(nodeComparison -> nodeComparison.getCompareStatus().getStatus().equals(status)).collect(Collectors.toList()));" is 161.,66
xp,com.enonic.wem.api.node,FindNodesByParentParams,FindNodesByParentParams,Long Statement,The length of the statement "Preconditions.checkArgument(builder.parentPath == null || builder.parentId == null`"expected either parentPath or parentId` but not both");" is 139.,21
xp,com.enonic.wem.api.node,RootNode,RootNode,Long Statement,The length of the statement "super(new Node.Builder().id(UUID).parentPath(null).name(RootNodeName.create()).permissions(builder.permissions).childOrder(builder.childOrder));" is 144.,13
xp,com.enonic.wem.api.node,EditableNode,build,Long Statement,The length of the statement "return Node.newNode(source).name(name).data(data).indexConfigDocument(indexConfigDocument).manualOrderValue(manualOrderValue).childOrder(childOrder).permissions(permissions).inheritPermissions(inheritPermissions).build();" is 221.,39
xp,com.enonic.wem.api.node,AttachedBinary,hashCode,Magic Number,The method contains a magic number: 31,54
xp,com.enonic.wem.api.node,NodeVersion,hashCode,Magic Number,The method contains a magic number: 31,71
xp,com.enonic.wem.api.node,NodeComparison,hashCode,Magic Number,The method contains a magic number: 31,53
xp,com.enonic.wem.api.node,NodeAccessException,NodeAccessException,Long Statement,The length of the statement "super(MessageFormat.format("Access denied to [{0}] for [{1}] by user [{2}] {3}"`nodePath`permission`user == null ? "unknown" : user.getKey()`user != null && user.getDisplayName() != null ? "''" + user.getDisplayName() + "''" : ""));" is 232.,18
xp,com.enonic.wem.api.node,CreateNodeParams,from,Long Statement,The length of the statement "return new Builder().indexConfigDocument(node.getIndexConfigDocument()).permissions(node.getPermissions()).data(node.data()).childOrder(node.getChildOrder()).nodeType(node.getNodeType()).name(node.name().toString()).parent(node.parentPath());" is 242.,73
xp,com.enonic.wem.api.node,CreateNodeParams,equals,Long Statement,The length of the statement "return Objects.equals(nodeId`that.nodeId) && Objects.equals(parent`that.parent) && Objects.equals(name`that.name)&& Objects.equals(data`that.data)&& Objects.equals(indexConfigDocument`that.indexConfigDocument)&& Objects.equals(childOrder`that.childOrder)&& Objects.equals(permissions`that.permissions)&& Objects.equals(nodeType`that.nodeType)&& Objects.equals(binaryAttachments`that.binaryAttachments)&& inheritPermissions == that.inheritPermissions;" is 450.,295
xp,com.enonic.wem.api.node,CreateNodeParams,hashCode,Long Statement,The length of the statement "return Objects.hash(parent`name`data`indexConfigDocument`childOrder`nodeId`permissions`inheritPermissions`nodeType`binaryAttachments);" is 134.,320
xp,com.enonic.wem.api.node,Node,equals,Long Statement,The length of the statement "return Objects.equals(id`node.id) && Objects.equals(name`node.name) && Objects.equals(nodeType`node.nodeType)&& Objects.equals(parentPath`node.parentPath)&& Objects.equals(hasChildren`node.hasChildren)&& Objects.equals(inheritPermissions`node.inheritPermissions)&& Objects.equals(manualOrderValue`node.manualOrderValue)&& Objects.equals(childOrder`node.childOrder)&& Objects.equals(permissions`node.permissions)&& Objects.equals(data`node.data)&& Objects.equals(attachedBinaries`node.attachedBinaries)&& Objects.equals(indexConfigDocument`node.indexConfigDocument);" is 565.,369
xp,com.enonic.wem.api.node,Node,hashCode,Long Statement,The length of the statement "return Objects.hash(id`name`parentPath`nodeType`hasChildren`inheritPermissions`manualOrderValue`childOrder`permissions`data`indexConfigDocument`attachedBinaries);" is 162.,397
xp,com.enonic.wem.api.export,NodeExportResult,toString,Long Statement,The length of the statement "return "NodeExportResult{" + "dryRun=" + dryRun + "` exportedNodes="+ exportedNodes+ "` exportErrors="+ Arrays.toString(exportErrors.toArray())+ "` exportedBinaries="+ Arrays.toString(exportedBinaries.toArray())+ '}';" is 217.,62
xp,com.enonic.wem.api.export,NodeImportResult,toString,Long Statement,The length of the statement "return "NodeImportResult{" + "addedNodes=" + addedNodes + "` updateNodes="+ updateNodes+ "` importErrors="+ Arrays.toString(importErrors.toArray())+ "` exportedBinaries="+ Arrays.toString(exportedBinaries.toArray())+ '}';" is 221.,73
xp,com.enonic.wem.api.thumb,Thumbnail,equals,Long Statement,The length of the statement "return Objects.equals(binaryReference`other.binaryReference) && Objects.equals(mimeType`other.mimeType) && Objects.equals(size`other.size);" is 139.,42
xp,com.enonic.wem.api.image,ImageHelper,setCompressionQuality,Empty catch clause,The method has an empty catch block.,54
xp,com.enonic.wem.api.image,ImageHelper,setCompressionQuality,Magic Number,The method contains a magic number: 100,54
xp,com.enonic.wem.api.image,ImageHelper,setCompressionQuality,Magic Number,The method contains a magic number: 100,54
xp,com.enonic.wem.api.image,ImageHelper,setCompressionQuality,Magic Number,The method contains a magic number: 100f,54
xp,com.enonic.wem.api.image.filter,ScaleSquareFilter,filter,Magic Number,The method contains a magic number: 2f,15
xp,com.enonic.wem.api.image.filter,ScaleSquareFilter,filter,Magic Number,The method contains a magic number: 2f,15
xp,com.enonic.wem.api.blob,BlobKey,BlobKey,Magic Number,The method contains a magic number: 2,14
xp,com.enonic.wem.api.blob,BlobKey,BlobKey,Magic Number,The method contains a magic number: 2,14
xp,com.enonic.wem.api.blob,BlobKey,BlobKey,Magic Number,The method contains a magic number: 4,14
xp,com.enonic.wem.api.blob,BlobKey,BlobKey,Magic Number,The method contains a magic number: 0x0f,14
xp,com.enonic.wem.api.blob,BlobKey,BlobKey,Magic Number,The method contains a magic number: 2,14
xp,com.enonic.wem.api.blob,BlobKey,BlobKey,Magic Number,The method contains a magic number: 0x0f,14
xp,com.enonic.xp.portal.impl.jslib,ContentFixtures,newContents,Long Statement,The length of the statement "final Content content1=Content.newContent().id(ContentId.from("111111")).name("mycontent").displayName("My Content").parentPath(ContentPath.from("/a/b")).modifier(PrincipalKey.from("user:system:admin")).modifiedTime(Instant.ofEpochSecond(0)).creator(PrincipalKey.from("user:system:admin")).createdTime(Instant.ofEpochSecond(0)).build();" is 336.,72
xp,com.enonic.xp.portal.impl.jslib,ContentFixtures,newContents,Long Statement,The length of the statement "final Content content2=Content.newContent().id(ContentId.from("222222")).name("othercontent").displayName("Other Content").parentPath(ContentPath.from("/a/b")).modifier(PrincipalKey.from("user:system:admin")).modifiedTime(Instant.ofEpochSecond(0)).creator(PrincipalKey.from("user:system:admin")).createdTime(Instant.ofEpochSecond(0)).build();" is 342.,72
xp,com.enonic.xp.portal.impl.jslib,ContentFixtures,newContents,Long Statement,The length of the statement "final Content content3=Content.newContent().id(ContentId.from("333333")).name("another").displayName("Another Content").parentPath(ContentPath.from("/a/b")).modifier(PrincipalKey.from("user:system:admin")).modifiedTime(Instant.ofEpochSecond(0)).creator(PrincipalKey.from("user:system:admin")).createdTime(Instant.ofEpochSecond(0)).build();" is 339.,72
xp,com.enonic.xp.portal.impl.jslib,ContentFixtures,newPropertyTree,Magic Number,The method contains a magic number: 2L,110
xp,com.enonic.xp.portal.impl.jslib,ContentFixtures,newPropertyTree,Magic Number,The method contains a magic number: 3L,110
xp,com.enonic.xp.portal.impl.jslib,ContentFixtures,newPropertyTree,Magic Number,The method contains a magic number: 2.2,110
xp,com.enonic.xp.portal.impl.jslib,ContentFixtures,newPropertyTree,Magic Number,The method contains a magic number: 1.1,110
xp,com.enonic.xp.portal.impl.jslib,ContentFixtures,newPropertyTree,Magic Number,The method contains a magic number: 2.2,110
xp,com.enonic.xp.portal.impl.jslib,ContentFixtures,newPropertyTree,Magic Number,The method contains a magic number: 3.3,110
xp,com.enonic.xp.portal.impl.jslib,ContentFixtures,newPropertyTree,Magic Number,The method contains a magic number: 1.1,110
xp,com.enonic.xp.portal.impl.jslib,ContentFixtures,newPropertyTree,Magic Number,The method contains a magic number: 1.1,110
xp,com.enonic.xp.portal.impl.jslib,ContentFixtures,newPropertyTree,Magic Number,The method contains a magic number: 1.1,110
xp,com.enonic.xp.portal.impl.jslib,ContentFixtures,newPropertyTree,Magic Number,The method contains a magic number: 1.1,110
xp,com.enonic.xp.portal.impl.jslib,ContentFixtures,newPropertyTree,Magic Number,The method contains a magic number: 2.2,110
xp,com.enonic.xp.portal.impl.jslib,ContentFixtures,newPropertyTree,Magic Number,The method contains a magic number: 2.2,110
xp,com.enonic.xp.portal.impl.jslib,ContentFixtures,newPropertyTree,Magic Number,The method contains a magic number: 2014,110
xp,com.enonic.xp.portal.impl.jslib,ContentFixtures,newPropertyTree,Magic Number,The method contains a magic number: 31,110
xp,com.enonic.xp.portal.impl.jslib,ContentFixtures,newPropertyTree,Magic Number,The method contains a magic number: 2014,110
xp,com.enonic.xp.portal.impl.jslib,ContentFixtures,newPropertyTree,Magic Number,The method contains a magic number: 31,110
xp,com.enonic.xp.portal.impl.jslib,ContentFixtures,newPropertyTree,Magic Number,The method contains a magic number: 10,110
xp,com.enonic.xp.portal.impl.jslib,ContentFixtures,newPropertyTree,Magic Number,The method contains a magic number: 30,110
xp,com.enonic.xp.portal.impl.jslib,ContentFixtures,newPropertyTree,Magic Number,The method contains a magic number: 5,110
xp,com.enonic.xp.portal.impl.jslib,ContentFixtures,newPropertyTree,Magic Number,The method contains a magic number: 2L,110
xp,com.enonic.xp.portal.impl.jslib,ContentFixtures,newSmallPropertyTree,Magic Number,The method contains a magic number: 2L,142
xp,com.enonic.xp.portal.impl.jslib,ContentFixtures,newSite,Long Statement,The length of the statement "final ModuleConfig moduleConfig=ModuleConfig.newModuleConfig().module(ModuleKey.from("mymodule")).config(moduleConfigConfig).build();" is 133.,228
xp,com.enonic.xp.portal.impl.jslib,ContentFixtures,newSite,Magic Number,The method contains a magic number: 42l,228
xp,com.enonic.xp.portal.impl.jslib.content,CreateContentHandlerTest,createContent,Long Statement,The length of the statement "Mockito.when(this.contentService.create(Mockito.any(CreateContentParams.class))).thenAnswer(mock -> createContent((CreateContentParams)mock.getArguments()[0]));" is 160.,40
xp,com.enonic.xp.portal.impl.jslib.content,ModifyContentHandlerTest,modifyById,Long Statement,The length of the statement "Mockito.when(this.contentService.update(Mockito.isA(UpdateContentParams.class))).thenAnswer(invocationOnMock -> invokeUpdate((UpdateContentParams)invocationOnMock.getArguments()[0]));" is 183.,41
xp,com.enonic.xp.portal.impl.jslib.content,ModifyContentHandlerTest,modifyByPath,Long Statement,The length of the statement "Mockito.when(this.contentService.update(Mockito.isA(UpdateContentParams.class))).thenAnswer(invocationOnMock -> invokeUpdate((UpdateContentParams)invocationOnMock.getArguments()[0]));" is 183.,56
xp,com.enonic.xp.portal.impl.jslib.content,QueryContentHandlerTest,query,Long Statement,The length of the statement "final Buckets buckets1=Buckets.create().add(Bucket.create().key("male").docCount(10).build()).add(Bucket.create().key("female").docCount(12).build()).build();" is 158.,40
xp,com.enonic.xp.portal.impl.jslib.content,QueryContentHandlerTest,query,Long Statement,The length of the statement "final Buckets buckets2=Buckets.create().add(Bucket.create().key("2014-01").docCount(8).build()).add(Bucket.create().key("2014-02").docCount(10).build()).add(Bucket.create().key("2014-03").docCount(12).build()).build();" is 218.,40
xp,com.enonic.xp.portal.impl.jslib.content,QueryContentHandlerTest,query,Long Statement,The length of the statement "final Buckets buckets3=Buckets.create().add(NumericRangeBucket.create().key("a").docCount(2).to(50).build()).add(NumericRangeBucket.create().key("b").docCount(4).from(50).to(100).build()).add(NumericRangeBucket.create().key("c").docCount(4).from(100).build()).build();" is 268.,40
xp,com.enonic.xp.portal.impl.jslib.content,QueryContentHandlerTest,query,Long Statement,The length of the statement "final Buckets buckets4=Buckets.create().add(DateRangeBucket.create().from(t1).docCount(2).build()).add(DateRangeBucket.create().to(t1).from(t2).docCount(5).build()).add(DateRangeBucket.create().to(t3).docCount(7).build()).build();" is 230.,40
xp,com.enonic.xp.portal.impl.jslib.content,QueryContentHandlerTest,query,Long Statement,The length of the statement "final FindContentByQueryResult findResult=FindContentByQueryResult.create().hits(contents.getSize()).totalHits(20).contents(contents).aggregations(aggregations).build();" is 169.,40
xp,com.enonic.xp.portal.impl.jslib.content,QueryContentHandlerTest,query,Magic Number,The method contains a magic number: 10,40
xp,com.enonic.xp.portal.impl.jslib.content,QueryContentHandlerTest,query,Magic Number,The method contains a magic number: 12,40
xp,com.enonic.xp.portal.impl.jslib.content,QueryContentHandlerTest,query,Magic Number,The method contains a magic number: 8,40
xp,com.enonic.xp.portal.impl.jslib.content,QueryContentHandlerTest,query,Magic Number,The method contains a magic number: 10,40
xp,com.enonic.xp.portal.impl.jslib.content,QueryContentHandlerTest,query,Magic Number,The method contains a magic number: 12,40
xp,com.enonic.xp.portal.impl.jslib.content,QueryContentHandlerTest,query,Magic Number,The method contains a magic number: 2,40
xp,com.enonic.xp.portal.impl.jslib.content,QueryContentHandlerTest,query,Magic Number,The method contains a magic number: 50,40
xp,com.enonic.xp.portal.impl.jslib.content,QueryContentHandlerTest,query,Magic Number,The method contains a magic number: 4,40
xp,com.enonic.xp.portal.impl.jslib.content,QueryContentHandlerTest,query,Magic Number,The method contains a magic number: 50,40
xp,com.enonic.xp.portal.impl.jslib.content,QueryContentHandlerTest,query,Magic Number,The method contains a magic number: 100,40
xp,com.enonic.xp.portal.impl.jslib.content,QueryContentHandlerTest,query,Magic Number,The method contains a magic number: 4,40
xp,com.enonic.xp.portal.impl.jslib.content,QueryContentHandlerTest,query,Magic Number,The method contains a magic number: 100,40
xp,com.enonic.xp.portal.impl.jslib.content,QueryContentHandlerTest,query,Magic Number,The method contains a magic number: 2,40
xp,com.enonic.xp.portal.impl.jslib.content,QueryContentHandlerTest,query,Magic Number,The method contains a magic number: 5,40
xp,com.enonic.xp.portal.impl.jslib.content,QueryContentHandlerTest,query,Magic Number,The method contains a magic number: 7,40
xp,com.enonic.xp.portal.impl.jslib.content,QueryContentHandlerTest,query,Magic Number,The method contains a magic number: 3,40
xp,com.enonic.xp.portal.impl.jslib.content,QueryContentHandlerTest,query,Magic Number,The method contains a magic number: 5,40
xp,com.enonic.xp.portal.impl.jslib.content,QueryContentHandlerTest,query,Magic Number,The method contains a magic number: 15,40
xp,com.enonic.xp.portal.impl.jslib.content,QueryContentHandlerTest,query,Magic Number,The method contains a magic number: 5,40
xp,com.enonic.xp.portal.impl.jslib.content,QueryContentHandlerTest,query,Magic Number,The method contains a magic number: 20,40
xp,com.enonic.xp.portal.impl.jslib.content,QueryContentHandlerTest,queryEmpty,Long Statement,The length of the statement "final FindContentByQueryResult findResult=FindContentByQueryResult.create().hits(0).totalHits(0).contents(Contents.empty()).aggregations(Aggregations.empty()).build();" is 167.,87
xp,com.enonic.xp.portal.impl.jslib.content,GetChildContentHandlerTest,getChildrenById,Long Statement,The length of the statement "final FindContentByParentResult findResult=FindContentByParentResult.create().hits(contents.getSize()).totalHits(20).contents(contents).build();" is 144.,33
xp,com.enonic.xp.portal.impl.jslib.content,GetChildContentHandlerTest,getChildrenById,Magic Number,The method contains a magic number: 20,33
xp,com.enonic.xp.portal.impl.jslib.content,GetChildContentHandlerTest,getChildrenByPath,Long Statement,The length of the statement "final FindContentByParentResult findResult=FindContentByParentResult.create().hits(contents.getSize()).totalHits(20).contents(contents).build();" is 144.,46
xp,com.enonic.xp.portal.impl.jslib.content,GetChildContentHandlerTest,getChildrenByPath,Magic Number,The method contains a magic number: 20,46
xp,com.enonic.xp.portal.impl.jslib.content,GetChildContentHandlerTest,getChildrenById_notFound,Long Statement,The length of the statement "final FindContentByParentResult findResult=FindContentByParentResult.create().hits(0).totalHits(0).contents(Contents.empty()).build();" is 134.,59
xp,com.enonic.xp.portal.impl.jslib.content,GetChildContentHandlerTest,getChildrenByPath_notFound,Long Statement,The length of the statement "final FindContentByParentResult findResult=FindContentByParentResult.create().hits(0).totalHits(0).contents(Contents.empty()).build();" is 134.,70
xp,com.enonic.xp.portal.impl.jslib.content,GetChildContentHandlerTest,getChildrenByPath_allParameters,Long Statement,The length of the statement "final FindContentByParentResult findResult=FindContentByParentResult.create().hits(contents.getSize()).totalHits(20).contents(contents).build();" is 144.,81
xp,com.enonic.xp.portal.impl.jslib.content,GetChildContentHandlerTest,getChildrenByPath_allParameters,Long Statement,The length of the statement "final FindContentByParentParams expectedFindParams=FindContentByParentParams.create().parentPath(ContentPath.from("/a/b/mycontent")).from(5).size(3).childOrder(ChildOrder.from("_modifiedTime ASC")).build();" is 206.,81
xp,com.enonic.xp.portal.impl.jslib.content,GetChildContentHandlerTest,getChildrenByPath_allParameters,Magic Number,The method contains a magic number: 20,81
xp,com.enonic.xp.portal.impl.jslib.content,GetChildContentHandlerTest,getChildrenByPath_allParameters,Magic Number,The method contains a magic number: 5,81
xp,com.enonic.xp.portal.impl.jslib.content,GetChildContentHandlerTest,getChildrenByPath_allParameters,Magic Number,The method contains a magic number: 3,81
xp,com.enonic.xp.portal.impl.jslib.content,QueryContentHandler,execute,Long Statement,The length of the statement "final ContentQuery contentQuery=ContentQuery.newContentQuery().from(start).size(count).aggregationQueries(aggregations).addContentTypeNames(contentTypeNames).queryExpr(queryExpr).build();" is 187.,36
xp,com.enonic.xp.portal.impl.jslib.content,QueryContentHandler,convert,Long Statement,The length of the statement "return new ContentsResultMapper(findQueryResult.getContents()`findQueryResult.getTotalHits()`findQueryResult.getAggregations());" is 128.,81
xp,com.enonic.xp.portal.impl.jslib.content,CreateContentHandler,createParams,Long Statement,The length of the statement "return CreateContentParams.create().name(req.param("name").value(String.class)).parent(contentPath(req.param("parentPath").value(String.class))).displayName(req.param("displayName").value(String.class)).requireValid(!req.param("draft").value(Boolean.class)).type(contentTypeName(req.param("contentType").value(String.class))).contentData(propertyTree(req.param("data").map())).metadata(metadatas(req.param("x").map())).build();" is 427.,45
xp,com.enonic.xp.portal.impl.jslib.content,GetChildContentHandler,getChildren,Long Statement,The length of the statement "final FindContentByParentResult result=this.contentService.findByParent(findContentByParent.from(start).size(count).childOrder(childOrder).build());" is 148.,54
xp,com.enonic.xp.portal.impl.jslib.content,QueryAggregationParams,aggregationQueryFromParams,Long Statement,The length of the statement "final DateHistogramAggregationQuery.Builder dateAggregationQuery=dateHistogramAggregationFromParams(name`dateHistogramParamsMap);" is 129.,59
xp,com.enonic.xp.portal.impl.jslib.content,QueryAggregationParams,aggregationQueryFromParams,Long Statement,The length of the statement "final NumericRangeAggregationQuery.Builder rangeAggregationQuery=numericRangeAggregationFromParams(name`numericRangeParamsMap);" is 127.,59
xp,com.enonic.xp.portal.impl.jslib.content,QueryAggregationParams,aggregationQueryFromParams,Long Statement,The length of the statement "final DateRangeAggregationQuery.Builder dateRangeAggregationQuery=dateRangeAggregationFromParams(name`dateRangeParamsMap);" is 122.,59
xp,com.enonic.xp.portal.impl.jslib.content,QueryAggregationParams,termsAggregationFromParams,Long Statement,The length of the statement "return TermsAggregationQuery.create(name).fieldName(fieldName).size(size).orderType(orderType).orderDirection(orderDirection);" is 126.,119
xp,com.enonic.xp.portal.impl.jslib.content,QueryAggregationParams,termsAggregationFromParams,Magic Number,The method contains a magic number: 10,119
xp,com.enonic.xp.portal.impl.jslib.content,QueryAggregationParams,histogramAggregationFromParams,Long Statement,The length of the statement "return HistogramAggregationQuery.create(name).fieldName(fieldName).interval(interval).extendedBoundMin(extendedBoundMin).extendedBoundMax(extendedBoundMax).minDocCount(mindDocCount).order(histogramOrder);" is 204.,149
xp,com.enonic.xp.portal.impl.jslib.mapper,ContentFixtures2,newContents,Long Statement,The length of the statement "final Content content1=Content.newContent().id(ContentId.from("111111")).name("mycontent").displayName("My Content").parentPath(ContentPath.from("/a/b")).modifier(PrincipalKey.from("user:system:admin")).modifiedTime(Instant.ofEpochSecond(0)).creator(PrincipalKey.from("user:system:admin")).createdTime(Instant.ofEpochSecond(0)).build();" is 336.,60
xp,com.enonic.xp.portal.impl.jslib.mapper,ContentFixtures2,newContents,Long Statement,The length of the statement "final Content content2=Content.newContent().id(ContentId.from("222222")).name("othercontent").displayName("Other Content").parentPath(ContentPath.from("/a/b")).modifier(PrincipalKey.from("user:system:admin")).modifiedTime(Instant.ofEpochSecond(0)).creator(PrincipalKey.from("user:system:admin")).createdTime(Instant.ofEpochSecond(0)).build();" is 342.,60
xp,com.enonic.xp.portal.impl.jslib.mapper,ContentFixtures2,newContents,Long Statement,The length of the statement "final Content content3=Content.newContent().id(ContentId.from("333333")).name("another").displayName("Another Content").parentPath(ContentPath.from("/a/b")).modifier(PrincipalKey.from("user:system:admin")).modifiedTime(Instant.ofEpochSecond(0)).creator(PrincipalKey.from("user:system:admin")).createdTime(Instant.ofEpochSecond(0)).build();" is 339.,60
xp,com.enonic.xp.portal.impl.jslib.mapper,ContentFixtures2,newPropertyTree,Magic Number,The method contains a magic number: 2L,98
xp,com.enonic.xp.portal.impl.jslib.mapper,ContentFixtures2,newPropertyTree,Magic Number,The method contains a magic number: 3L,98
xp,com.enonic.xp.portal.impl.jslib.mapper,ContentFixtures2,newPropertyTree,Magic Number,The method contains a magic number: 2.2,98
xp,com.enonic.xp.portal.impl.jslib.mapper,ContentFixtures2,newPropertyTree,Magic Number,The method contains a magic number: 1.1,98
xp,com.enonic.xp.portal.impl.jslib.mapper,ContentFixtures2,newPropertyTree,Magic Number,The method contains a magic number: 2.2,98
xp,com.enonic.xp.portal.impl.jslib.mapper,ContentFixtures2,newPropertyTree,Magic Number,The method contains a magic number: 3.3,98
xp,com.enonic.xp.portal.impl.jslib.mapper,ContentFixtures2,newPropertyTree,Magic Number,The method contains a magic number: 1.1,98
xp,com.enonic.xp.portal.impl.jslib.mapper,ContentFixtures2,newPropertyTree,Magic Number,The method contains a magic number: 1.1,98
xp,com.enonic.xp.portal.impl.jslib.mapper,ContentFixtures2,newPropertyTree,Magic Number,The method contains a magic number: 1.1,98
xp,com.enonic.xp.portal.impl.jslib.mapper,ContentFixtures2,newPropertyTree,Magic Number,The method contains a magic number: 1.1,98
xp,com.enonic.xp.portal.impl.jslib.mapper,ContentFixtures2,newPropertyTree,Magic Number,The method contains a magic number: 2.2,98
xp,com.enonic.xp.portal.impl.jslib.mapper,ContentFixtures2,newPropertyTree,Magic Number,The method contains a magic number: 2.2,98
xp,com.enonic.xp.portal.impl.jslib.mapper,ContentFixtures2,newPropertyTree,Magic Number,The method contains a magic number: 2014,98
xp,com.enonic.xp.portal.impl.jslib.mapper,ContentFixtures2,newPropertyTree,Magic Number,The method contains a magic number: 31,98
xp,com.enonic.xp.portal.impl.jslib.mapper,ContentFixtures2,newPropertyTree,Magic Number,The method contains a magic number: 2014,98
xp,com.enonic.xp.portal.impl.jslib.mapper,ContentFixtures2,newPropertyTree,Magic Number,The method contains a magic number: 31,98
xp,com.enonic.xp.portal.impl.jslib.mapper,ContentFixtures2,newPropertyTree,Magic Number,The method contains a magic number: 10,98
xp,com.enonic.xp.portal.impl.jslib.mapper,ContentFixtures2,newPropertyTree,Magic Number,The method contains a magic number: 30,98
xp,com.enonic.xp.portal.impl.jslib.mapper,ContentFixtures2,newPropertyTree,Magic Number,The method contains a magic number: 5,98
xp,com.enonic.xp.portal.impl.jslib.mapper,ContentFixtures2,newPropertyTree,Magic Number,The method contains a magic number: 2L,98
xp,com.enonic.xp.portal.impl.jslib.mapper,ContentFixtures2,newSite,Long Statement,The length of the statement "final ModuleConfig moduleConfig=ModuleConfig.newModuleConfig().module(ModuleKey.from("mymodule")).config(moduleConfigConfig).build();" is 133.,201
xp,com.enonic.xp.portal.impl.jslib.mapper,ContentFixtures2,newSite,Magic Number,The method contains a magic number: 42l,201
xp,com.enonic.xp.portal.impl.jslib.mapper,ContentFixtures2,newPageDescriptor,Long Statement,The length of the statement "return PageDescriptor.newPageDescriptor().displayName("Landing page").config(pageForm).regions(newRegionDescriptors().add(newRegionDescriptor().name("header").build()).add(newRegionDescriptor().name("main").build()).add(newRegionDescriptor().name("footer").build()).build()).key(DescriptorKey.from("mymodule:landing-page")).build();" is 332.,219
xp,com.enonic.xp.portal.impl.jslib.mapper,PageMapperTest,page_with_emptyRegions,Long Statement,The length of the statement "final Page page=Page.newPage().controller(DescriptorKey.from("mymodule:default")).config(config1).regions(PageRegions.newPageRegions().build()).build();" is 152.,26
xp,com.enonic.xp.portal.impl.jslib.mapper,PageMapperTest,page_with_nullConfig,Long Statement,The length of the statement "final Page page=Page.newPage().controller(DescriptorKey.from("mymodule:default")).config(null).regions(PageRegions.newPageRegions().add(region1).build()).build();" is 162.,61
xp,com.enonic.xp.portal.impl.jslib.mapper,PageMapperTest,page_with_emptyConfig,Long Statement,The length of the statement "final Page page=Page.newPage().controller(DescriptorKey.from("mymodule:default")).config(new PropertyTree(new PropertyTree.PredictivePropertyIdProvider())).regions(PageRegions.newPageRegions().add(region1).build()).build();" is 223.,78
xp,com.enonic.xp.portal.impl.xslt,RenderViewHandlerTest,renderTest,Long Statement,The length of the statement "final String expected=cleanupXml(Resources.toString(getClass().getResource("/modules/mymodule/view/test-result.xml")`Charsets.UTF_8));" is 134.,60
xp,com.enonic.xp.portal.impl.xslt,XsltProcessor,handleError,Long Statement,The length of the statement "return ResourceProblemException.newBuilder().lineNumber(locator.getLineNumber()).resource(toResourceKey(systemId)).cause(e).message(e.getMessage()).build();" is 156.,88
xp,com.enonic.xp.portal.impl.xslt.function,AbstractUrlFunction,AbstractUrlFunction,Magic Number,The method contains a magic number: 100,40
xp,com.enonic.xp.core.impl.image.parser,FilterExprParserContext,parseHexValue,Magic Number,The method contains a magic number: 2,161
xp,com.enonic.xp.core.impl.image.parser,FilterExprParserContext,parseHexValue,Magic Number,The method contains a magic number: 16,161
xp,com.enonic.xp.core.impl.image.effect,ScaleSquareFilterTest,testDownscale,Magic Number,The method contains a magic number: 100,19
xp,com.enonic.xp.core.impl.image.effect,ScaleSquareFilterTest,testDownscale,Magic Number,The method contains a magic number: 100,19
xp,com.enonic.xp.core.impl.image.effect,ScaleSquareFilterTest,testDownscale,Magic Number,The method contains a magic number: 100,19
xp,com.enonic.xp.core.impl.image.effect,ScaleSquareFilterTest,testUpscale,Magic Number,The method contains a magic number: 600,27
xp,com.enonic.xp.core.impl.image.effect,ScaleSquareFilterTest,testUpscale,Magic Number,The method contains a magic number: 600,27
xp,com.enonic.xp.core.impl.image.effect,ScaleSquareFilterTest,testUpscale,Magic Number,The method contains a magic number: 600,27
xp,com.enonic.xp.core.impl.image.effect,ScaleHeightFilterTest,testDownscale,Magic Number,The method contains a magic number: 100,18
xp,com.enonic.xp.core.impl.image.effect,ScaleHeightFilterTest,testDownscale,Magic Number,The method contains a magic number: 133,18
xp,com.enonic.xp.core.impl.image.effect,ScaleHeightFilterTest,testDownscale,Magic Number,The method contains a magic number: 100,18
xp,com.enonic.xp.core.impl.image.effect,ScaleHeightFilterTest,testUpscale,Magic Number,The method contains a magic number: 600,26
xp,com.enonic.xp.core.impl.image.effect,ScaleHeightFilterTest,testUpscale,Magic Number,The method contains a magic number: 800,26
xp,com.enonic.xp.core.impl.image.effect,ScaleHeightFilterTest,testUpscale,Magic Number,The method contains a magic number: 600,26
xp,com.enonic.xp.core.impl.image.effect,RectBorderFilterTest,testBorder,Magic Number,The method contains a magic number: 10,14
xp,com.enonic.xp.core.impl.image.effect,RectBorderFilterTest,testBorder,Magic Number,The method contains a magic number: 10,14
xp,com.enonic.xp.core.impl.image.effect,RectBorderFilterTest,testBorder,Magic Number,The method contains a magic number: 24,14
xp,com.enonic.xp.core.impl.image.effect,RectBorderFilterTest,testBorder,Magic Number,The method contains a magic number: 0xff,14
xp,com.enonic.xp.core.impl.image.effect,RectBorderFilterTest,testBorder,Magic Number,The method contains a magic number: 255,14
xp,com.enonic.xp.core.impl.image.effect,RectBorderFilterTest,testBorder,Magic Number,The method contains a magic number: 9,14
xp,com.enonic.xp.core.impl.image.effect,RectBorderFilterTest,testBorder,Magic Number,The method contains a magic number: 9,14
xp,com.enonic.xp.core.impl.image.effect,RectBorderFilterTest,testBorder,Magic Number,The method contains a magic number: 24,14
xp,com.enonic.xp.core.impl.image.effect,RectBorderFilterTest,testBorder,Magic Number,The method contains a magic number: 0xff,14
xp,com.enonic.xp.core.impl.image.effect,RectBorderFilterTest,testBorder,Magic Number,The method contains a magic number: 255,14
xp,com.enonic.xp.core.impl.image.effect,RectBorderFilterTest,testBorder,Magic Number,The method contains a magic number: 10,14
xp,com.enonic.xp.core.impl.image.effect,RectBorderFilterTest,testBorder,Magic Number,The method contains a magic number: 10,14
xp,com.enonic.xp.core.impl.image.effect,RectBorderFilterTest,testBorder,Magic Number,The method contains a magic number: 24,14
xp,com.enonic.xp.core.impl.image.effect,RectBorderFilterTest,testBorder,Magic Number,The method contains a magic number: 0xff,14
xp,com.enonic.xp.core.impl.image.effect,SepiaFilterTest,testOpaqueImage,Magic Number,The method contains a magic number: 20,16
xp,com.enonic.xp.core.impl.image.effect,SepiaFilterTest,testOpaqueImage,Magic Number,The method contains a magic number: 10,16
xp,com.enonic.xp.core.impl.image.effect,SepiaFilterTest,testOpaqueImage,Magic Number,The method contains a magic number: 10,16
xp,com.enonic.xp.core.impl.image.effect,SepiaFilterTest,testOpaqueImage,Magic Number,The method contains a magic number: 24,16
xp,com.enonic.xp.core.impl.image.effect,SepiaFilterTest,testOpaqueImage,Magic Number,The method contains a magic number: 0xff,16
xp,com.enonic.xp.core.impl.image.effect,SepiaFilterTest,testOpaqueImage,Magic Number,The method contains a magic number: 255,16
xp,com.enonic.xp.core.impl.image.effect,SepiaFilterTest,testOpaqueImage,Magic Number,The method contains a magic number: 20,16
xp,com.enonic.xp.core.impl.image.effect,SepiaFilterTest,testOpaqueImage,Magic Number,The method contains a magic number: 20,16
xp,com.enonic.xp.core.impl.image.effect,SepiaFilterTest,testOpaqueImage,Magic Number,The method contains a magic number: 24,16
xp,com.enonic.xp.core.impl.image.effect,SepiaFilterTest,testOpaqueImage,Magic Number,The method contains a magic number: 0xff,16
xp,com.enonic.xp.core.impl.image.effect,SepiaFilterTest,testOpaqueImage,Magic Number,The method contains a magic number: 255,16
xp,com.enonic.xp.core.impl.image.effect,SepiaFilterTest,testImageWithTransparentAreas,Magic Number,The method contains a magic number: 20,33
xp,com.enonic.xp.core.impl.image.effect,SepiaFilterTest,testImageWithTransparentAreas,Magic Number,The method contains a magic number: 10,33
xp,com.enonic.xp.core.impl.image.effect,SepiaFilterTest,testImageWithTransparentAreas,Magic Number,The method contains a magic number: 10,33
xp,com.enonic.xp.core.impl.image.effect,SepiaFilterTest,testImageWithTransparentAreas,Magic Number,The method contains a magic number: 24,33
xp,com.enonic.xp.core.impl.image.effect,SepiaFilterTest,testImageWithTransparentAreas,Magic Number,The method contains a magic number: 0xff,33
xp,com.enonic.xp.core.impl.image.effect,SepiaFilterTest,testImageWithTransparentAreas,Magic Number,The method contains a magic number: 20,33
xp,com.enonic.xp.core.impl.image.effect,SepiaFilterTest,testImageWithTransparentAreas,Magic Number,The method contains a magic number: 20,33
xp,com.enonic.xp.core.impl.image.effect,SepiaFilterTest,testImageWithTransparentAreas,Magic Number,The method contains a magic number: 24,33
xp,com.enonic.xp.core.impl.image.effect,SepiaFilterTest,testImageWithTransparentAreas,Magic Number,The method contains a magic number: 0xff,33
xp,com.enonic.xp.core.impl.image.effect,SepiaFilterTest,testImageWithTransparentAreas,Magic Number,The method contains a magic number: 35,33
xp,com.enonic.xp.core.impl.image.effect,SepiaFilterTest,testImageWithTransparentAreas,Magic Number,The method contains a magic number: 35,33
xp,com.enonic.xp.core.impl.image.effect,SepiaFilterTest,testImageWithTransparentAreas,Magic Number,The method contains a magic number: 24,33
xp,com.enonic.xp.core.impl.image.effect,SepiaFilterTest,testImageWithTransparentAreas,Magic Number,The method contains a magic number: 0xff,33
xp,com.enonic.xp.core.impl.image.effect,SepiaFilterTest,testImageWithTransparentAreas,Magic Number,The method contains a magic number: 255,33
xp,com.enonic.xp.core.impl.image.effect,ScaleWidthFilterTest,testDownscale,Magic Number,The method contains a magic number: 100,19
xp,com.enonic.xp.core.impl.image.effect,ScaleWidthFilterTest,testDownscale,Magic Number,The method contains a magic number: 100,19
xp,com.enonic.xp.core.impl.image.effect,ScaleWidthFilterTest,testDownscale,Magic Number,The method contains a magic number: 75,19
xp,com.enonic.xp.core.impl.image.effect,ScaleWidthFilterTest,testUpscale,Magic Number,The method contains a magic number: 600,27
xp,com.enonic.xp.core.impl.image.effect,ScaleWidthFilterTest,testUpscale,Magic Number,The method contains a magic number: 600,27
xp,com.enonic.xp.core.impl.image.effect,ScaleWidthFilterTest,testUpscale,Magic Number,The method contains a magic number: 450,27
xp,com.enonic.xp.core.impl.image.effect,ScaleWideFilterTest,testDownscale,Magic Number,The method contains a magic number: 100,18
xp,com.enonic.xp.core.impl.image.effect,ScaleWideFilterTest,testDownscale,Magic Number,The method contains a magic number: 10,18
xp,com.enonic.xp.core.impl.image.effect,ScaleWideFilterTest,testDownscale,Magic Number,The method contains a magic number: 100,18
xp,com.enonic.xp.core.impl.image.effect,ScaleWideFilterTest,testDownscale,Magic Number,The method contains a magic number: 10,18
xp,com.enonic.xp.core.impl.image.effect,ScaleWideFilterTest,testUpscale,Magic Number,The method contains a magic number: 600,26
xp,com.enonic.xp.core.impl.image.effect,ScaleWideFilterTest,testUpscale,Magic Number,The method contains a magic number: 100,26
xp,com.enonic.xp.core.impl.image.effect,ScaleWideFilterTest,testUpscale,Magic Number,The method contains a magic number: 600,26
xp,com.enonic.xp.core.impl.image.effect,ScaleWideFilterTest,testUpscale,Magic Number,The method contains a magic number: 100,26
xp,com.enonic.xp.core.impl.image.effect,ScaleWideFilterTest,testHeightTooBig,Magic Number,The method contains a magic number: 100,34
xp,com.enonic.xp.core.impl.image.effect,ScaleWideFilterTest,testHeightTooBig,Magic Number,The method contains a magic number: 800,34
xp,com.enonic.xp.core.impl.image.effect,ScaleWideFilterTest,testHeightTooBig,Magic Number,The method contains a magic number: 100,34
xp,com.enonic.xp.core.impl.image.effect,ScaleWideFilterTest,testHeightTooBig,Magic Number,The method contains a magic number: 75,34
xp,com.enonic.xp.core.impl.image.effect,ScaleWideFilterTest,scale,Magic Number,The method contains a magic number: 0.5f,42
xp,com.enonic.xp.core.impl.image.effect,ScaleMaxFilterTest,testDownscale,Magic Number,The method contains a magic number: 100,19
xp,com.enonic.xp.core.impl.image.effect,ScaleMaxFilterTest,testDownscale,Magic Number,The method contains a magic number: 100,19
xp,com.enonic.xp.core.impl.image.effect,ScaleMaxFilterTest,testDownscale,Magic Number,The method contains a magic number: 75,19
xp,com.enonic.xp.core.impl.image.effect,ScaleMaxFilterTest,testUpscale,Magic Number,The method contains a magic number: 600,27
xp,com.enonic.xp.core.impl.image.effect,ScaleMaxFilterTest,testUpscale,Magic Number,The method contains a magic number: 600,27
xp,com.enonic.xp.core.impl.image.effect,ScaleMaxFilterTest,testUpscale,Magic Number,The method contains a magic number: 450,27
xp,com.enonic.xp.core.impl.image.effect,ScaleBlockFilterTest,testSize,Magic Number,The method contains a magic number: 550,14
xp,com.enonic.xp.core.impl.image.effect,ScaleBlockFilterTest,testSize,Magic Number,The method contains a magic number: 320,14
xp,com.enonic.xp.core.impl.image.effect,ScaleBlockFilterTest,testSize,Magic Number,The method contains a magic number: 550,14
xp,com.enonic.xp.core.impl.image.effect,ScaleBlockFilterTest,testSize,Magic Number,The method contains a magic number: 320,14
xp,com.enonic.xp.core.impl.image.effect,ScaleBlockFilterTest,testSize,Magic Number,The method contains a magic number: 550,14
xp,com.enonic.xp.core.impl.image.effect,ScaleBlockFilterTest,testSize,Magic Number,The method contains a magic number: 320,14
xp,com.enonic.xp.core.impl.image.effect,ScaleBlockFilterTest,testSize,Magic Number,The method contains a magic number: 0.1f,14
xp,com.enonic.xp.core.impl.image.effect,ScaleBlockFilterTest,testSize,Magic Number,The method contains a magic number: 0.3f,14
xp,com.enonic.xp.core.impl.image.effect,ScaleBlockFilterTest,testSize,Magic Number,The method contains a magic number: 550,14
xp,com.enonic.xp.core.impl.image.effect,ScaleBlockFilterTest,testSize,Magic Number,The method contains a magic number: 320,14
xp,com.enonic.xp.core.impl.image.effect,ScaleBlockFilterTest,scale,Magic Number,The method contains a magic number: 0.5f,26
xp,com.enonic.xp.core.impl.image.effect,ScaleBlockFilterTest,scale,Magic Number,The method contains a magic number: 0.5f,26
xp,com.enonic.xp.core.impl.image.effect,SepiaFilter,filterRGB,Magic Number,The method contains a magic number: 3,21
xp,com.enonic.xp.core.impl.image.effect,SepiaFilter,filterRGB,Magic Number,The method contains a magic number: 2,21
xp,com.enonic.xp.core.impl.image.effect,SepiaFilter,filterRGB,Magic Number,The method contains a magic number: 255,21
xp,com.enonic.xp.core.impl.image.effect,SepiaFilter,filterRGB,Magic Number,The method contains a magic number: 255,21
xp,com.enonic.xp.core.impl.image.effect,SepiaFilter,filterRGB,Magic Number,The method contains a magic number: 255,21
xp,com.enonic.xp.core.impl.image.effect,SepiaFilter,filterRGB,Magic Number,The method contains a magic number: 255,21
xp,com.enonic.xp.core.impl.image.effect,SepiaFilter,filterRGB,Magic Number,The method contains a magic number: 24,21
xp,com.enonic.xp.core.impl.image.effect,SepiaFilter,filterRGB,Magic Number,The method contains a magic number: 0xff,21
xp,com.enonic.xp.core.impl.image.effect,SepiaFilter,filterRGB,Magic Number,The method contains a magic number: 0x00ffffff,21
xp,com.enonic.xp.core.impl.image.effect,SepiaFilter,filterRGB,Magic Number,The method contains a magic number: 24,21
xp,com.enonic.xp.core.impl.image.effect,HSBColorizeFilter,HSBColorizeFilter,Magic Number,The method contains a magic number: 3,19
xp,com.enonic.xp.core.impl.image.effect,HSBColorizeFilter,HSBColorizeFilter,Magic Number,The method contains a magic number: 2,19
xp,com.enonic.xp.core.impl.image.effect,HSBColorizeFilter,filterRGB,Magic Number,The method contains a magic number: 24,32
xp,com.enonic.xp.core.impl.image.effect,HSBColorizeFilter,filterRGB,Magic Number,The method contains a magic number: 0xff,32
xp,com.enonic.xp.core.impl.image.effect,HSBColorizeFilter,filterRGB,Magic Number,The method contains a magic number: 16,32
xp,com.enonic.xp.core.impl.image.effect,HSBColorizeFilter,filterRGB,Magic Number,The method contains a magic number: 0xff,32
xp,com.enonic.xp.core.impl.image.effect,HSBColorizeFilter,filterRGB,Magic Number,The method contains a magic number: 8,32
xp,com.enonic.xp.core.impl.image.effect,HSBColorizeFilter,filterRGB,Magic Number,The method contains a magic number: 0xff,32
xp,com.enonic.xp.core.impl.image.effect,HSBColorizeFilter,filterRGB,Magic Number,The method contains a magic number: 0xff,32
xp,com.enonic.xp.core.impl.image.effect,HSBColorizeFilter,filterRGB,Magic Number,The method contains a magic number: 3,32
xp,com.enonic.xp.core.impl.image.effect,HSBColorizeFilter,filterRGB,Magic Number,The method contains a magic number: 2,32
xp,com.enonic.xp.core.impl.image.effect,HSBColorizeFilter,filterRGB,Magic Number,The method contains a magic number: 0x00ffffff,32
xp,com.enonic.xp.core.impl.image.effect,HSBColorizeFilter,filterRGB,Magic Number,The method contains a magic number: 24,32
xp,com.enonic.xp.core.impl.image.effect,ColorizeFilter,filterRGB,Magic Number,The method contains a magic number: 3,27
xp,com.enonic.xp.core.impl.image.effect,ColorizeFilter,filterRGB,Magic Number,The method contains a magic number: 255,27
xp,com.enonic.xp.core.impl.image.effect,ColorizeFilter,filterRGB,Magic Number,The method contains a magic number: 255,27
xp,com.enonic.xp.core.impl.image.effect,ColorizeFilter,filterRGB,Magic Number,The method contains a magic number: 255,27
xp,com.enonic.xp.core.impl.image.effect,ColorizeFilter,filterRGB,Magic Number,The method contains a magic number: 255,27
xp,com.enonic.xp.core.impl.image.effect,ColorizeFilter,filterRGB,Magic Number,The method contains a magic number: 255,27
xp,com.enonic.xp.core.impl.image.effect,ColorizeFilter,filterRGB,Magic Number,The method contains a magic number: 255,27
xp,com.enonic.xp.core.impl.image.effect,ColorizeFilter,filterRGB,Magic Number,The method contains a magic number: 24,27
xp,com.enonic.xp.core.impl.image.effect,ColorizeFilter,filterRGB,Magic Number,The method contains a magic number: 0xff,27
xp,com.enonic.xp.core.impl.image.effect,ColorizeFilter,filterRGB,Magic Number,The method contains a magic number: 0x00ffffff,27
xp,com.enonic.xp.core.impl.image.effect,ColorizeFilter,filterRGB,Magic Number,The method contains a magic number: 24,27
xp,com.enonic.xp.core.impl.image.effect,RectBorderFilter,filter,Magic Number,The method contains a magic number: 2,28
xp,com.enonic.xp.core.impl.image.effect,RectBorderFilter,filter,Magic Number,The method contains a magic number: 2,28
xp,com.enonic.xp.core.impl.image.effect,RoundedFilter,filter,Magic Number,The method contains a magic number: 2,31
xp,com.enonic.xp.core.impl.image.effect,RoundedFilter,filter,Magic Number,The method contains a magic number: 2,31
xp,com.enonic.xp.core.impl.image.effect,RoundedFilter,filter,Magic Number,The method contains a magic number: 2,31
xp,com.enonic.xp.core.impl.image.effect,RoundedFilter,filter,Magic Number,The method contains a magic number: 2,31
xp,com.enonic.xp.core.impl.image.command,HSBAdjustFilterCommand,doBuild,Magic Number,The method contains a magic number: 2,19
xp,com.enonic.xp.core.impl.image.command,ScaleWideFilterCommand,doBuild,Magic Number,The method contains a magic number: 2,18
xp,com.enonic.xp.core.impl.image.command,ScaleWideFilterCommand,doBuild,Magic Number,The method contains a magic number: 0.5f,18
xp,com.enonic.xp.core.impl.image.command,RoundedFilterCommand,doBuild,Magic Number,The method contains a magic number: 10,18
xp,com.enonic.xp.core.impl.image.command,RoundedFilterCommand,doBuild,Magic Number,The method contains a magic number: 2,18
xp,com.enonic.xp.core.impl.image.command,RGBAdjustFilterCommand,doBuild,Magic Number,The method contains a magic number: 2,19
xp,com.enonic.xp.core.impl.image.command,ColorizeFilterCommand,doBuild,Magic Number,The method contains a magic number: 2,18
xp,com.enonic.xp.core.impl.image.command,ScaleHeightFilterCommand,doBuild,Magic Number,The method contains a magic number: 100,18
xp,com.enonic.xp.core.impl.image.command,BorderFilterCommand,doBuild,Magic Number,The method contains a magic number: 2,18
xp,com.enonic.xp.core.impl.image.command,ScaleBlockFilterCommand,doBuild,Magic Number,The method contains a magic number: 2,14
xp,com.enonic.xp.core.impl.image.command,ScaleBlockFilterCommand,doBuild,Magic Number,The method contains a magic number: 0.5f,14
xp,com.enonic.xp.core.impl.image.command,ScaleBlockFilterCommand,doBuild,Magic Number,The method contains a magic number: 3,14
xp,com.enonic.xp.core.impl.image.command,ScaleBlockFilterCommand,doBuild,Magic Number,The method contains a magic number: 0.5f,14
xp,com.enonic.xp.core.impl.image.command,BlurFilterCommand,doBuild,Magic Number,The method contains a magic number: 2,19
xp,com.enonic.xp.core.impl.image.command,SepiaFilterCommand,doBuild,Magic Number,The method contains a magic number: 20,18
xp,com.enonic.xp.core.impl.image.command,BlockFilterCommand,doBuild,Magic Number,The method contains a magic number: 2,19
xp,com.enonic.xp.core.impl.image.command,HSBColorizeFilterCommand,doBuild,Magic Number,The method contains a magic number: 0xFFFFFF,18
xp,com.enonic.xp.core.impl.image.command,ScaleWidthFilterCommand,doBuild,Magic Number,The method contains a magic number: 100,18
xp,com.enonic.xp.web.jaxrs2.impl,RequestFactoryImpl,createResteasyHttpRequest,Long Parameter List,The method has 6 parameters. ,27
xp,com.enonic.xp.web.jaxrs2.impl,RequestFactoryImpl,createResteasyHttpRequest,Long Statement,The length of the statement "return new HttpServletInputMessage(request`response`this.context`theResponse`headers`uriInfo`httpMethod.toUpperCase()`this.dispatcher);" is 135.,27
xp,com.enonic.xp.web.handler,OncePerRequestHandlerTest,newHandler,Long Statement,The length of the statement "@Override protected void doHandle( final HttpServletRequest req` final HttpServletResponse res` final WebHandlerChain chain) throws Exception {" is 143.,12
xp,com.enonic.xp.web.handler,BaseWebHandlerTest,testOrder,Magic Number,The method contains a magic number: 100,13
xp,com.enonic.xp.web.handler,BaseWebHandlerTest,testOrder,Magic Number,The method contains a magic number: 100,13
xp,com.enonic.xp.web.handler,BaseWebHandlerTest,newHandler,Long Statement,The length of the statement "@Override protected void doHandle( final HttpServletRequest req` final HttpServletResponse res` final WebHandlerChain chain) throws Exception {" is 143.,23
xp,com.enonic.xp.web.servlet,ServletRequestUrlHelperTest,createUriWithHost_http_port_80,Magic Number,The method contains a magic number: 80,40
xp,com.enonic.xp.web.servlet,ServletRequestUrlHelperTest,createUriWithHost_https_port_443,Magic Number,The method contains a magic number: 443,51
xp,com.enonic.xp.web.servlet,ServletRequestUrlHelperTest,createUriWithHost_http_port_8080,Magic Number,The method contains a magic number: 8080,62
xp,com.enonic.xp.web.servlet,ServletRequestUrlHelper,needPortNumber,Magic Number,The method contains a magic number: 80,67
xp,com.enonic.xp.web.servlet,ServletRequestUrlHelper,needPortNumber,Magic Number,The method contains a magic number: 443,67
xp,com.enonic.wem.repo.internal.index,IndexServiceImplTest,initialize,Long Statement,The length of the statement "final ReindexResult result=this.indexService.reindex(ReindexParams.create().addBranch(CTX_DEFAULT.getBranch()).repositoryId(CTX_DEFAULT.getRepositoryId()).initialize(true).build());" is 181.,41
xp,com.enonic.wem.repo.internal.index,IndexServiceImplTest,initialize,Magic Number,The method contains a magic number: 2,41
xp,com.enonic.wem.repo.internal.index,IndexServiceImplTest,not_initialize,Long Statement,The length of the statement "final ReindexResult result=this.indexService.reindex(ReindexParams.create().addBranch(CTX_DEFAULT.getBranch()).repositoryId(CTX_DEFAULT.getRepositoryId()).initialize(false).build());" is 182.,62
xp,com.enonic.wem.repo.internal.index,IndexServiceImplTest,not_initialize,Magic Number,The method contains a magic number: 2,62
xp,com.enonic.wem.repo.internal.index,IndexServiceImplTest,purge_then_reindex,Long Statement,The length of the statement "final ReindexResult result=this.indexService.reindex(ReindexParams.create().addBranch(CTX_DEFAULT.getBranch()).repositoryId(CTX_DEFAULT.getRepositoryId()).initialize(false).build());" is 182.,84
xp,com.enonic.wem.repo.internal.index,IndexServiceImplTest,purge_then_reindex,Magic Number,The method contains a magic number: 2,84
xp,com.enonic.wem.repo.internal.index,IndexServiceImplTest,reindex_other_branch,Long Statement,The length of the statement "PushNodesCommand.create().ids(NodeIds.from(node.id())).target(CTX_OTHER.getBranch()).indexServiceInternal(this.indexServiceInternal).nodeDao(this.nodeDao).versionService(this.versionService).branchService(this.branchService).queryService(this.queryService).build().execute();" is 275.,109
xp,com.enonic.wem.repo.internal.index,IndexServiceImplTest,reindex_other_branch,Long Statement,The length of the statement "this.indexService.reindex(ReindexParams.create().addBranch(CTX_DEFAULT.getBranch()).repositoryId(CTX_DEFAULT.getRepositoryId()).initialize(false).build());" is 155.,109
xp,com.enonic.wem.repo.internal.index,IndexServiceImplTest,reindex_other_branch,Long Statement,The length of the statement "this.indexService.reindex(ReindexParams.create().addBranch(CTX_OTHER.getBranch()).repositoryId(CTX_DEFAULT.getRepositoryId()).initialize(true).build());" is 152.,109
xp,com.enonic.wem.repo.internal.index,IndexServiceImplTest,getNodeById,Long Statement,The length of the statement "return GetNodeByIdCommand.create().id(nodeId).indexServiceInternal(this.indexServiceInternal).nodeDao(this.nodeDao).versionService(this.versionService).branchService(this.branchService).queryService(this.queryService).build().execute();" is 236.,155
xp,com.enonic.wem.repo.internal.index,IndexContext,from,Long Statement,The length of the statement "return IndexContext.create().branch(context.getBranch()).repositoryId(context.getRepositoryId()).principalsKeys(context.getAuthInfo() != null ? context.getAuthInfo().getPrincipals() : PrincipalKeys.empty()).build();" is 215.,24
xp,com.enonic.wem.repo.internal.index,IndexServiceImpl,reindex,Long Statement,The length of the statement "final NodeBranchQueryResult results=this.branchService.findAll(NodeBranchQuery.create().from(0).size(QueryService.GET_ALL_SIZE_FLAG).build()`BranchContext.from(branch`params.getRepositoryId()));" is 194.,41
xp,com.enonic.wem.repo.internal.index,IndexServiceImpl,reindex,Long Statement,The length of the statement "this.indexServiceInternal.store(node`result.getNodeVersionId()`IndexContext.create().repositoryId(params.getRepositoryId()).branch(branch).build());" is 148.,41
xp,com.enonic.wem.repo.internal.index,IndexServiceImpl,doInitializeSearchIndex,Long Statement,The length of the statement "indexServiceInternal.applyMapping(searchIndexName`IndexType.SEARCH`RepositoryIndexMappingProvider.getSearchMappings(repositoryId));" is 131.,89
xp,com.enonic.wem.repo.internal.elasticsearch,GetResultCanReadResolverTest,anonymous_no_access,Long Statement,The length of the statement "assertFalse(GetResultCanReadResolver.canRead(PrincipalKeys.empty()`new GetResult(SearchResultEntry.create().id("myId").addField(IndexFieldNameNormalizer.normalize(NodeIndexPath.PERMISSIONS_READ.toString())`SearchResultFieldValue.value("user:system:rmy")).build())));" is 266.,20
xp,com.enonic.wem.repo.internal.elasticsearch,GetResultCanReadResolverTest,anonymous_access,Long Statement,The length of the statement "assertTrue(GetResultCanReadResolver.canRead(PrincipalKeys.empty()`new GetResult(SearchResultEntry.create().id("myId").addField(IndexFieldNameNormalizer.normalize(NodeIndexPath.PERMISSIONS_READ.toString())`SearchResultFieldValue.value(PrincipalKey.ofAnonymous().toString())).build())));" is 285.,31
xp,com.enonic.wem.repo.internal.elasticsearch,GetResultCanReadResolverTest,user_access,Long Statement,The length of the statement "assertTrue(GetResultCanReadResolver.canRead(PrincipalKeys.from(PrincipalKey.from("user:system:rmy"))`new GetResult(SearchResultEntry.create().id("myId").addField(IndexFieldNameNormalizer.normalize(NodeIndexPath.PERMISSIONS_READ.toString())`SearchResultFieldValue.value(PrincipalKey.from("user:system:rmy"))).build())));" is 319.,42
xp,com.enonic.wem.repo.internal.elasticsearch,GetResultCanReadResolverTest,group_access,Long Statement,The length of the statement "assertTrue(GetResultCanReadResolver.canRead(PrincipalKeys.from(PrincipalKey.from("user:system:rmy")`PrincipalKey.from("group:system:my-group"))`new GetResult(SearchResultEntry.create().id("myId").addField(IndexFieldNameNormalizer.normalize(NodeIndexPath.PERMISSIONS_READ.toString())`SearchResultFieldValue.values(Arrays.asList("user:system:rmy"`"group:system:my-group"))).build())));" is 383.,56
xp,com.enonic.wem.repo.internal.elasticsearch,StoreDocumentItemFactoryTest,double_property,Magic Number,The method contains a magic number: 123.0,23
xp,com.enonic.wem.repo.internal.elasticsearch,StoreDocumentItemFactoryTest,double_property,Magic Number,The method contains a magic number: 5,23
xp,com.enonic.wem.repo.internal.elasticsearch,StoreDocumentItemFactoryTest,int_property,Magic Number,The method contains a magic number: 123L,35
xp,com.enonic.wem.repo.internal.elasticsearch,StoreDocumentItemFactoryTest,int_property,Magic Number,The method contains a magic number: 5,35
xp,com.enonic.wem.repo.internal.elasticsearch,StoreDocumentItemFactoryTest,date_property,Magic Number,The method contains a magic number: 5,47
xp,com.enonic.wem.repo.internal.elasticsearch,StoreDocumentItemFactoryTest,dateTime_property,Magic Number,The method contains a magic number: 5,59
xp,com.enonic.wem.repo.internal.elasticsearch,StoreDocumentItemFactoryTest,geopoint_property,Magic Number,The method contains a magic number: 5,72
xp,com.enonic.wem.repo.internal.elasticsearch,StoreDocumentItemFactoryTest,string_by_type,Magic Number,The method contains a magic number: 6,84
xp,com.enonic.wem.repo.internal.elasticsearch,StoreDocumentItemFactoryTest,double_by_type,Magic Number,The method contains a magic number: 5,94
xp,com.enonic.wem.repo.internal.elasticsearch,StoreDocumentItemFactoryTest,fulltext_not_in_all,Long Statement,The length of the statement "assertEquals(3`StoreDocumentItemFactory.create(property`IndexConfig.create().decideByType(false).enabled(true).fulltext(true).nGram(false).includeInAllText(false).build()).size());" is 180.,104
xp,com.enonic.wem.repo.internal.elasticsearch,StoreDocumentItemFactoryTest,fulltext_not_in_all,Magic Number,The method contains a magic number: 3,104
xp,com.enonic.wem.repo.internal.elasticsearch,EmbeddedElasticsearchServer,EmbeddedElasticsearchServer,Long Statement,The length of the statement "ImmutableSettings.Builder testServerSetup=ImmutableSettings.settingsBuilder().put("name"`"repo-node-" + this.now).put("client"`"false").put("data"`"true").put("local"`"true").put("path.data"`dataDirectory + "-" + this.now).put("cluster.name"`"repo-test-cluster-" + this.now).put("http.enabled"`"false").put("gateway.type"`"none").put("discovery.zen.ping.multicast.enabled"`"false");" is 382.,34
xp,com.enonic.wem.repo.internal.elasticsearch,AccessControlListStoreDocumentFactoryTest,single_user,Long Statement,The length of the statement "final AccessControlList acl=AccessControlList.create().add(AccessControlEntry.create().allow(Permission.READ).principal(PrincipalKey.from("user:myuserstore:rmy")).build()).build();" is 180.,17
xp,com.enonic.wem.repo.internal.elasticsearch,AccessControlListStoreDocumentFactoryTest,multiple_user,Long Statement,The length of the statement "final AccessControlList acl=AccessControlList.create().add(AccessControlEntry.create().allow(Permission.READ).principal(PrincipalKey.from("user:myuserstore:rmy")).build()).add(AccessControlEntry.create().allow(Permission.READ).principal(PrincipalKey.from("user:myuserstore:tsi")).build()).add(AccessControlEntry.create().allow(Permission.READ).allow(Permission.DELETE).principal(PrincipalKey.from("user:myuserstore:aro")).build()).add(AccessControlEntry.create().allow(Permission.DELETE).principal(PrincipalKey.from("user:myuserstore:srs")).build()).build();" is 558.,34
xp,com.enonic.wem.repo.internal.elasticsearch,AccessControlListStoreDocumentFactoryTest,multiple_user,Magic Number,The method contains a magic number: 5,34
xp,com.enonic.wem.repo.internal.elasticsearch,AccessControlListStoreDocumentFactoryTest,single_user_all_permissions,Long Statement,The length of the statement "final AccessControlList acl=AccessControlList.create().add(AccessControlEntry.create().allow(Permission.READ).allow(Permission.PUBLISH).allow(Permission.WRITE_PERMISSIONS).allow(Permission.READ_PERMISSIONS).allow(Permission.MODIFY).allow(Permission.CREATE).allow(Permission.DELETE).principal(PrincipalKey.from("user:myuserstore:rmy")).build()).build();" is 352.,63
xp,com.enonic.wem.repo.internal.elasticsearch,AccessControlListStoreDocumentFactoryTest,single_user_all_permissions,Magic Number,The method contains a magic number: 7,63
xp,com.enonic.wem.repo.internal.elasticsearch,LexiSortableTest,toLexiSortable_long,Magic Number,The method contains a magic number: 1111L,11
xp,com.enonic.wem.repo.internal.elasticsearch,LexiSortableTest,toLexiSortable_long,Magic Number,The method contains a magic number: 1111L,11
xp,com.enonic.wem.repo.internal.elasticsearch,LexiSortableTest,toLexiSortable_double,Magic Number,The method contains a magic number: 0.00001d,28
xp,com.enonic.wem.repo.internal.elasticsearch,LexiSortableTest,toLexiSortable_double,Magic Number,The method contains a magic number: 0.00001d,28
xp,com.enonic.wem.repo.internal.elasticsearch,AclFilterBuilderFactoryTest,testName,Long Statement,The length of the statement "final Principals principals=Principals.from(User.create().email("rmy@enonic.com").login("rmy").displayName("Runar Myklebust").key(PrincipalKey.from("user:system:rmy")).build()`Group.create().key(PrincipalKey.from("group:system:mygroup")).displayName("My group").build());" is 271.,29
xp,com.enonic.wem.repo.internal.elasticsearch,AclFilterBuilderFactoryTest,testName,Magic Number,The method contains a magic number: 2,29
xp,com.enonic.wem.repo.internal.elasticsearch,AbstractElasticsearchIntegrationTest,printAllIndexContent,Long Statement,The length of the statement "SearchRequestBuilder searchRequest=new SearchRequestBuilder(this.client).setSize(100).setIndices(indexName).setTypes(indexType).setSource(termQuery).addFields("_source"`"_parent");" is 180.,56
xp,com.enonic.wem.repo.internal.elasticsearch,AbstractElasticsearchIntegrationTest,printAllIndexContent,Magic Number,The method contains a magic number: 100,56
xp,com.enonic.wem.repo.internal.elasticsearch,AbstractElasticsearchIntegrationTest,waitForClusterHealth,Magic Number,The method contains a magic number: 10,87
xp,com.enonic.wem.repo.internal.elasticsearch,NodeStoreDocumentFactoryTest,validate_given_no_id_then_exception,Long Statement,The length of the statement "NodeStoreDocumentFactory.createBuilder().node(node).nodeVersionId(NodeVersionId.from("test")).branch(TEST_BRANCH).repositoryId(TEST_REPOSITORY.getId()).build().create();" is 169.,32
xp,com.enonic.wem.repo.internal.elasticsearch,NodeStoreDocumentFactoryTest,validate_given_id_then_ok,Long Statement,The length of the statement "final Collection<StoreDocument> storeDocuments=NodeStoreDocumentFactory.createBuilder().node(node).nodeVersionId(NodeVersionId.from("test")).branch(TEST_BRANCH).repositoryId(TEST_REPOSITORY.getId()).build().create();" is 216.,58
xp,com.enonic.wem.repo.internal.elasticsearch,NodeStoreDocumentFactoryTest,index_node_document_created,Long Statement,The length of the statement "final Collection<StoreDocument> storeDocuments=NodeStoreDocumentFactory.createBuilder().node(node).nodeVersionId(NodeVersionId.from("test")).branch(TEST_BRANCH).repositoryId(TEST_REPOSITORY.getId()).build().create();" is 216.,76
xp,com.enonic.wem.repo.internal.elasticsearch,NodeStoreDocumentFactoryTest,set_analyzer,Long Statement,The length of the statement "final Node node=Node.newNode().id(NodeId.from("abc")).indexConfigDocument(PatternIndexConfigDocument.create().analyzer(myAnalyzerName).defaultConfig(IndexConfig.MINIMAL).build()).build();" is 187.,96
xp,com.enonic.wem.repo.internal.elasticsearch,NodeStoreDocumentFactoryTest,set_analyzer,Long Statement,The length of the statement "final Collection<StoreDocument> storeDocuments=NodeStoreDocumentFactory.createBuilder().node(node).nodeVersionId(NodeVersionId.from("test")).branch(TEST_BRANCH).repositoryId(TEST_REPOSITORY.getId()).build().create();" is 216.,96
xp,com.enonic.wem.repo.internal.elasticsearch,NodeStoreDocumentFactoryTest,node_index_document_meta_data_values,Long Statement,The length of the statement "Node node=Node.newNode().id(NodeId.from("myId")).parentPath(NodePath.ROOT).name(NodeName.from("my-name")).indexConfigDocument(PatternIndexConfigDocument.create().analyzer(myAnalyzerName).defaultConfig(IndexConfig.MINIMAL).build()).build();" is 239.,123
xp,com.enonic.wem.repo.internal.elasticsearch,NodeStoreDocumentFactoryTest,node_index_document_meta_data_values,Long Statement,The length of the statement "final Collection<StoreDocument> storeDocuments=NodeStoreDocumentFactory.createBuilder().node(node).nodeVersionId(NodeVersionId.from("test")).branch(TEST_BRANCH).repositoryId(TEST_REPOSITORY.getId()).build().create();" is 216.,123
xp,com.enonic.wem.repo.internal.elasticsearch,NodeStoreDocumentFactoryTest,add_properties_then_index_document_items_created_for_each_property,Long Statement,The length of the statement "final Collection<StoreDocument> storeDocuments=NodeStoreDocumentFactory.createBuilder().node(node).nodeVersionId(NodeVersionId.from("test")).branch(TEST_BRANCH).repositoryId(TEST_REPOSITORY.getId()).build().create();" is 216.,154
xp,com.enonic.wem.repo.internal.elasticsearch,NodeStoreDocumentFactoryTest,add_properties_then_index_document_items_created_for_each_property,Magic Number,The method contains a magic number: 2.0,154
xp,com.enonic.wem.repo.internal.elasticsearch,NodeStoreDocumentFactoryTest,create_for_properties_with_multiple_values,Long Statement,The length of the statement "final Collection<StoreDocument> storeDocuments=NodeStoreDocumentFactory.createBuilder().node(node).nodeVersionId(NodeVersionId.from("test")).branch(TEST_BRANCH).repositoryId(TEST_REPOSITORY.getId()).build().create();" is 216.,181
xp,com.enonic.wem.repo.internal.elasticsearch,NodeStoreDocumentFactoryTest,create_for_properties_with_multiple_values,Magic Number,The method contains a magic number: 2.0,181
xp,com.enonic.wem.repo.internal.elasticsearch,NodeStoreDocumentFactoryTest,create_for_properties_with_multiple_values,Magic Number,The method contains a magic number: 3.0,181
xp,com.enonic.wem.repo.internal.elasticsearch,NodeStoreDocumentFactoryTest,create_for_properties_with_multiple_values,Magic Number,The method contains a magic number: 2,181
xp,com.enonic.wem.repo.internal.elasticsearch,OrderbyValueResolverTestJava,testName,Long Statement,The length of the statement "final String third=OrderbyValueResolver.getOrderbyValue(Value.newDouble((double)NodeManualOrderValueResolver.START_ORDER_VALUE + NodeManualOrderValueResolver.ORDER_SPACE));" is 172.,19
xp,com.enonic.wem.repo.internal.elasticsearch,OrderbyValueResolverTestJava,testName,Long Statement,The length of the statement "final String second=OrderbyValueResolver.getOrderbyValue(Value.newDouble((double)NodeManualOrderValueResolver.START_ORDER_VALUE));" is 130.,19
xp,com.enonic.wem.repo.internal.elasticsearch,OrderbyValueResolverTestJava,testName,Long Statement,The length of the statement "final String first=OrderbyValueResolver.getOrderbyValue(Value.newDouble((double)NodeManualOrderValueResolver.START_ORDER_VALUE - NodeManualOrderValueResolver.ORDER_SPACE));" is 172.,19
xp,com.enonic.wem.repo.internal.elasticsearch,OrderByValueResolverTest,createSearchIndex,Long Statement,The length of the statement "elasticsearchIndexService.applyMapping(IndexNameResolver.resolveSearchIndexName(repository.getId())`IndexType.SEARCH`RepositoryIndexMappingProvider.getSearchMappings(repository.getId()));" is 187.,50
xp,com.enonic.wem.repo.internal.elasticsearch,OrderByValueResolverTest,ensureOrderingCorrectForLongValues,Long Statement,The length of the statement "final SearchResult result=elasticsearchDao.find(ElasticsearchQuery.create().query(QueryBuilderFactory.create().build()).index(this.indexName).indexType(this.indexType).addSortBuilder(new FieldSortBuilder(IndexQueryFieldNameResolver.resolveOrderByFieldName("ordervalue")).order(SortOrder.DESC)).build());" is 303.,60
xp,com.enonic.wem.repo.internal.elasticsearch,OrderByValueResolverTest,ensureOrderingCorrectForLongValues,Magic Number,The method contains a magic number: 10000.0,60
xp,com.enonic.wem.repo.internal.elasticsearch,OrderByValueResolverTest,ensureOrderingCorrectForLongValues,Magic Number,The method contains a magic number: 100000.0,60
xp,com.enonic.wem.repo.internal.elasticsearch,OrderByValueResolverTest,ensureOrderingCorrectForLongValues,Magic Number,The method contains a magic number: 1000.0,60
xp,com.enonic.wem.repo.internal.elasticsearch,OrderByValueResolverTest,ensureOrderingCorrectForLongValues,Magic Number,The method contains a magic number: 100.0,60
xp,com.enonic.wem.repo.internal.elasticsearch,OrderByValueResolverTest,ensureOrderingCorrectForLongValues,Magic Number,The method contains a magic number: 5,60
xp,com.enonic.wem.repo.internal.elasticsearch,OrderByValueResolverTest,storeOrderbyDocument,Long Statement,The length of the statement "final StoreDocument storeDocument=StoreDocument.create().indexTypeName(this.indexType).indexName(this.indexName).analyzer("default").addEntry(new StoreDocumentOrderbyItem(IndexPath.from("ordervalue")`value)).build();" is 216.,93
xp,com.enonic.wem.repo.internal.elasticsearch,OrderByValueResolverTest,storeOrderbyDocument,Long Statement,The length of the statement "IndexRequestBuilder indexRequestBuilder=new IndexRequestBuilder(this.client`this.indexName).setType(this.indexType).setSource(StoreDocumentXContentBuilderFactory.create(storeDocument));" is 185.,93
xp,com.enonic.wem.repo.internal.elasticsearch,ElasticsearchDaoImpl,store,Long Statement,The length of the statement "final IndexRequest req=Requests.indexRequest().id(id).index(storeDocument.getIndexName()).type(storeDocument.getIndexTypeName()).source(xContentBuilder).refresh(storeDocument.isRefreshAfterOperation());" is 202.,102
xp,com.enonic.wem.repo.internal.elasticsearch,ElasticsearchDaoImpl,delete,Long Statement,The length of the statement "DeleteRequest deleteRequest=new DeleteRequest(deleteDocument.getIndexName()).type(deleteDocument.getIndexTypeName()).id(deleteDocument.getId()).refresh(DEFAULT_REFRESH);" is 169.,126
xp,com.enonic.wem.repo.internal.elasticsearch,ElasticsearchDaoImpl,find,Long Statement,The length of the statement "final SearchRequestBuilder searchRequest=SearchRequestBuilderFactory.newFactory().query(query).client(this.client).resolvedSize(query.getSize() == QueryService.GET_ALL_SIZE_FLAG ? resolveSize(query) : query.getSize()).build().create();" is 235.,144
xp,com.enonic.wem.repo.internal.elasticsearch,ElasticsearchDaoImpl,get,Long Statement,The length of the statement "final GetRequest getRequest=new GetRequest(getQuery.getIndexName()).type(getQuery.getIndexTypeName()).preference(searchPreference).id(getQuery.getId());" is 152.,158
xp,com.enonic.wem.repo.internal.elasticsearch,ElasticsearchDaoImpl,doSearchRequest,Long Statement,The length of the statement "final SearchResponse searchResponse=searchRequestBuilder.setPreference(searchPreference).execute().actionGet(searchTimeout);" is 124.,181
xp,com.enonic.wem.repo.internal.elasticsearch,ElasticsearchDaoImpl,count,Long Statement,The length of the statement "SearchRequestBuilder searchRequestBuilder=new SearchRequestBuilder(this.client).setIndices(query.getIndexName()).setTypes(query.getIndexType()).setQuery(query.getQuery()).setSearchType(SearchType.COUNT).setPreference(searchPreference);" is 235.,200
xp,com.enonic.wem.repo.internal.elasticsearch,ElasticsearchDaoImpl,snapshot,Long Statement,The length of the statement "final CreateSnapshotRequestBuilder createRequest=new CreateSnapshotRequestBuilder(this.client.admin().cluster()).setIndices(indices.toArray(new String[indices.size()])).setIncludeGlobalState(false).setWaitForCompletion(true).setRepository(SNAPSHOT_REPOSITORY_NAME).setSnapshot(params.getSnapshotName()).setSettings(ImmutableSettings.settingsBuilder().put("ignore_unavailable"`true));" is 383.,214
xp,com.enonic.wem.repo.internal.elasticsearch,ElasticsearchDaoImpl,snapshot,Long Statement,The length of the statement "final CreateSnapshotResponse createSnapshotResponse=this.client.admin().cluster().createSnapshot(createRequest.request()).actionGet();" is 134.,214
xp,com.enonic.wem.repo.internal.elasticsearch,ElasticsearchDaoImpl,restoreSnapshot,Long Statement,The length of the statement "final RestoreSnapshotRequestBuilder restoreSnapshotRequestBuilder=new RestoreSnapshotRequestBuilder(this.client.admin().cluster()).setRestoreGlobalState(false).setIndices(indices.toArray(new String[indices.size()])).setRepository(SNAPSHOT_REPOSITORY_NAME).setSnapshot(params.getSnapshotName()).setWaitForCompletion(true);" is 321.,235
xp,com.enonic.wem.repo.internal.elasticsearch,ElasticsearchDaoImpl,restoreSnapshot,Long Statement,The length of the statement "return RestoreResult.create().repositoryId(repositoryId).indices(indices).failed(true).name(params.getSnapshotName()).message("Could not restore snapshot: " + e.toString() + " to repository "+ repositoryId).build();" is 215.,235
xp,com.enonic.wem.repo.internal.elasticsearch,ElasticsearchDaoImpl,getSnapshot,Long Statement,The length of the statement "final GetSnapshotsRequestBuilder getSnapshotsRequestBuilder=new GetSnapshotsRequestBuilder(this.client.admin().cluster()).setRepository(SNAPSHOT_REPOSITORY_NAME).setSnapshots(snapshotName);" is 189.,275
xp,com.enonic.wem.repo.internal.elasticsearch,ElasticsearchDaoImpl,getSnapshot,Long Statement,The length of the statement "final GetSnapshotsResponse getSnapshotsResponse=this.client.admin().cluster().getSnapshots(getSnapshotsRequestBuilder.request()).actionGet();" is 141.,275
xp,com.enonic.wem.repo.internal.elasticsearch,ElasticsearchDaoImpl,listSnapshots,Long Statement,The length of the statement "final GetSnapshotsResponse getSnapshotsResponse=this.client.admin().cluster().getSnapshots(getSnapshotsRequest).actionGet();" is 124.,323
xp,com.enonic.wem.repo.internal.elasticsearch,ElasticsearchDaoImpl,openIndices,Long Statement,The length of the statement "OpenIndexRequestBuilder openIndexRequestBuilder=new OpenIndexRequestBuilder(this.client.admin().indices()).setIndices(indexName);" is 129.,348
xp,com.enonic.wem.repo.internal.elasticsearch,ElasticsearchDaoImpl,closeIndices,Long Statement,The length of the statement "CloseIndexRequestBuilder closeIndexRequestBuilder=new CloseIndexRequestBuilder(this.client.admin().indices()).setIndices(indexName);" is 132.,361
xp,com.enonic.wem.repo.internal.elasticsearch,ElasticsearchDaoImpl,snapshotRepositoryExists,Long Statement,The length of the statement "final GetRepositoriesResponse response=this.client.admin().cluster().getRepositories(getRepositoriesRequest).actionGet();" is 121.,374
xp,com.enonic.wem.repo.internal.elasticsearch,ElasticsearchDaoImpl,registerRepository,Long Statement,The length of the statement "final PutRepositoryRequestBuilder requestBuilder=new PutRepositoryRequestBuilder(this.client.admin().cluster()).setName(SNAPSHOT_REPOSITORY_NAME).setType("fs").setSettings(ImmutableSettings.settingsBuilder().put("compress"`true).put("location"`SNAPSHOT_PATH.toFile()).build());" is 277.,389
xp,com.enonic.wem.repo.internal.elasticsearch,ElasticsearchIndexServiceInternal,refresh,Long Statement,The length of the statement "this.client.admin().indices().refresh(new RefreshRequestBuilder(this.client.admin().indices()).setIndices(indexNames).request()).actionGet();" is 141.,72
xp,com.enonic.wem.repo.internal.elasticsearch,ElasticsearchIndexServiceInternal,createIndex,Long Statement,The length of the statement "final CreateIndexResponse createIndexResponse=client.admin().indices().create(createIndexRequest).actionGet(createTimeout);" is 123.,80
xp,com.enonic.wem.repo.internal.elasticsearch,ElasticsearchIndexServiceInternal,applyMapping,Long Statement,The length of the statement "PutMappingRequest mappingRequest=new PutMappingRequest(indexName).type(indexType.equals(IndexType.SEARCH) ? ES_DEFAULT_INDEX_TYPE_NAME : indexType.getName()).source(mapping);" is 174.,101
xp,com.enonic.wem.repo.internal.elasticsearch,ElasticsearchIndexServiceInternal,getAllRepositoryIndices,Long Statement,The length of the statement "final IndicesStatsResponse response=this.client.admin().indices().stats(indicesStatsRequest).actionGet(INDICES_RESPONSE_TIMEOUT);" is 129.,125
xp,com.enonic.wem.repo.internal.elasticsearch,ElasticsearchIndexServiceInternal,indicesExists,Long Statement,The length of the statement "IndicesExistsRequest request=new IndicesExistsRequestBuilder(this.client.admin().indices()).setIndices(indices).request();" is 122.,163
xp,com.enonic.wem.repo.internal.elasticsearch,ElasticsearchIndexServiceInternal,doGetClusterHealth,Long Statement,The length of the statement "LOG.info("ElasticSearch cluster '{}' health (timedOut={}` timeOutValue={}` used={}): Status={}` nodes={}` active shards={}` indices={}"`response.getClusterName()`response.isTimedOut()`timeout`timer.toString()`response.getStatus()`response.getNumberOfNodes()`response.getActiveShards()`response.getIndices().keySet());" is 317.,173
xp,com.enonic.wem.repo.internal.elasticsearch,ElasticsearchIndexServiceInternal,store,Long Statement,The length of the statement "final Collection<StoreDocument> storeDocuments=NodeStoreDocumentFactory.createBuilder().node(node).nodeVersionId(nodeVersionId).branch(context.getBranch()).repositoryId(context.getRepositoryId()).build().create();" is 213.,209
xp,com.enonic.wem.repo.internal.elasticsearch,ElasticsearchIndexServiceInternal,delete,Long Statement,The length of the statement "elasticsearchDao.delete(DeleteDocument.create().indexName(indexName).indexTypeName(indexType).id(nodeId.toString()).build());" is 125.,223
xp,com.enonic.wem.repo.internal.elasticsearch,AccessControlListStoreDocumentFactory,getPathForPermission,Complex Method,Cyclomatic complexity of the method is 8,37
xp,com.enonic.wem.repo.internal.elasticsearch,NodeStoreDocumentFactory,createDataDocument,Long Statement,The length of the statement "final StoreDocument.Builder builder=StoreDocument.create().id(this.node.id()).indexName(IndexNameResolver.resolveSearchIndexName(this.repositoryId)).indexTypeName(this.branch.getName()).analyzer(indexConfigDocument.getAnalyzer()).refreshAfterOperation(this.refresh);" is 266.,60
xp,com.enonic.wem.repo.internal.elasticsearch,NodeStoreDocumentFactory,addNodeBaseProperties,Long Statement,The length of the statement "builder.addEntries(StoreDocumentItemFactory.create(NodeIndexPath.PATH`Value.newString(this.node.path().toString())`IndexConfig.MINIMAL));" is 137.,84
xp,com.enonic.wem.repo.internal.elasticsearch,NodeStoreDocumentFactory,addNodeBaseProperties,Long Statement,The length of the statement "builder.addEntries(StoreDocumentItemFactory.create(NodeIndexPath.PARENT_PATH`Value.newString(this.node.parentPath().toString())`IndexConfig.MINIMAL));" is 150.,84
xp,com.enonic.wem.repo.internal.elasticsearch,NodeStoreDocumentFactory,addNodeBaseProperties,Long Statement,The length of the statement "builder.addEntries(StoreDocumentItemFactory.create(NodeIndexPath.MANUAL_ORDER_VALUE`Value.newLong(this.node.getManualOrderValue())`IndexConfig.MINIMAL));" is 153.,84
xp,com.enonic.wem.repo.internal.elasticsearch,NodeStoreDocumentFactory,addNodeBaseProperties,Long Statement,The length of the statement "builder.addEntries(StoreDocumentItemFactory.create(NodeIndexPath.NODE_TYPE`Value.newString(this.node.getNodeType().getName())`IndexConfig.MINIMAL));" is 148.,84
xp,com.enonic.wem.repo.internal.elasticsearch,NodeStoreDocumentFactory,addNodeBaseProperties,Long Statement,The length of the statement "builder.addEntries(StoreDocumentItemFactory.create(NodeIndexPath.STATE`Value.newString(this.node.getNodeState().value())`IndexConfig.MINIMAL));" is 143.,84
xp,com.enonic.wem.repo.internal.elasticsearch,SnapshotResultFactory,doCreate,Long Statement,The length of the statement "return SnapshotResult.create().state(SnapshotResult.State.valueOf(snapshotInfo.state().toString())).indices(snapshotInfo.indices()).name(snapshotInfo.name()).reason(snapshotInfo.reason()).timestamp(Instant.ofEpochMilli(snapshotInfo.endTime())).build();" is 252.,24
xp,com.enonic.wem.repo.internal.elasticsearch,LexiSortable,toHexString,Magic Number,The method contains a magic number: 0xf,11
xp,com.enonic.wem.repo.internal.elasticsearch,LexiSortable,toHexString,Magic Number,The method contains a magic number: 4,11
xp,com.enonic.wem.repo.internal.elasticsearch,FieldNameResolver,resolve,Long Statement,The length of the statement "final String postFix=Strings.isNullOrEmpty(item.getIndexBaseType().getPostfix()) ? "" : SEPARATOR + item.getIndexBaseType().getPostfix();" is 137.,13
xp,com.enonic.wem.repo.internal.elasticsearch,ElasticsearchQueryService,get,Long Statement,The length of the statement "final GetResult result=elasticsearchDao.get(GetQuery.create().indexName(IndexNameResolver.resolveSearchIndexName(indexContext.getRepositoryId())).indexTypeName(indexContext.getBranch().getName()).returnFields(ReturnFields.from(NodeIndexPath.VERSION`NodeIndexPath.PERMISSIONS_READ)).id(nodeId.toString()).build());" is 313.,74
xp,com.enonic.wem.repo.internal.elasticsearch,ElasticsearchQueryService,get,Long Statement,The length of the statement "throw new QueryException("Expected field " + NodeIndexPath.VERSION.getPath() + " not found in search result for nodeId "+ nodeId);" is 130.,74
xp,com.enonic.wem.repo.internal.elasticsearch,ElasticsearchQueryService,get,Long Statement,The length of the statement "final QueryBuilder queryBuilder=QueryBuilderFactory.create().addQueryFilter(AclFilterBuilderFactory.create(indexContext.getPrincipalKeys())).addQueryFilter(ValueFilter.create().fieldName(NodeIndexPath.PATH.getPath()).addValue(Value.newString(nodePath.toString())).build()).build();" is 281.,105
xp,com.enonic.wem.repo.internal.elasticsearch,ElasticsearchQueryService,get,Long Statement,The length of the statement "final ElasticsearchQuery query=ElasticsearchQuery.create().index(IndexNameResolver.resolveSearchIndexName(indexContext.getRepositoryId())).indexType(branch.getName()).query(queryBuilder).size(1).setReturnFields(ReturnFields.from(NodeIndexPath.VERSION)).build();" is 261.,105
xp,com.enonic.wem.repo.internal.elasticsearch,ElasticsearchQueryService,get,Long Statement,The length of the statement "throw new ElasticsearchDataException("Field " + NodeIndexPath.VERSION.getPath() + " not found on node with path "+ nodePath+ " in branch "+ branch);" is 148.,105
xp,com.enonic.wem.repo.internal.elasticsearch,ElasticsearchQueryService,find,Long Statement,The length of the statement "final QueryBuilder queryBuilder=QueryBuilderFactory.create().addQueryFilter(AclFilterBuilderFactory.create(indexContext.getPrincipalKeys())).addQueryFilter(ValueFilter.create().fieldName(NodeIndexPath.PATH.getPath()).addValues(nodePaths.getAsStrings()).build()).build();" is 270.,151
xp,com.enonic.wem.repo.internal.elasticsearch,ElasticsearchQueryService,find,Long Statement,The length of the statement "final ElasticsearchQuery query=ElasticsearchQuery.create().index(IndexNameResolver.resolveSearchIndexName(indexContext.getRepositoryId())).indexType(branch.getName()).query(queryBuilder).sortBuilders(SortQueryBuilderFactory.create(orderExprs)).setReturnFields(ReturnFields.from(NodeIndexPath.VERSION)).size(nodePaths.getSize()).build();" is 336.,151
xp,com.enonic.wem.repo.internal.elasticsearch,ElasticsearchQueryService,doGetByIds,Long Statement,The length of the statement "final QueryBuilder queryBuilder=QueryBuilderFactory.create().addQueryFilter(AclFilterBuilderFactory.create(indexContext.getPrincipalKeys())).addQueryFilter(ValueFilter.create().fieldName(NodeIndexPath.ID.getPath()).addValues(nodeIds.getAsStrings()).build()).build();" is 266.,196
xp,com.enonic.wem.repo.internal.elasticsearch,ElasticsearchQueryService,doGetByIds,Long Statement,The length of the statement "final ElasticsearchQuery query=ElasticsearchQuery.create().index(IndexNameResolver.resolveSearchIndexName(indexContext.getRepositoryId())).indexType(branch.getName()).query(queryBuilder).sortBuilders(SortQueryBuilderFactory.create(orderExprs)).setReturnFields(ReturnFields.from(NodeIndexPath.VERSION)).size(nodeIds.getSize()).build();" is 334.,196
xp,com.enonic.wem.repo.internal.elasticsearch,ElasticsearchQueryService,hasChildren,Long Statement,The length of the statement "final QueryBuilder queryBuilder=QueryBuilderFactory.create().addQueryFilter(AclFilterBuilderFactory.create(indexContext.getPrincipalKeys())).addQueryFilter(ValueFilter.create().fieldName(NodeIndexPath.PARENT_PATH.getPath()).addValue(Value.newString(parentPath.toString())).build()).build();" is 290.,234
xp,com.enonic.wem.repo.internal.elasticsearch,ElasticsearchQueryService,hasChildren,Long Statement,The length of the statement "final ElasticsearchQuery query=ElasticsearchQuery.create().index(IndexNameResolver.resolveSearchIndexName(context.getRepositoryId())).indexType(context.getBranch().getName()).query(queryBuilder).build();" is 203.,234
xp,com.enonic.wem.repo.internal.elasticsearch,RestoreResultFactory,create,Long Statement,The length of the statement "return RestoreResult.create().repositoryId(respositoryId).name(restoreInfo.name()).indices(restoreInfo.indices()).message("Restore successfull` " + response.getRestoreInfo().successfulShards() + " shards restored").build();" is 223.,11
xp,com.enonic.wem.repo.internal.elasticsearch,SearchRequestBuilderFactory,create,Long Statement,The length of the statement "final SearchRequestBuilder searchRequestBuilder=new SearchRequestBuilder(this.client).setIndices(query.getIndexName()).setTypes(query.getIndexType()).setSearchType(SearchType.DEFAULT).setQuery(query.getQuery()).setPostFilter(query.getFilter()).setFrom(query.getFrom()).setSize(resolvedSize);" is 291.,31
xp,com.enonic.wem.repo.internal.elasticsearch.branch,GetNodeVersionIdsByIdsCommandTest,empty_nodeIds,Long Statement,The length of the statement "final NodeVersionIds nodeVersionIds=GetNodeVersionIdsByIdsCommand.create().repository(TEST_REPOSITORY.getId()).branch(TEST_BRANCH).nodeIds(NodeIds.empty()).elasticsearchDao(this.elasticsearchDao).build().execute();" is 214.,26
xp,com.enonic.wem.repo.internal.elasticsearch.branch,ElasticsearchBranchService,store,Long Statement,The length of the statement "StoreBranchDocumentCommand.create().elasticsearchDao(this.elasticsearchDao).branch(context.getBranch()).repository(context.getRepositoryId()).document(storeBranchDocument).build().execute();" is 190.,40
xp,com.enonic.wem.repo.internal.elasticsearch.branch,ElasticsearchBranchService,delete,Long Statement,The length of the statement "DeleteNodeVersionCommand.create().elasticsearchDao(this.elasticsearchDao).repository(context.getRepositoryId()).branch(context.getBranch()).nodeId(nodeId).build().execute();" is 173.,52
xp,com.enonic.wem.repo.internal.elasticsearch.branch,ElasticsearchBranchService,get,Long Statement,The length of the statement "final GetResult getResult=this.elasticsearchDao.get(GetQuery.create().id(branchDocumentId.toString()).indexName(IndexNameResolver.resolveStorageIndexName(ContextAccessor.current().getRepositoryId())).indexTypeName(IndexType.BRANCH.getName()).returnFields(ReturnFields.from(BranchIndexPath.VERSION_ID`BranchIndexPath.STATE`BranchIndexPath.PATH`BranchIndexPath.TIMESTAMP)).routing(nodeId.toString()).build());" is 407.,64
xp,com.enonic.wem.repo.internal.elasticsearch.branch,ElasticsearchBranchService,findAll,Long Statement,The length of the statement "final QueryBuilder queryBuilder=QueryBuilderFactory.create().addQueryFilter(ValueFilter.create().fieldName(BranchIndexPath.BRANCH_NAME.getPath()).addValue(Value.newString(context.getBranch().getName())).build()).build();" is 220.,88
xp,com.enonic.wem.repo.internal.elasticsearch.branch,ElasticsearchBranchService,findAll,Long Statement,The length of the statement "final ElasticsearchQuery query=ElasticsearchQuery.create().index(IndexNameResolver.resolveStorageIndexName(ContextAccessor.current().getRepositoryId())).indexType(IndexType.BRANCH.getName()).query(queryBuilder).size(nodeBranchQuery.getSize()).from(nodeBranchQuery.getFrom()).setReturnFields(ReturnFields.from(BranchIndexPath.NODE_ID`BranchIndexPath.VERSION_ID)).build();" is 370.,88
xp,com.enonic.wem.repo.internal.elasticsearch.branch,ElasticsearchBranchService,createFromReturnValue,Long Statement,The length of the statement "return NodeBranchVersion.create().timestamp(nodeReturnValue.timestamp).nodePath(nodeReturnValue.nodePath).nodeVersionId(nodeReturnValue.getNodeVersionId()).nodeState(nodeReturnValue.getState()).build();" is 202.,117
xp,com.enonic.wem.repo.internal.elasticsearch.branch,ElasticsearchBranchService,from,Long Statement,The length of the statement "final SearchResultFieldValue nodeVersionIdValue=getResult.getSearchResult().getField(BranchIndexPath.VERSION_ID.getPath());" is 123.,161
xp,com.enonic.wem.repo.internal.elasticsearch.branch,ElasticsearchBranchService,createNodeReturnValue,Long Statement,The length of the statement "Preconditions.checkNotNull(nodeVersionIdValue`"Expected value '" + BranchIndexPath.VERSION_ID.getPath() + "' in getResult ");" is 125.,171
xp,com.enonic.wem.repo.internal.elasticsearch.branch,ElasticsearchBranchService,createNodeReturnValue,Long Statement,The length of the statement "return new NodeReturnValue(Instant.ofEpochMilli((Long)timestamp.getValue())`NodePath.newPath(nodePathValue.getValue().toString()).build()`NodeVersionId.from(nodeVersionIdValue.getValue().toString())`NodeState.from(stateValue.getValue().toString()));" is 249.,171
xp,com.enonic.wem.repo.internal.elasticsearch.branch,NodeReturnValue,from,Long Statement,The length of the statement "final SearchResultFieldValue nodeVersionIdValue=getResult.getSearchResult().getField(BranchIndexPath.VERSION_ID.getPath());" is 123.,161
xp,com.enonic.wem.repo.internal.elasticsearch.branch,NodeReturnValue,createNodeReturnValue,Long Statement,The length of the statement "Preconditions.checkNotNull(nodeVersionIdValue`"Expected value '" + BranchIndexPath.VERSION_ID.getPath() + "' in getResult ");" is 125.,171
xp,com.enonic.wem.repo.internal.elasticsearch.branch,NodeReturnValue,createNodeReturnValue,Long Statement,The length of the statement "return new NodeReturnValue(Instant.ofEpochMilli((Long)timestamp.getValue())`NodePath.newPath(nodePathValue.getValue().toString()).build()`NodeVersionId.from(nodeVersionIdValue.getValue().toString())`NodeState.from(stateValue.getValue().toString()));" is 249.,171
xp,com.enonic.wem.repo.internal.elasticsearch.branch,DeleteNodeVersionCommand,execute,Long Statement,The length of the statement "DeleteRequest deleteRequest=new DeleteRequest().index(IndexNameResolver.resolveStorageIndexName(this.repositoryId)).type(IndexType.BRANCH.getName()).id(new BranchDocumentId(this.nodeId`this.branch).toString()).refresh(DEFAULT_REFRESH);" is 235.,30
xp,com.enonic.wem.repo.internal.elasticsearch.branch,StoreBranchDocumentCommand,execute,Long Statement,The length of the statement "final IndexRequest publish=Requests.indexRequest().index(IndexNameResolver.resolveStorageIndexName(repositoryId)).type(IndexType.BRANCH.getName()).source(BranchXContentBuilderFactory.create(document`this.branch)).id(branchDocumentId.toString()).parent(new NodeVersionDocumentId(document.getNode().id()`document.getNodeVersionId()).toString()).routing(document.getNode().id().toString()).refresh(DEFAULT_REFRESH);" is 412.,33
xp,com.enonic.wem.repo.internal.elasticsearch.branch,NodeBranchQueryResultFactory,create,Long Statement,The length of the statement "builder.add(result.getStringValue(BranchIndexPath.NODE_ID.toString())`result.getStringValue(BranchIndexPath.VERSION_ID.toString()));" is 132.,9
xp,com.enonic.wem.repo.internal.elasticsearch.branch,GetNodeVersionIdsByIdsCommand,execute,Long Statement,The length of the statement "final ElasticsearchQuery query=ElasticsearchQuery.create().index(IndexNameResolver.resolveStorageIndexName(repositoryId)).indexType(IndexType.VERSION.getName()).query(boolQueryBuilder).from(0).size(this.nodeIds.getSize()).addSortBuilder(new FieldSortBuilder(VersionIndexPath.TIMESTAMP.getPath()).order(SortOrder.DESC)).setReturnFields(ReturnFields.from(BranchIndexPath.NODE_ID`BranchIndexPath.VERSION_ID`BranchIndexPath.NODE_ID)).build();" is 438.,47
xp,com.enonic.wem.repo.internal.elasticsearch.branch,GetNodeVersionIdsByIdsCommand,execute,Long Statement,The length of the statement "final Map<String`SearchResultFieldValue> orderedResultMap=getSearchResultFieldsWithPreservedOrder(this.branch`nodeIdsAsStrings`searchResult);" is 141.,47
xp,com.enonic.wem.repo.internal.elasticsearch.branch,GetNodeVersionIdsByIdsCommand,getSearchResultFieldsWithPreservedOrder,Long Statement,The length of the statement "return Maps.asMap(nodeIdsAsStrings`new NodeIdToSearchResultFieldMapper(searchResult`BranchIndexPath.VERSION_ID.getPath()`branch));" is 130.,85
xp,com.enonic.wem.repo.internal.elasticsearch.branch,NodeBranchVersion,hashCode,Magic Number,The method contains a magic number: 31,87
xp,com.enonic.wem.repo.internal.elasticsearch.branch,NodeBranchQueryResult,add,Long Statement,The length of the statement "this.entries.add(NodeBranchQueryResultEntry.create().nodeId(NodeId.from(nodeId)).nodeVersionId(NodeVersionId.from(nodeVersionId)).build());" is 139.,35
xp,com.enonic.wem.repo.internal.elasticsearch.branch,Builder,add,Long Statement,The length of the statement "this.entries.add(NodeBranchQueryResultEntry.create().nodeId(NodeId.from(nodeId)).nodeVersionId(NodeVersionId.from(nodeVersionId)).build());" is 139.,35
xp,com.enonic.wem.repo.internal.elasticsearch.query.builder,LikeQueryBuilderFactoryTest,compareLikeString,Long Statement,The length of the statement "final QueryBuilder query=LikeQueryBuilderFactory.create(CompareExpr.like(FieldExpr.from("myField")`ValueExpr.string("myValue")));" is 129.,14
xp,com.enonic.wem.repo.internal.elasticsearch.query.builder,FilterBuilderFactoryTest,createStringValueFilter,Long Statement,The length of the statement "final ValueFilter queryFilter=ValueFilter.create().fieldName("myField").addValue(Value.newString("myValue1")).addValue(Value.newString("myValue2")).build();" is 156.,16
xp,com.enonic.wem.repo.internal.elasticsearch.query.builder,FilterBuilderFactoryTest,createNumberValueFilter,Long Statement,The length of the statement "final ValueFilter queryFilter=ValueFilter.create().fieldName("myField").addValue(Value.newDouble(1.0)).addValue(Value.newDouble(2.0)).build();" is 142.,32
xp,com.enonic.wem.repo.internal.elasticsearch.query.builder,FilterBuilderFactoryTest,createNumberValueFilter,Magic Number,The method contains a magic number: 2.0,32
xp,com.enonic.wem.repo.internal.elasticsearch.query.builder,InQueryBuilderFactoryTest,compareInString,Long Statement,The length of the statement "final QueryBuilder query=InQueryBuilderFactory.create(CompareExpr.in(FieldExpr.from("myField")`Lists.newArrayList(ValueExpr.string("myFirstValue")`ValueExpr.string("mySecondValue"))));" is 184.,16
xp,com.enonic.wem.repo.internal.elasticsearch.query.builder,QueryBuilderFactoryTest,createQueryWithFilter,Long Statement,The length of the statement "final ValueFilter queryFilter=ValueFilter.create().fieldName("myField").addValue(Value.newString("myValue1")).addValue(Value.newString("myValue2")).build();" is 156.,41
xp,com.enonic.wem.repo.internal.elasticsearch.query.builder,SortBuilderFactoryTest,createMultipleFieldSort,Magic Number,The method contains a magic number: 2,36
xp,com.enonic.wem.repo.internal.elasticsearch.query.builder,SortBuilderFactoryTest,createGeoDistance,Long Statement,The length of the statement "orderExprs.add(new DynamicOrderExpr(new FunctionExpr("geoDistance"`Lists.newArrayList(ValueExpr.string("myField")`ValueExpr.geoPoint("-50`40")))`OrderExpr.Direction.ASC));" is 171.,50
xp,com.enonic.wem.repo.internal.elasticsearch.query.builder,CompareQueryFactoryTest,buildCompareExpr,Long Statement,The length of the statement "buildCompareExpr("compare_eq_datetime.json"`CompareExpr.eq(FieldExpr.from("myField")`ValueExpr.instant("2013-11-29T09:42:00.000Z")));" is 133.,15
xp,com.enonic.wem.repo.internal.elasticsearch.query.builder,CompareQueryFactoryTest,buildCompareExpr,Long Statement,The length of the statement "buildCompareExpr("compare_eq_geopoint.json"`CompareExpr.eq(FieldExpr.from("myField")`ValueExpr.geoPoint("59.9127300`10.746090")));" is 130.,15
xp,com.enonic.wem.repo.internal.elasticsearch.query.builder,CompareQueryFactoryTest,buildCompareExpr,Long Statement,The length of the statement "buildCompareExpr("compare_not_like_string.json"`CompareExpr.notLike(FieldExpr.from("myField")`ValueExpr.string("myValue")));" is 124.,15
xp,com.enonic.wem.repo.internal.elasticsearch.query.builder,CompareQueryFactoryTest,buildCompareExpr,Long Statement,The length of the statement "buildCompareExpr("compare_not_in_string.json"`CompareExpr.notIn(FieldExpr.from("myField")`Lists.newArrayList(ValueExpr.string("myFirstValue")`ValueExpr.string("mySecondValue"))));" is 179.,15
xp,com.enonic.wem.repo.internal.elasticsearch.query.builder,TermQueryBuilderFactoryTest,compare_eq_string,Long Statement,The length of the statement "final QueryBuilder query=TermQueryBuilderFactory.create(CompareExpr.eq(FieldExpr.from("myField")`ValueExpr.string("myValue")));" is 127.,14
xp,com.enonic.wem.repo.internal.elasticsearch.query.builder,TermQueryBuilderFactoryTest,compare_eq_datetime,Long Statement,The length of the statement "final QueryBuilder query=TermQueryBuilderFactory.create(CompareExpr.eq(FieldExpr.from("myField")`ValueExpr.instant("2013-11-29T09:42:00Z")));" is 141.,37
xp,com.enonic.wem.repo.internal.elasticsearch.query.builder,TermQueryBuilderFactoryTest,compare_eq_geopoint,Long Statement,The length of the statement "final QueryBuilder query=TermQueryBuilderFactory.create(CompareExpr.eq(FieldExpr.from("myField")`ValueExpr.geoPoint("59.9127300`10.746090")));" is 142.,49
xp,com.enonic.wem.repo.internal.elasticsearch.query.builder,RangeQueryBuilderFactoryTest,compare_gt_number,Long Statement,The length of the statement "final QueryBuilder query=RangeQueryBuilderFactory.create(CompareExpr.gt(FieldExpr.from("myField")`ValueExpr.number(3L)));" is 121.,14
xp,com.enonic.wem.repo.internal.elasticsearch.query.builder,RangeQueryBuilderFactoryTest,compare_gt_number,Magic Number,The method contains a magic number: 3L,14
xp,com.enonic.wem.repo.internal.elasticsearch.query.builder,RangeQueryBuilderFactoryTest,compare_gte_number,Long Statement,The length of the statement "final QueryBuilder query=RangeQueryBuilderFactory.create(CompareExpr.gte(FieldExpr.from("myField")`ValueExpr.number(3L)));" is 122.,25
xp,com.enonic.wem.repo.internal.elasticsearch.query.builder,RangeQueryBuilderFactoryTest,compare_gte_number,Magic Number,The method contains a magic number: 3L,25
xp,com.enonic.wem.repo.internal.elasticsearch.query.builder,RangeQueryBuilderFactoryTest,compare_gte_instant,Long Statement,The length of the statement "final QueryBuilder query=RangeQueryBuilderFactory.create(CompareExpr.gt(FieldExpr.from("myField")`ValueExpr.instant("2013-11-29T11:00:00.000Z")));" is 146.,37
xp,com.enonic.wem.repo.internal.elasticsearch.query.builder,RangeQueryBuilderFactoryTest,compare_gt_string,Long Statement,The length of the statement "final QueryBuilder query=RangeQueryBuilderFactory.create(CompareExpr.gt(FieldExpr.from("myField")`ValueExpr.string("myString")));" is 129.,49
xp,com.enonic.wem.repo.internal.elasticsearch.query.builder,AclFilterBuilderFactory,createNoPrincipalsFilter,Long Statement,The length of the statement "return ValueFilter.create().fieldName(NodeIndexPath.PERMISSIONS_READ.toString()).addValue(Value.newString(PrincipalKey.ofAnonymous().toString())).build();" is 154.,39
xp,com.enonic.wem.repo.internal.elasticsearch.query.builder,AclFilterBuilderFactory,isNodeSuperUser,Long Statement,The length of the statement "return authInfo != null && authInfo.getUser() != null && authInfo.getUser().getKey().equals(NodeConstants.NODE_SUPER_USER_KEY);" is 127.,47
xp,com.enonic.wem.repo.internal.elasticsearch.query.builder,RangeQueryBuilderFactory,create,Missing default,The following switch statement is missing a default case: !org.eclipse.jdt.core.dom.SwitchStatement@6f431e2c,13
xp,com.enonic.wem.repo.internal.elasticsearch.query.builder,SortQueryBuilderFactory,createFieldSortBuilder,Long Statement,The length of the statement "final FieldSortBuilder fieldSortBuilder=new FieldSortBuilder(IndexQueryFieldNameResolver.resolveOrderByFieldName(fieldOrderExpr.getField().getFieldPath()));" is 156.,59
xp,com.enonic.wem.repo.internal.elasticsearch.query.builder,CompareQueryBuilderFactory,create,Complex Method,Cyclomatic complexity of the method is 11,11
xp,com.enonic.wem.repo.internal.elasticsearch.query.builder,CompareQueryBuilderFactory,create,Missing default,The following switch statement is missing a default case: !org.eclipse.jdt.core.dom.SwitchStatement@74b60da7,11
xp,com.enonic.wem.repo.internal.elasticsearch.query.builder,FilterBuilderFactory,createBooleanFilter,Long Statement,The length of the statement "final BoolFilterBuilder builder=new BoolFilterBuilder().must(createBooleanFilterChildren(booleanFilter.getMust())).mustNot(createBooleanFilterChildren(booleanFilter.getMustNot())).should(createBooleanFilterChildren(booleanFilter.getShould()));" is 243.,90
xp,com.enonic.wem.repo.internal.elasticsearch.query.builder,FilterBuilderFactory,createRangeFilter,Long Statement,The length of the statement "final String queryFieldName=IndexQueryFieldNameResolver.createValueTypeAwareFieldName(filter.getFieldName()`from != null ? from : to);" is 134.,115
xp,com.enonic.wem.repo.internal.elasticsearch.query.builder,FilterBuilderFactory,createRangeFilter,Long Statement,The length of the statement "RangeFilterBuilder builder=new RangeFilterBuilder(queryFieldName).from(from).to(to).includeLower(true).includeUpper(true);" is 122.,115
xp,com.enonic.wem.repo.internal.elasticsearch.query.builder.function,FulltextFunctionArgumentsTest,fullText3Arguments,Long Statement,The length of the statement "final List<ValueExpr> arguments=Lists.newArrayList(ValueExpr.string("myField")`ValueExpr.string("SearchString")`ValueExpr.string("and"));" is 137.,22
xp,com.enonic.wem.repo.internal.elasticsearch.query.builder.function,FulltextFunctionArgumentsTest,fullIllegalOperatorArgument,Long Statement,The length of the statement "final List<ValueExpr> arguments=Lists.newArrayList(ValueExpr.string("myField")`ValueExpr.string("SearchString")`ValueExpr.string("dummy"));" is 139.,57
xp,com.enonic.wem.repo.internal.elasticsearch.query.builder.function,FunctionQueryBuilderFactoryTest,test_fulltext,Long Statement,The length of the statement "List<ValueExpr> arguments=Lists.newArrayList(ValueExpr.string("myField")`ValueExpr.string("mySearchString")`ValueExpr.string("OR"));" is 132.,18
xp,com.enonic.wem.repo.internal.elasticsearch.query.builder.function,WeightedNodeIndexPathTest,createWeightedQueryFieldName,Magic Number,The method contains a magic number: 5,10
xp,com.enonic.wem.repo.internal.elasticsearch.query.builder.function,WeightedNodeIndexPathTest,createWeightedQueryFieldName,Magic Number,The method contains a magic number: 5,10
xp,com.enonic.wem.repo.internal.elasticsearch.query.builder.function,GeoDistanceSortFunctionArgumentsTest,argumentsRead,Long Statement,The length of the statement "final GeoDistanceSortFunctionArguments arguments=new GeoDistanceSortFunctionArguments(Lists.newArrayList(ValueExpr.string("myField")`ValueExpr.string("79`80")));" is 161.,19
xp,com.enonic.wem.repo.internal.elasticsearch.query.builder.function,GeoDistanceSortFunctionArgumentsTest,argumentsRead,Magic Number,The method contains a magic number: 79,19
xp,com.enonic.wem.repo.internal.elasticsearch.query.builder.function,GeoDistanceSortFunctionArgumentsTest,argumentsRead,Magic Number,The method contains a magic number: 80,19
xp,com.enonic.wem.repo.internal.elasticsearch.query.builder.function,WeightedQueryFieldNamesTest,createWeightedQueryFieldNames,Magic Number,The method contains a magic number: 2,13
xp,com.enonic.wem.repo.internal.elasticsearch.query.builder.function,WeightedQueryFieldNamesTest,createWeightedQueryFieldNames,Magic Number,The method contains a magic number: 2,13
xp,com.enonic.wem.repo.internal.elasticsearch.query.builder.function,FunctionQueryBuilderFactory,createFulltext,Long Statement,The length of the statement "SimpleQueryStringBuilder builder=new SimpleQueryStringBuilder(arguments.getSearchString()).defaultOperator(arguments.getOperator());" is 132.,32
xp,com.enonic.wem.repo.internal.elasticsearch.query.builder.function,FunctionQueryBuilderFactory,createNGram,Long Statement,The length of the statement "SimpleQueryStringBuilder builder=new SimpleQueryStringBuilder(arguments.getSearchString()).defaultOperator(arguments.getOperator());" is 132.,49
xp,com.enonic.wem.repo.internal.elasticsearch.query.builder.function,DynamicSortBuilderFactory,create,Missing default,The following switch statement is missing a default case: !org.eclipse.jdt.core.dom.SwitchStatement@31ff06eb,16
xp,com.enonic.wem.repo.internal.elasticsearch.query,ElasticsearchQueryServiceTest,get_path_has_read,Long Statement,The length of the statement "final IndexContext indexContext=IndexContext.create().branch(WS_DEFAULT).repositoryId(TEST_REPO.getId()).principalsKeys(PrincipalKeys.from(PrincipalKey.from("user:system:rmy"))).build();" is 186.,38
xp,com.enonic.wem.repo.internal.elasticsearch.query,ElasticsearchQueryServiceTest,get_path_has_read,Long Statement,The length of the statement "final Node node=createNode(CreateNodeParams.create().name("my-node").parent(NodePath.ROOT).permissions(AccessControlList.of(AccessControlEntry.create().principal(PrincipalKey.from("user:system:rmy")).allow(Permission.READ).build())).build());" is 242.,38
xp,com.enonic.wem.repo.internal.elasticsearch.query,ElasticsearchQueryServiceTest,anonymous_has_read,Long Statement,The length of the statement "final IndexContext indexContext=IndexContext.create().branch(WS_DEFAULT).repositoryId(TEST_REPO.getId()).principalsKeys(PrincipalKeys.empty()).build();" is 151.,62
xp,com.enonic.wem.repo.internal.elasticsearch.query,ElasticsearchQueryServiceTest,anonymous_has_read,Long Statement,The length of the statement "final Node node=createNode(CreateNodeParams.create().name("my-node").parent(NodePath.ROOT).permissions(AccessControlList.of(AccessControlEntry.create().principal(PrincipalKey.ofAnonymous()).allow(Permission.READ).build())).build());" is 232.,62
xp,com.enonic.wem.repo.internal.elasticsearch.query,ElasticsearchQueryServiceTest,get_path_group_has_read,Long Statement,The length of the statement "final IndexContext indexContext=IndexContext.create().branch(WS_DEFAULT).repositoryId(TEST_REPO.getId()).principalsKeys(PrincipalKeys.from(PrincipalKey.from("user:system:rmy")`PrincipalKey.from("group:system:mygroup"))).build();" is 228.,86
xp,com.enonic.wem.repo.internal.elasticsearch.query,ElasticsearchQueryServiceTest,get_path_group_has_read,Long Statement,The length of the statement "final Node node=createNode(CreateNodeParams.create().name("my-node").parent(NodePath.ROOT).permissions(AccessControlList.of(AccessControlEntry.create().principal(PrincipalKey.from("group:system:mygroup")).allow(Permission.READ).build())).build());" is 247.,86
xp,com.enonic.wem.repo.internal.elasticsearch.query,ElasticsearchQueryServiceTest,get_path_no_read,Long Statement,The length of the statement "final IndexContext indexContext=IndexContext.create().branch(WS_DEFAULT).repositoryId(TEST_REPO.getId()).principalsKeys(PrincipalKeys.from(PrincipalKey.from("user:system:rmy"))).build();" is 186.,111
xp,com.enonic.wem.repo.internal.elasticsearch.query,ElasticsearchQueryServiceTest,get_path_no_read,Long Statement,The length of the statement "final Node node=createNode(CreateNodeParams.create().name("my-node").parent(NodePath.ROOT).permissions(AccessControlList.of(AccessControlEntry.create().principal(PrincipalKey.from("user:system:rmy")).allow(Permission.DELETE).build())).build());" is 244.,111
xp,com.enonic.wem.repo.internal.elasticsearch.query,ElasticsearchQueryServiceTest,get_path_no_acl_for_node,Long Statement,The length of the statement "final IndexContext indexContext=IndexContext.create().branch(WS_DEFAULT).repositoryId(TEST_REPO.getId()).principalsKeys(PrincipalKeys.from(PrincipalKey.from("user:system:rmy"))).build();" is 186.,135
xp,com.enonic.wem.repo.internal.elasticsearch.query,ElasticsearchQueryServiceTest,get_path_anonymous,Long Statement,The length of the statement "final IndexContext indexContext=IndexContext.create().branch(WS_DEFAULT).repositoryId(TEST_REPO.getId()).principalsKeys(PrincipalKeys.from(PrincipalKey.ofAnonymous())).build();" is 176.,155
xp,com.enonic.wem.repo.internal.elasticsearch.query,ElasticsearchQueryServiceTest,get_path_anonymous,Long Statement,The length of the statement "final Node node=createNode(CreateNodeParams.create().name("my-node").parent(NodePath.ROOT).permissions(AccessControlList.of(AccessControlEntry.create().principal(PrincipalKey.ofAnonymous()).allow(Permission.READ).build())).build());" is 232.,155
xp,com.enonic.wem.repo.internal.elasticsearch.query,ElasticsearchQuery,toString,Long Statement,The length of the statement "return "ElasticsearchQuery{" + "query=" + query + "` size="+ size+ "` from="+ from+ "` filter="+ filter+ "` indexType="+ indexType+ "` index="+ indexName+ "` sortBuilders="+ sortBuildersAsString+ "` aggregations= "+ aggregations+ '}';" is 234.,114
xp,com.enonic.wem.repo.internal.elasticsearch.query,NodeQueryTranslator,translate,Long Statement,The length of the statement "final ElasticsearchQuery.Builder queryBuilder=ElasticsearchQuery.create().index(IndexNameResolver.resolveSearchIndexName(indexContext.getRepositoryId())).indexType(indexContext.getBranch().getName()).query(queryWithQueryFilters).setAggregations(AggregationQueryBuilderFactory.create(nodeQuery.getAggregationQueries())).sortBuilders(SortQueryBuilderFactory.create(nodeQuery.getOrderBys())).filter(FilterBuilderFactory.create(nodeQuery.getPostFilters())).from(nodeQuery.getFrom()).size(nodeQuery.getSize());" is 505.,21
xp,com.enonic.wem.repo.internal.elasticsearch.query,NodeQueryTranslator,createQueryWithQueryFilters,Long Statement,The length of the statement "final QueryBuilderFactory.Builder queryBuilderBuilder=QueryBuilderFactory.create().queryExpr(nodeQuery.getQuery()).addQueryFilters(nodeQuery.getQueryFilters());" is 160.,38
xp,com.enonic.wem.repo.internal.elasticsearch.query,NodeQueryTranslator,addPathFilter,Long Statement,The length of the statement "queryBuilderBuilder.addQueryFilter(ValueFilter.create().fieldName(NodeIndexPath.PATH.getPath()).addValue(Value.newString(nodeQuery.getPath().toString())).build());" is 163.,57
xp,com.enonic.wem.repo.internal.elasticsearch.query,NodeQueryTranslator,addParentFilter,Long Statement,The length of the statement "queryBuilderBuilder.addQueryFilter(ValueFilter.create().fieldName(NodeIndexPath.PARENT_PATH.getPath()).addValue(Value.newString(nodeQuery.getParent().toString())).build());" is 172.,68
xp,com.enonic.wem.repo.internal.elasticsearch.xcontent,StoreDocumentXContentBuilderFactoryTest,create_given_indexdocument_analyzer,Long Statement,The length of the statement "StoreDocument storeDocument=StoreDocument.create().indexName("testindex").indexTypeName("test").analyzer("myanalyzer").build();" is 127.,30
xp,com.enonic.wem.repo.internal.elasticsearch.xcontent,StoreDocumentXContentBuilderFactoryTest,multiple_orderby_entries_gives_one,Long Statement,The length of the statement "StoreDocument storeDocument=StoreDocument.create().indexName("testindex").indexTypeName("test").addEntry(new StoreDocumentStringItem(IndexPath.from("myField")`"myValue1")).addEntry(new StoreDocumentStringItem(IndexPath.from("myField")`"myValue2")).addEntry(new StoreDocumentOrderbyItem(IndexPath.from("myField")`"myOrderByValue1")).addEntry(new StoreDocumentOrderbyItem(IndexPath.from("myField")`"myOrderByValue2")).build();" is 424.,51
xp,com.enonic.wem.repo.internal.elasticsearch.xcontent,StoreDocumentXContentBuilderFactoryTest,multiple_orderby_entries_gives_one,Magic Number,The method contains a magic number: 2,51
xp,com.enonic.wem.repo.internal.elasticsearch.xcontent,StoreDocumentXContentBuilderFactoryTest,create_given_indexdocument_arrayvalues,Long Statement,The length of the statement "StoreDocument storeDocument=StoreDocument.create().indexName("testindex").indexTypeName("test").addEntry(new StoreDocumentStringItem(IndexPath.from("myField")`"myValue1")).addEntry(new StoreDocumentStringItem(IndexPath.from("myField")`"myValue2")).addEntry(new StoreDocumentNumberItem(IndexPath.from("myNumericField")`1.0)).addEntry(new StoreDocumentNumberItem(IndexPath.from("myNumericField")`2.0)).addEntry(new StoreDocumentDateItem(IndexPath.from("myDateField")`Instant.now())).addEntry(new StoreDocumentDateItem(IndexPath.from("myDateField")`Instant.now())).addEntry(new StoreDocumentGeoPointItem(IndexPath.from("myGeoPoint")`Value.newGeoPoint(GeoPoint.from("80`80")).toString())).addEntry(new StoreDocumentGeoPointItem(IndexPath.from("myGeoPoint")`Value.newGeoPoint(GeoPoint.from("81`81")).toString())).build();" is 816.,74
xp,com.enonic.wem.repo.internal.elasticsearch.xcontent,StoreDocumentXContentBuilderFactoryTest,create_given_indexdocument_arrayvalues,Magic Number,The method contains a magic number: 2.0,74
xp,com.enonic.wem.repo.internal.elasticsearch.xcontent,StoreDocumentXContentBuilderFactoryTest,create_given_indexdocument_arrayvalues,Magic Number,The method contains a magic number: 2,74
xp,com.enonic.wem.repo.internal.elasticsearch.xcontent,StoreDocumentXContentBuilderFactoryTest,create_given_indexdocument_arrayvalues,Magic Number,The method contains a magic number: 2,74
xp,com.enonic.wem.repo.internal.elasticsearch.xcontent,StoreDocumentXContentBuilderFactoryTest,create_given_indexdocument_arrayvalues,Magic Number,The method contains a magic number: 2,74
xp,com.enonic.wem.repo.internal.elasticsearch.xcontent,StoreDocumentXContentBuilderFactoryTest,create_given_indexdocument_arrayvalues,Magic Number,The method contains a magic number: 2,74
xp,com.enonic.wem.repo.internal.elasticsearch.xcontent,StoreDocumentXContentBuilderFactoryTest,getObjectMap,Long Statement,The length of the statement "final Tuple<XContentType`Map<String`Object>> xContentTypeMapTuple=XContentHelper.convertToMap(xContentBuilder.bytes()`true);" is 124.,113
xp,com.enonic.wem.repo.internal.entity,GetNodeByPathCommandTest,doGetNodeByPath,Long Statement,The length of the statement "return GetNodeByPathCommand.create().nodePath(nodePath).resolveHasChild(true).queryService(this.queryService).indexServiceInternal(this.indexServiceInternal).nodeDao(this.nodeDao).versionService(this.versionService).branchService(this.branchService).build().execute();" is 268.,67
xp,com.enonic.wem.repo.internal.entity,StoreNodeCommandTest,with_acl,Long Statement,The length of the statement "Node updatedNode=Node.newNode(newNode).permissions(AccessControlList.create().add(AccessControlEntry.create().allow(Permission.READ).allow(Permission.CREATE).allow(Permission.DELETE).principal(PrincipalKey.from("user:myuserstore:rmy")).build()).build()).childOrder(ChildOrder.from("name DESC")).build();" is 303.,26
xp,com.enonic.wem.repo.internal.entity,StoreNodeCommandTest,with_acl,Long Statement,The length of the statement "StoreNodeCommand.create().node(updatedNode).branchService(this.branchService).indexServiceInternal(this.indexServiceInternal).nodeDao(this.nodeDao).versionService(this.versionService).queryService(this.queryService).build().execute();" is 234.,26
xp,com.enonic.wem.repo.internal.entity,NodePathTest,getParentPaths,Magic Number,The method contains a magic number: 3,105
xp,com.enonic.wem.repo.internal.entity,NodePathTest,getParentPaths,Magic Number,The method contains a magic number: 2,105
xp,com.enonic.wem.repo.internal.entity,NodePathTest,removeFromBeginning,Long Statement,The length of the statement "assertEquals("/three/four"`new NodePath("/one/two/three/four").removeFromBeginning(new NodePath("/one/two")).toString());" is 121.,116
xp,com.enonic.wem.repo.internal.entity,RenameNodeCommandTest,rename,Long Statement,The length of the statement "RenameNodeCommand.create().params(RenameNodeParams.create().nodeId(createdNode.id()).nodeName(NodeName.from("my-node-edited")).build()).nodeDao(this.nodeDao).versionService(this.versionService).branchService(this.branchService).queryService(this.queryService).indexServiceInternal(this.indexServiceInternal).build().execute();" is 326.,25
xp,com.enonic.wem.repo.internal.entity,RenameNodeCommandTest,rename_with_children,Long Statement,The length of the statement "RenameNodeCommand.create().params(RenameNodeParams.create().nodeId(createdNode.id()).nodeName(NodeName.from("my-node-edited")).build()).nodeDao(this.nodeDao).versionService(this.versionService).branchService(this.branchService).queryService(this.queryService).indexServiceInternal(this.indexServiceInternal).build().execute();" is 326.,52
xp,com.enonic.wem.repo.internal.entity,NodeEditTest,edit_index_config,Long Statement,The length of the statement "final PatternIndexConfigDocument newIndexConfig=PatternIndexConfigDocument.create().defaultConfig(IndexConfig.FULLTEXT).build();" is 128.,46
xp,com.enonic.wem.repo.internal.entity,NodeEditTest,createNode,Long Statement,The length of the statement "return Node.newNode().id(NodeId.from("node")).parentPath(NodePath.ROOT).name(NodeName.from("mynode")).data(rootDataSet).childOrder(ChildOrder.from("modifiedTime DESC")).indexConfigDocument(PatternIndexConfigDocument.create().defaultConfig(IndexConfig.MINIMAL).build()).build();" is 277.,65
xp,com.enonic.wem.repo.internal.entity,NodeEditTest,createNode,Magic Number,The method contains a magic number: 2.0,65
xp,com.enonic.wem.repo.internal.entity,GetNodeVersionsCommandTest,get_single_version,Long Statement,The length of the statement "final FindNodeVersionsResult result=GetNodeVersionsCommand.create().from(0).size(100).nodeId(node.id()).versionService(this.versionService).build().execute();" is 158.,34
xp,com.enonic.wem.repo.internal.entity,GetNodeVersionsCommandTest,get_single_version,Magic Number,The method contains a magic number: 100,34
xp,com.enonic.wem.repo.internal.entity,GetNodeVersionsCommandTest,get_multiple_version,Long Statement,The length of the statement "final FindNodeVersionsResult result=GetNodeVersionsCommand.create().from(0).size(100).nodeId(node.id()).versionService(this.versionService).build().execute();" is 158.,54
xp,com.enonic.wem.repo.internal.entity,GetNodeVersionsCommandTest,get_multiple_version,Magic Number,The method contains a magic number: 100,54
xp,com.enonic.wem.repo.internal.entity,GetNodeVersionsCommandTest,get_multiple_version,Magic Number,The method contains a magic number: 5,54
xp,com.enonic.wem.repo.internal.entity,GetNodeVersionsCommandTest,doUpdateNode,Long Statement,The length of the statement "UpdateNodeParams updateNodeParams=UpdateNodeParams.create().id(node.id()).editor(toBeEdited -> toBeEdited.name=NodeName.from(node.name() + "-" + this.random.nextLong())).build();" is 178.,87
xp,com.enonic.wem.repo.internal.entity,GetNodeVersionsCommandTest,doUpdateNode,Long Statement,The length of the statement "return UpdateNodeCommand.create().params(updateNodeParams).queryService(this.queryService).indexServiceInternal(this.indexServiceInternal).branchService(this.branchService).versionService(this.versionService).nodeDao(this.nodeDao).binaryBlobStore(this.binaryBlobStore).build().execute();" is 287.,87
xp,com.enonic.wem.repo.internal.entity,AccessControlTest,index_has_read,Long Statement,The length of the statement "final AccessControlList aclList=AccessControlList.create().add(AccessControlEntry.create().principal(PrincipalKey.from("user:myuserstore:rmy")).allow(Permission.READ).build()).add(AccessControlEntry.create().principal(PrincipalKey.from("user:myuserstore:tsi")).allow(Permission.READ).build()).build();" is 301.,34
xp,com.enonic.wem.repo.internal.entity,AccessControlTest,index_has_read,Long Statement,The length of the statement "final CreateNodeParams params=CreateNodeParams.create().name("my-node").parent(NodePath.ROOT).permissions(aclList).build();" is 123.,34
xp,com.enonic.wem.repo.internal.entity,FindNodesByParentCommandTest,getChildren,Long Statement,The length of the statement "final FindNodesByParentResult children=findByParent(FindNodesByParentParams.create().parentPath(createdNode.path()).build());" is 125.,27
xp,com.enonic.wem.repo.internal.entity,FindNodesByParentCommandTest,getChildren,Magic Number,The method contains a magic number: 2,27
xp,com.enonic.wem.repo.internal.entity,FindNodesByParentCommandTest,getChildren,Magic Number,The method contains a magic number: 2,27
xp,com.enonic.wem.repo.internal.entity,FindNodesByParentCommandTest,size,Long Statement,The length of the statement "FindNodesByParentResult children=findByParent(FindNodesByParentParams.create().parentPath(createdNode.path()).size(9).build());" is 127.,59
xp,com.enonic.wem.repo.internal.entity,FindNodesByParentCommandTest,size,Magic Number,The method contains a magic number: 20,59
xp,com.enonic.wem.repo.internal.entity,FindNodesByParentCommandTest,size,Magic Number,The method contains a magic number: 9,59
xp,com.enonic.wem.repo.internal.entity,FindNodesByParentCommandTest,size,Magic Number,The method contains a magic number: 9,59
xp,com.enonic.wem.repo.internal.entity,FindNodesByParentCommandTest,size,Magic Number,The method contains a magic number: 100,59
xp,com.enonic.wem.repo.internal.entity,FindNodesByParentCommandTest,size,Magic Number,The method contains a magic number: 20,59
xp,com.enonic.wem.repo.internal.entity,FindNodesByParentCommandTest,from,Long Statement,The length of the statement "final Node createdNode=createNode(CreateNodeParams.create().parent(NodePath.ROOT).name("my-node").childOrder(ChildOrder.from("myOrderNumber ASC")).build());" is 156.,89
xp,com.enonic.wem.repo.internal.entity,FindNodesByParentCommandTest,from,Long Statement,The length of the statement "FindNodesByParentResult children=findByParent(FindNodesByParentParams.create().parentPath(createdNode.path()).size(10).from(0).build());" is 136.,89
xp,com.enonic.wem.repo.internal.entity,FindNodesByParentCommandTest,from,Magic Number,The method contains a magic number: 20,89
xp,com.enonic.wem.repo.internal.entity,FindNodesByParentCommandTest,from,Magic Number,The method contains a magic number: 10,89
xp,com.enonic.wem.repo.internal.entity,FindNodesByParentCommandTest,from,Magic Number,The method contains a magic number: 10,89
xp,com.enonic.wem.repo.internal.entity,FindNodesByParentCommandTest,from,Magic Number,The method contains a magic number: 10,89
xp,com.enonic.wem.repo.internal.entity,FindNodesByParentCommandTest,from,Magic Number,The method contains a magic number: 10,89
xp,com.enonic.wem.repo.internal.entity,FindNodesByParentCommandTest,from,Magic Number,The method contains a magic number: 10,89
xp,com.enonic.wem.repo.internal.entity,FindNodesByParentCommandTest,get_by_parent_one_child,Long Statement,The length of the statement "final FindNodesByParentResult result=FindNodesByParentCommand.create().params(FindNodesByParentParams.create().parentPath(createdNode.path()).build()).queryService(queryService).branchService(branchService).indexServiceInternal(indexServiceInternal).versionService(versionService).nodeDao(nodeDao).build().execute();" is 316.,140
xp,com.enonic.wem.repo.internal.entity,FindNodesByParentCommandTest,get_children_order,Long Statement,The length of the statement "final Node createdNode=createNode(CreateNodeParams.create().setNodeId(NodeId.from("parent")).name("my-node").parent(NodePath.ROOT).childOrder(ChildOrder.from(NodeIndexPath.NAME + " ASC")).build());" is 197.,171
xp,com.enonic.wem.repo.internal.entity,FindNodesByParentCommandTest,get_children_order,Long Statement,The length of the statement "final Node childNode_b_3=createNode(CreateNodeParams.create().setNodeId(NodeId.from("childnode_b_3")).parent(createdNode.path()).name("b").data(createOrderProperty(3.0)).build());" is 179.,171
xp,com.enonic.wem.repo.internal.entity,FindNodesByParentCommandTest,get_children_order,Long Statement,The length of the statement "final Node childNode_a_2=createNode(CreateNodeParams.create().setNodeId(NodeId.from("childnode_a_2")).parent(createdNode.path()).name("a").data(createOrderProperty(2.0)).build());" is 179.,171
xp,com.enonic.wem.repo.internal.entity,FindNodesByParentCommandTest,get_children_order,Long Statement,The length of the statement "final Node childNode_c_1=createNode(CreateNodeParams.create().setNodeId(NodeId.from("childnode_c_1")).parent(createdNode.path()).name("c").data(createOrderProperty(1.0)).build());" is 179.,171
xp,com.enonic.wem.repo.internal.entity,FindNodesByParentCommandTest,get_children_order,Long Statement,The length of the statement "FindNodesByParentResult result=FindNodesByParentCommand.create().params(FindNodesByParentParams.create().parentPath(createdNode.path()).build()).queryService(queryService).branchService(branchService).indexServiceInternal(indexServiceInternal).versionService(versionService).nodeDao(nodeDao).build().execute();" is 310.,171
xp,com.enonic.wem.repo.internal.entity,FindNodesByParentCommandTest,get_children_order,Long Statement,The length of the statement "result=FindNodesByParentCommand.create().params(FindNodesByParentParams.create().parentPath(createdNode.path()).childOrder(ChildOrder.from("order ASC")).build()).queryService(queryService).branchService(branchService).indexServiceInternal(indexServiceInternal).versionService(versionService).nodeDao(nodeDao).build().execute();" is 327.,171
xp,com.enonic.wem.repo.internal.entity,FindNodesByParentCommandTest,get_children_order,Magic Number,The method contains a magic number: 3.0,171
xp,com.enonic.wem.repo.internal.entity,FindNodesByParentCommandTest,get_children_order,Magic Number,The method contains a magic number: 2.0,171
xp,com.enonic.wem.repo.internal.entity,FindNodesByParentCommandTest,get_children_order,Magic Number,The method contains a magic number: 3,171
xp,com.enonic.wem.repo.internal.entity,FindNodesByParentCommandTest,get_children_order,Magic Number,The method contains a magic number: 3,171
xp,com.enonic.wem.repo.internal.entity,FindNodesByParentCommandTest,child_order_use_root_node,Long Statement,The length of the statement "CreateRootNodeCommand.create().params(CreateRootNodeParams.create().childOrder(ChildOrder.from("order ASC")).permissions(AccessControlList.of(AccessControlEntry.create().allowAll().principal(TEST_DEFAULT_USER.getKey()).build())).build()).queryService(this.queryService).branchService(this.branchService).versionService(this.versionService).nodeDao(this.nodeDao).indexServiceInternal(this.indexServiceInternal).build().execute();" is 428.,260
xp,com.enonic.wem.repo.internal.entity,FindNodesByParentCommandTest,child_order_use_root_node,Long Statement,The length of the statement "final Node node1=createNode(CreateNodeParams.create().setNodeId(NodeId.from("node1")).name("node1").parent(NodePath.ROOT).data(createOrderProperty(4.0)).build());" is 162.,260
xp,com.enonic.wem.repo.internal.entity,FindNodesByParentCommandTest,child_order_use_root_node,Long Statement,The length of the statement "final Node node2=createNode(CreateNodeParams.create().setNodeId(NodeId.from("node2")).name("node2").parent(NodePath.ROOT).data(createOrderProperty(1.0)).build());" is 162.,260
xp,com.enonic.wem.repo.internal.entity,FindNodesByParentCommandTest,child_order_use_root_node,Long Statement,The length of the statement "final Node node3=createNode(CreateNodeParams.create().setNodeId(NodeId.from("node3")).name("node3").parent(NodePath.ROOT).data(createOrderProperty(3.0)).build());" is 162.,260
xp,com.enonic.wem.repo.internal.entity,FindNodesByParentCommandTest,child_order_use_root_node,Magic Number,The method contains a magic number: 4.0,260
xp,com.enonic.wem.repo.internal.entity,FindNodesByParentCommandTest,child_order_use_root_node,Magic Number,The method contains a magic number: 3.0,260
xp,com.enonic.wem.repo.internal.entity,GetBinaryCommandTest,get_by_reference,Long Statement,The length of the statement "final Node node=createNode(CreateNodeParams.create().name("my-node").parent(NodePath.ROOT).data(data).attachBinary(imageRef`ByteSource.wrap("thisIsMyImage".getBytes())).build());" is 178.,28
xp,com.enonic.wem.repo.internal.entity,GetBinaryCommandTest,get_by_reference,Long Statement,The length of the statement "final ByteSource myImage=GetBinaryCommand.create().nodeId(node.id()).binaryReference(imageRef).versionService(this.versionService).branchService(this.branchService).nodeDao(this.nodeDao).indexServiceInternal(this.indexServiceInternal).queryService(this.queryService).binaryBlobStore(this.binaryBlobStore).build().execute();" is 323.,28
xp,com.enonic.wem.repo.internal.entity,GetBinaryCommandTest,get_by_propertyPath,Long Statement,The length of the statement "final Node node=createNode(CreateNodeParams.create().name("my-node").parent(NodePath.ROOT).data(data).attachBinary(imageRef`ByteSource.wrap("thisIsMyImage".getBytes())).build());" is 178.,59
xp,com.enonic.wem.repo.internal.entity,GetBinaryCommandTest,get_by_propertyPath,Long Statement,The length of the statement "final ByteSource myImage=GetBinaryCommand.create().nodeId(node.id()).propertyPath(PropertyPath.from("myBinary")).versionService(this.versionService).branchService(this.branchService).nodeDao(this.nodeDao).indexServiceInternal(this.indexServiceInternal).queryService(this.queryService).binaryBlobStore(this.binaryBlobStore).build().execute();" is 341.,59
xp,com.enonic.wem.repo.internal.entity,MoveNodeCommandTest,new_name_only,Long Statement,The length of the statement "final Node node=createNode(CreateNodeParams.create().name("mynode").parent(NodePath.ROOT).setNodeId(NodeId.from("mynode")).build());" is 132.,29
xp,com.enonic.wem.repo.internal.entity,MoveNodeCommandTest,new_name_only,Long Statement,The length of the statement "MoveNodeCommand.create().queryService(this.queryService).indexServiceInternal(this.indexServiceInternal).branchService(this.branchService).nodeDao(this.nodeDao).versionService(this.versionService).id(node.id()).newNodeName(NodeName.from("mynode2")).newParent(node.parentPath()).build().execute();" is 296.,29
xp,com.enonic.wem.repo.internal.entity,MoveNodeCommandTest,move_to_child_as_self_not_allowed,Long Statement,The length of the statement "final Node node=createNode(CreateNodeParams.create().name("mynode").parent(NodePath.ROOT).setNodeId(NodeId.from("mynode")).build());" is 132.,58
xp,com.enonic.wem.repo.internal.entity,MoveNodeCommandTest,move_to_child_as_self_not_allowed,Long Statement,The length of the statement "MoveNodeCommand.create().queryService(this.queryService).indexServiceInternal(this.indexServiceInternal).branchService(this.branchService).nodeDao(this.nodeDao).versionService(this.versionService).id(node.id()).newNodeName(NodeName.from("mynode2")).newParent(node.path()).build().execute();" is 290.,58
xp,com.enonic.wem.repo.internal.entity,MoveNodeCommandTest,move_to_child_of_own_child_not_allowed,Long Statement,The length of the statement "final Node node=createNode(CreateNodeParams.create().name("mynode").parent(NodePath.ROOT).setNodeId(NodeId.from("mynode")).build());" is 132.,81
xp,com.enonic.wem.repo.internal.entity,MoveNodeCommandTest,move_to_child_of_own_child_not_allowed,Long Statement,The length of the statement "final Node child=createNode(CreateNodeParams.create().name("child").parent(node.path()).setNodeId(NodeId.from("child")).build());" is 129.,81
xp,com.enonic.wem.repo.internal.entity,MoveNodeCommandTest,move_to_child_of_own_child_not_allowed,Long Statement,The length of the statement "MoveNodeCommand.create().queryService(this.queryService).indexServiceInternal(this.indexServiceInternal).branchService(this.branchService).nodeDao(this.nodeDao).versionService(this.versionService).id(node.id()).newNodeName(NodeName.from("mynode2")).newParent(child.path()).build().execute();" is 291.,81
xp,com.enonic.wem.repo.internal.entity,MoveNodeCommandTest,move_node_already_exists,Long Statement,The length of the statement "final Node node=createNode(CreateNodeParams.create().name("mynode").parent(NodePath.ROOT).setNodeId(NodeId.from("mynode")).build());" is 132.,111
xp,com.enonic.wem.repo.internal.entity,MoveNodeCommandTest,move_node_already_exists,Long Statement,The length of the statement "final Node newParent=createNode(CreateNodeParams.create().name("new-parent").parent(NodePath.ROOT).setNodeId(NodeId.from("newparent")).build());" is 144.,111
xp,com.enonic.wem.repo.internal.entity,MoveNodeCommandTest,move_node_already_exists,Long Statement,The length of the statement "MoveNodeCommand.create().queryService(this.queryService).indexServiceInternal(this.indexServiceInternal).branchService(this.branchService).nodeDao(this.nodeDao).versionService(this.versionService).id(node.id()).newNodeName(NodeName.from("mynode")).newParent(newParent.path()).build().execute();" is 294.,111
xp,com.enonic.wem.repo.internal.entity,MoveNodeCommandTest,move_node_already_exists_force,Long Statement,The length of the statement "final Node node=createNode(CreateNodeParams.create().name("mynode").parent(NodePath.ROOT).setNodeId(NodeId.from("mynode")).build());" is 132.,145
xp,com.enonic.wem.repo.internal.entity,MoveNodeCommandTest,move_node_already_exists_force,Long Statement,The length of the statement "final Node newParent=createNode(CreateNodeParams.create().name("new-parent").parent(NodePath.ROOT).setNodeId(NodeId.from("newparent")).build());" is 144.,145
xp,com.enonic.wem.repo.internal.entity,MoveNodeCommandTest,move_node_already_exists_force,Long Statement,The length of the statement "MoveNodeCommand.create().queryService(this.queryService).indexServiceInternal(this.indexServiceInternal).branchService(this.branchService).nodeDao(this.nodeDao).versionService(this.versionService).id(node.id()).newNodeName(NodeName.from("mynode")).newParent(newParent.path()).overwriteExisting(true).build().execute();" is 318.,145
xp,com.enonic.wem.repo.internal.entity,MoveNodeCommandTest,move_to_new_parent,Long Statement,The length of the statement "final Node node=createNode(CreateNodeParams.create().name("mynode").parent(NodePath.ROOT).setNodeId(NodeId.from("mynode")).build());" is 132.,185
xp,com.enonic.wem.repo.internal.entity,MoveNodeCommandTest,move_to_new_parent,Long Statement,The length of the statement "final Node newParent=createNode(CreateNodeParams.create().name("new-parent").parent(NodePath.ROOT).setNodeId(NodeId.from("newparent")).build());" is 144.,185
xp,com.enonic.wem.repo.internal.entity,MoveNodeCommandTest,move_to_new_parent,Long Statement,The length of the statement "MoveNodeCommand.create().queryService(this.queryService).indexServiceInternal(this.indexServiceInternal).branchService(this.branchService).nodeDao(this.nodeDao).versionService(this.versionService).id(node.id()).newParent(newParent.path()).build().execute();" is 257.,185
xp,com.enonic.wem.repo.internal.entity,MoveNodeCommandTest,move_with_children,Long Statement,The length of the statement "final Node parentNode=createNode(CreateNodeParams.create().name("myparent").parent(NodePath.ROOT).setNodeId(NodeId.from("myparent")).permissions(AccessControlList.of(AccessControlEntry.create().principal(TEST_DEFAULT_USER.getKey()).allowAll().build())).build());" is 262.,218
xp,com.enonic.wem.repo.internal.entity,MoveNodeCommandTest,move_with_children,Long Statement,The length of the statement "final Node node=createNode(CreateNodeParams.create().name("mynode").parent(parentNode.path()).setNodeId(NodeId.from("mynode")).inheritPermissions(true).build());" is 161.,218
xp,com.enonic.wem.repo.internal.entity,MoveNodeCommandTest,move_with_children,Long Statement,The length of the statement "final Node child1=createNode(CreateNodeParams.create().name("child1").parent(node.path()).setNodeId(NodeId.from("child1")).build());" is 132.,218
xp,com.enonic.wem.repo.internal.entity,MoveNodeCommandTest,move_with_children,Long Statement,The length of the statement "final Node child2=createNode(CreateNodeParams.create().name("child2").parent(node.path()).setNodeId(NodeId.from("child2")).build());" is 132.,218
xp,com.enonic.wem.repo.internal.entity,MoveNodeCommandTest,move_with_children,Long Statement,The length of the statement "final Node child1_1=createNode(CreateNodeParams.create().name("child1_1").parent(child1.path()).setNodeId(NodeId.from("child1_1")).build());" is 140.,218
xp,com.enonic.wem.repo.internal.entity,MoveNodeCommandTest,move_with_children,Long Statement,The length of the statement "final Node newParent=createNode(CreateNodeParams.create().name("new-parent").parent(NodePath.ROOT).setNodeId(NodeId.from("newparent")).build());" is 144.,218
xp,com.enonic.wem.repo.internal.entity,MoveNodeCommandTest,move_with_children,Long Statement,The length of the statement "final Node movedNode=MoveNodeCommand.create().queryService(this.queryService).indexServiceInternal(this.indexServiceInternal).branchService(this.branchService).nodeDao(this.nodeDao).versionService(this.versionService).id(node.id()).newParent(newParent.path()).build().execute();" is 278.,218
xp,com.enonic.wem.repo.internal.entity,MoveNodeCommandTest,move_with_children,Magic Number,The method contains a magic number: 2,218
xp,com.enonic.wem.repo.internal.entity,PushNodesCommandTest,ensure_order_for_publish_with_children,Long Statement,The length of the statement "final PushNodesResult result=pushNodes(NodeIds.from(child2_1.id()`child1_1.id()`child1.id()`child2.id()`node.id())`WS_OTHER);" is 125.,88
xp,com.enonic.wem.repo.internal.entity,PushNodesCommandTest,moved_nodes_yields_reindex_of_children,Long Statement,The length of the statement "pushNodes(NodeIds.from(node.id()`node2.id()`child1.id()`child1_1.id()`child1_1_1.id()`child2.id()`child2_1.id())`WS_OTHER);" is 123.,131
xp,com.enonic.wem.repo.internal.entity,PushNodesCommandTest,moved_nodes_yields_reindex_of_children,Long Statement,The length of the statement "final Node movedNode=MoveNodeCommand.create().id(node.id()).newParent(node2.path()).queryService(this.queryService).nodeDao(this.nodeDao).branchService(this.branchService).indexServiceInternal(this.indexServiceInternal).versionService(this.versionService).build().execute();" is 274.,131
xp,com.enonic.wem.repo.internal.entity,PushNodesCommandTest,push_after_rename,Long Statement,The length of the statement "pushNodes(NodeIds.from(node.id()`node2.id()`child1.id()`child1_1.id()`child1_1_1.id()`child2.id()`child2_1.id())`WS_OTHER);" is 123.,192
xp,com.enonic.wem.repo.internal.entity,PushNodesCommandTest,push_after_rename,Long Statement,The length of the statement "final PushNodesResult result=pushNodes(NodeIds.from(child1_1_1.id()`child1_1.id()`node.id()`child2_1.id()`node2.id()`child1.id()`child2.id())`WS_OTHER);" is 152.,192
xp,com.enonic.wem.repo.internal.entity,PushNodesCommandTest,push_after_rename,Magic Number,The method contains a magic number: 7,192
xp,com.enonic.wem.repo.internal.entity,PushNodesCommandTest,renameNode,Long Statement,The length of the statement "MoveNodeCommand.create().id(node.id()).newNodeName(NodeName.from(node.id().toString() + "edited")).indexServiceInternal(this.indexServiceInternal).versionService(this.versionService).queryService(this.queryService).branchService(this.branchService).nodeDao(this.nodeDao).build().execute();" is 289.,249
xp,com.enonic.wem.repo.internal.entity,NodeBuilderTest,build_given_index_config,Long Statement,The length of the statement "final Node myNode=Node.newNode().indexConfigDocument(PatternIndexConfigDocument.create().analyzer("myAnalyzer").build()).build();" is 129.,25
xp,com.enonic.wem.repo.internal.entity,NodeBuilderTest,build_given_all_builder_properties,Magic Number,The method contains a magic number: 2013,51
xp,com.enonic.wem.repo.internal.entity,NodeBuilderTest,build_given_all_builder_properties,Magic Number,The method contains a magic number: 10,51
xp,com.enonic.wem.repo.internal.entity,NodeBuilderTest,build_given_all_builder_properties,Magic Number,The method contains a magic number: 25,51
xp,com.enonic.wem.repo.internal.entity,NodeBuilderTest,build_given_all_builder_properties,Magic Number,The method contains a magic number: 10,51
xp,com.enonic.wem.repo.internal.entity,NodeBuilderTest,build_given_all_builder_properties,Magic Number,The method contains a magic number: 43,51
xp,com.enonic.wem.repo.internal.entity,NodeHasChildResolverTest,nodes_has_children,Long Statement,The length of the statement "final Nodes resolvedNodes=NodeHasChildResolver.create().queryService(this.queryService).build().resolve(Nodes.from(parentNode1`parentNode2`parentNode3));" is 153.,48
xp,com.enonic.wem.repo.internal.entity,NodePermissionsResolverTest,hasPermissionEmptyACL,Long Statement,The length of the statement "final AuthenticationInfo authInfo=AuthenticationInfo.create().user(User.ANONYMOUS).principals(PrincipalKey.ofAnonymous()).build();" is 130.,29
xp,com.enonic.wem.repo.internal.entity,NodePermissionsResolverTest,hasPermissionEmptyACL,Long Statement,The length of the statement "final AccessControlList nodePermissions=AccessControlList.create().add(AccessControlEntry.create().principal(USER_A).allow(READ).build()).add(AccessControlEntry.create().principal(GROUP_B).allow(CREATE).build()).add(AccessControlEntry.create().principal(ROLE_C).allow(MODIFY).build()).build();" is 293.,29
xp,com.enonic.wem.repo.internal.entity,NodePermissionsResolverTest,hasPermissionAll,Long Statement,The length of the statement "final AuthenticationInfo authInfo=AuthenticationInfo.create().user(User.create().key(USER_A).login("usera").build()).principals(USER_A`GROUP_B`ROLE_C).build();" is 159.,50
xp,com.enonic.wem.repo.internal.entity,NodePermissionsResolverTest,hasPermissionAll,Long Statement,The length of the statement "final AccessControlList nodePermissions=AccessControlList.create().add(AccessControlEntry.create().principal(USER_A).allow(READ).build()).add(AccessControlEntry.create().principal(GROUP_B).allow(CREATE).build()).add(AccessControlEntry.create().principal(ROLE_C).allow(READ`MODIFY`CREATE).build()).build();" is 305.,50
xp,com.enonic.wem.repo.internal.entity,NodePermissionsResolverTest,hasPermissionSome,Long Statement,The length of the statement "final AuthenticationInfo authInfo=AuthenticationInfo.create().user(User.create().key(USER_A).login("usera").build()).principals(USER_A`ROLE_C).build();" is 151.,71
xp,com.enonic.wem.repo.internal.entity,NodePermissionsResolverTest,hasPermissionSome,Long Statement,The length of the statement "final AccessControlList nodePermissions=AccessControlList.create().add(AccessControlEntry.create().principal(USER_A).allow(READ).build()).add(AccessControlEntry.create().principal(GROUP_B).allow(CREATE).build()).add(AccessControlEntry.create().principal(ROLE_C).allow(MODIFY).build()).build();" is 293.,71
xp,com.enonic.wem.repo.internal.entity,NodeServiceImplTest,createRootNode,Long Statement,The length of the statement "final User user=User.create().key(PrincipalKey.ofUser(UserStoreKey.system()`"user1")).displayName("User 1").modifiedTime(Instant.now()).email("user1@enonic.com").login("user1").build();" is 185.,79
xp,com.enonic.wem.repo.internal.entity,NodeServiceImplTest,createRootNode,Long Statement,The length of the statement "this.nodeService.createRootNode(CreateRootNodeParams.create().childOrder(ChildOrder.from("_name ASC")).permissions(AccessControlList.of(AccessControlEntry.create().allowAll().principal(user.getKey()).build())).build());" is 219.,79
xp,com.enonic.wem.repo.internal.entity,NodeServiceImplTest,createRootNode,Long Statement,The length of the statement "final Context context=ContextBuilder.create().authInfo(AuthenticationInfo.create().user(user).principals(RoleKeys.CONTENT_MANAGER_ADMIN).build()).branch(WS_DEFAULT).repositoryId(TEST_REPO.getId()).build();" is 205.,79
xp,com.enonic.wem.repo.internal.entity,NodeServiceImplTest,rename,Long Statement,The length of the statement "nodeService.rename(RenameNodeParams.create().nodeName(NodeName.from("my-node-edited")).nodeId(createdNode.id()).build());" is 121.,113
xp,com.enonic.wem.repo.internal.entity,NodeServiceImplTest,create,Long Statement,The length of the statement "final ChildOrder childOrder=ChildOrder.create().add(FieldOrderExpr.create(NodeIndexPath.TIMESTAMP`OrderExpr.Direction.DESC)).add(FieldOrderExpr.create(NodeIndexPath.NAME`OrderExpr.Direction.ASC)).build();" is 204.,132
xp,com.enonic.wem.repo.internal.entity,NodeServiceImplTest,create,Long Statement,The length of the statement "final AccessControlList aclList=AccessControlList.create().add(AccessControlEntry.create().principal(PrincipalKey.from("user:myuserstore:rmy")).allow(Permission.READ).build()).build();" is 184.,132
xp,com.enonic.wem.repo.internal.entity,NodeServiceImplTest,create,Long Statement,The length of the statement "final CreateNodeParams params=CreateNodeParams.create().name("my-node").parent(NodePath.ROOT).permissions(aclList).childOrder(childOrder).build();" is 146.,132
xp,com.enonic.wem.repo.internal.entity,NodeServiceImplTest,snapshot_restore,Long Statement,The length of the statement "final SnapshotResult result=this.nodeService.snapshot(SnapshotParams.create().snapshotName("my-snapshot").repositoryId(CTX_DEFAULT.getRepositoryId()).build());" is 159.,165
xp,com.enonic.wem.repo.internal.entity,NodeServiceImplTest,snapshot_restore,Long Statement,The length of the statement "this.nodeService.restore(RestoreParams.create().snapshotName("my-snapshot").repositoryId(CTX_DEFAULT.getRepositoryId()).build());" is 129.,165
xp,com.enonic.wem.repo.internal.entity,NodeServiceImplTest,non_existing_snapshot,Long Statement,The length of the statement "final RestoreResult result=this.nodeService.restore(RestoreParams.create().snapshotName("my-snapshot").repositoryId(CTX_DEFAULT.getRepositoryId()).build());" is 156.,193
xp,com.enonic.wem.repo.internal.entity,GetActiveNodeVersionsCommandTest,get_active_versions,Long Statement,The length of the statement "final GetActiveNodeVersionsResult result=GetActiveNodeVersionsCommand.create().versionService(this.versionService).branchService(this.branchService).nodeDao(this.nodeDao).queryService(this.queryService).nodeId(node.id()).branches(Branches.from(WS_DEFAULT`WS_OTHER)).build().execute();" is 284.,30
xp,com.enonic.wem.repo.internal.entity,GetActiveNodeVersionsCommandTest,get_active_versions,Long Statement,The length of the statement "final GetActiveNodeVersionsResult result2=GetActiveNodeVersionsCommand.create().versionService(this.versionService).branchService(this.branchService).nodeDao(this.nodeDao).queryService(this.queryService).nodeId(node.id()).branches(Branches.from(WS_DEFAULT`WS_OTHER)).build().execute();" is 285.,30
xp,com.enonic.wem.repo.internal.entity,GetActiveNodeVersionsCommandTest,updateNode,Long Statement,The length of the statement "UpdateNodeParams updateNodeParams=UpdateNodeParams.create().id(node.id()).editor(toBeEdited -> toBeEdited.data.setString("myString"`"edit")).build();" is 149.,80
xp,com.enonic.wem.repo.internal.entity,GetActiveNodeVersionsCommandTest,updateNode,Long Statement,The length of the statement "context.runWith(() -> UpdateNodeCommand.create().params(updateNodeParams).indexServiceInternal(this.indexServiceInternal).queryService(this.queryService).branchService(this.branchService).nodeDao(this.nodeDao).versionService(this.versionService).binaryBlobStore(this.binaryBlobStore).build().execute());" is 303.,80
xp,com.enonic.wem.repo.internal.entity,AbstractNodeTest,createDefaultRootNode,Long Statement,The length of the statement "final AccessControlList rootPermissions=AccessControlList.of(AccessControlEntry.create().principal(TEST_DEFAULT_USER.getKey()).allowAll().build());" is 147.,145
xp,com.enonic.wem.repo.internal.entity,AbstractNodeTest,createDefaultRootNode,Long Statement,The length of the statement "return CreateRootNodeCommand.create().params(createRootParams).queryService(this.queryService).branchService(this.branchService).versionService(this.versionService).nodeDao(this.nodeDao).indexServiceInternal(this.indexServiceInternal).build().execute();" is 253.,145
xp,com.enonic.wem.repo.internal.entity,AbstractNodeTest,updateNode,Long Statement,The length of the statement "return UpdateNodeCommand.create().params(updateNodeParams).queryService(this.queryService).indexServiceInternal(this.indexServiceInternal).nodeDao(this.nodeDao).branchService(this.branchService).versionService(this.versionService).binaryBlobStore(this.binaryBlobStore).build().execute();" is 287.,163
xp,com.enonic.wem.repo.internal.entity,AbstractNodeTest,createNode,Long Statement,The length of the statement "final Node createdNode=CreateNodeCommand.create().branchService(this.branchService).nodeDao(this.nodeDao).indexServiceInternal(this.indexServiceInternal).versionService(this.versionService).queryService(this.queryService).binaryBlobStore(this.binaryBlobStore).params(createNodeParams).build().execute();" is 303.,183
xp,com.enonic.wem.repo.internal.entity,AbstractNodeTest,getNodeById,Long Statement,The length of the statement "return GetNodeByIdCommand.create().versionService(this.versionService).indexServiceInternal(this.indexServiceInternal).versionService(this.versionService).nodeDao(this.nodeDao).branchService(this.branchService).queryService(this.queryService).id(nodeId).resolveHasChild(false).build().execute();" is 295.,201
xp,com.enonic.wem.repo.internal.entity,AbstractNodeTest,getNodeByPath,Long Statement,The length of the statement "return GetNodeByPathCommand.create().versionService(this.versionService).indexServiceInternal(this.indexServiceInternal).versionService(this.versionService).nodeDao(this.nodeDao).branchService(this.branchService).queryService(this.queryService).nodePath(nodePath).resolveHasChild(false).build().execute();" is 305.,216
xp,com.enonic.wem.repo.internal.entity,AbstractNodeTest,findByParent,Long Statement,The length of the statement "return FindNodesByParentCommand.create().params(params).queryService(queryService).branchService(branchService).indexServiceInternal(indexServiceInternal).versionService(versionService).nodeDao(nodeDao).build().execute();" is 221.,232
xp,com.enonic.wem.repo.internal.entity,AbstractNodeTest,doFindByQuery,Long Statement,The length of the statement "return FindNodesByQueryCommand.create().query(query).queryService(this.queryService).versionService(this.versionService).branchService(this.branchService).nodeDao(this.nodeDao).indexServiceInternal(this.indexServiceInternal).build().execute();" is 243.,245
xp,com.enonic.wem.repo.internal.entity,AbstractNodeTest,printBranchIndex,Long Statement,The length of the statement "printAllIndexContent(IndexNameResolver.resolveStorageIndexName(CTX_DEFAULT.getRepositoryId())`IndexType.BRANCH.getName());" is 122.,263
xp,com.enonic.wem.repo.internal.entity,AbstractNodeTest,printVersionIndex,Long Statement,The length of the statement "printAllIndexContent(IndexNameResolver.resolveStorageIndexName(CTX_DEFAULT.getRepositoryId())`IndexType.VERSION.getName());" is 123.,268
xp,com.enonic.wem.repo.internal.entity,AbstractNodeTest,doPushNodes,Long Statement,The length of the statement "return PushNodesCommand.create().ids(nodeIds).target(target).queryService(this.queryService).versionService(this.versionService).nodeDao(this.nodeDao).branchService(this.branchService).indexServiceInternal(this.indexServiceInternal).build().execute();" is 251.,283
xp,com.enonic.wem.repo.internal.entity,AbstractNodeTest,doDeleteNode,Long Statement,The length of the statement "return DeleteNodeByIdCommand.create().nodeId(nodeId).queryService(this.queryService).indexServiceInternal(this.indexServiceInternal).nodeDao(this.nodeDao).versionService(this.versionService).branchService(this.branchService).build().execute();" is 243.,297
xp,com.enonic.wem.repo.internal.entity,GetNodesByPathsCommandTest,get_by_paths,Long Statement,The length of the statement "final Nodes result=GetNodesByPathsCommand.create().paths(NodePaths.create().addNodePath(createdNode1.path()).addNodePath(createdNode2.path()).build()).resolveHasChild(true).branchService(this.branchService).queryService(this.queryService).versionService(this.versionService).indexServiceInternal(this.indexServiceInternal).nodeDao(this.nodeDao).build().execute();" is 363.,26
xp,com.enonic.wem.repo.internal.entity,GetNodesByPathsCommandTest,get_by_paths,Magic Number,The method contains a magic number: 2,26
xp,com.enonic.wem.repo.internal.entity,GetNodesByPathsCommandTest,get_by_paths_empty,Long Statement,The length of the statement "final Nodes result=GetNodesByPathsCommand.create().paths(NodePaths.from("/dummy1"`"dummy2")).resolveHasChild(true).branchService(this.branchService).queryService(this.queryService).versionService(this.versionService).indexServiceInternal(this.indexServiceInternal).nodeDao(this.nodeDao).build().execute();" is 305.,57
xp,com.enonic.wem.repo.internal.entity,ReorderChildNodeCommandTest,move_first,Long Statement,The length of the statement "ReorderChildNodeCommand.create().parentNode(getNodeById(parentNode.id())).nodeToMove(getNodeById(NodeId.from("c"))).nodeToMoveBefore(getNodeById(NodeId.from("a"))).indexServiceInternal(this.indexServiceInternal).queryService(this.queryService).nodeDao(this.nodeDao).branchService(this.branchService).versionService(this.versionService).build().execute();" is 354.,34
xp,com.enonic.wem.repo.internal.entity,ReorderChildNodeCommandTest,move_first,Long Statement,The length of the statement "final FindNodesByParentResult reOrderedResult=findByParent(FindNodesByParentParams.create().parentPath(parentNode.path()).build());" is 131.,34
xp,com.enonic.wem.repo.internal.entity,ReorderChildNodeCommandTest,move_in_between,Long Statement,The length of the statement "ReorderChildNodeCommand.create().parentNode(getNodeById(parentNode.id())).nodeToMove(getNodeById(NodeId.from("c"))).nodeToMoveBefore(getNodeById(NodeId.from("b"))).indexServiceInternal(this.indexServiceInternal).queryService(this.queryService).nodeDao(this.nodeDao).branchService(this.branchService).versionService(this.versionService).build().execute();" is 354.,76
xp,com.enonic.wem.repo.internal.entity,ReorderChildNodeCommandTest,move_in_between,Long Statement,The length of the statement "final FindNodesByParentResult reOrderedResult=findByParent(FindNodesByParentParams.create().parentPath(parentNode.path()).build());" is 131.,76
xp,com.enonic.wem.repo.internal.entity,ReorderChildNodeCommandTest,move_last,Long Statement,The length of the statement "ReorderChildNodeCommand.create().parentNode(getNodeById(parentNode.id())).nodeToMove(getNodeById(NodeId.from("c"))).indexServiceInternal(this.indexServiceInternal).queryService(this.queryService).nodeDao(this.nodeDao).branchService(this.branchService).versionService(this.versionService).build().execute();" is 306.,118
xp,com.enonic.wem.repo.internal.entity,ReorderChildNodeCommandTest,move_last,Long Statement,The length of the statement "final FindNodesByParentResult reOrderedResult=findByParent(FindNodesByParentParams.create().parentPath(parentNode.path()).build());" is 131.,118
xp,com.enonic.wem.repo.internal.entity,ReorderChildNodeCommandTest,setChildOrder,Long Statement,The length of the statement "SetNodeChildOrderCommand.create().nodeId(parentNode.id()).childOrder(ChildOrder.create().add(FieldOrderExpr.create(indexPath`direction)).build()).nodeDao(nodeDao).versionService(versionService).branchService(branchService).queryService(queryService).indexServiceInternal(indexServiceInternal).build().execute();" is 311.,169
xp,com.enonic.wem.repo.internal.entity,FindNodesWithVersionDifferenceCommandTest,only_in_source,Magic Number,The method contains a magic number: 2,31
xp,com.enonic.wem.repo.internal.entity,FindNodesWithVersionDifferenceCommandTest,only_in_source_with_path,Magic Number,The method contains a magic number: 5,49
xp,com.enonic.wem.repo.internal.entity,FindNodesWithVersionDifferenceCommandTest,only_in_source_with_path,Magic Number,The method contains a magic number: 4,49
xp,com.enonic.wem.repo.internal.entity,FindNodesWithVersionDifferenceCommandTest,only_in_source_with_path,Magic Number,The method contains a magic number: 3,49
xp,com.enonic.wem.repo.internal.entity,FindNodesWithVersionDifferenceCommandTest,only_in_source_with_path,Magic Number,The method contains a magic number: 2,49
xp,com.enonic.wem.repo.internal.entity,FindNodesWithVersionDifferenceCommandTest,same_version,Long Statement,The length of the statement "final Node node=CTX_DEFAULT.callWith(() -> createNode(CreateNodeParams.create().name("mynode").parent(NodePath.ROOT).build()));" is 127.,88
xp,com.enonic.wem.repo.internal.entity,FindNodesWithVersionDifferenceCommandTest,doMoveNode,Long Statement,The length of the statement "MoveNodeCommand.create().newParent(newParent.path()).id(node.id()).queryService(this.queryService).versionService(this.versionService).nodeDao(this.nodeDao).indexServiceInternal(this.indexServiceInternal).branchService(this.branchService).build().execute();" is 257.,244
xp,com.enonic.wem.repo.internal.entity,FindNodesWithVersionDifferenceCommandTest,getDiff,Long Statement,The length of the statement "return FindNodesWithVersionDifferenceCommand.create().versionService(this.versionService).query(queryBuilder.build()).build().execute();" is 136.,264
xp,com.enonic.wem.repo.internal.entity,FindNodesWithVersionDifferenceCommandTest,doUpdateNode,Long Statement,The length of the statement "final UpdateNodeParams updateNodeParams=UpdateNodeParams.create().id(node.id()).editor(editableNode -> editableNode.manualOrderValue=10l).build();" is 146.,282
xp,com.enonic.wem.repo.internal.entity,FindNodesWithVersionDifferenceCommandTest,doUpdateNode,Long Statement,The length of the statement "return UpdateNodeCommand.create().params(updateNodeParams).queryService(this.queryService).indexServiceInternal(this.indexServiceInternal).branchService(this.branchService).versionService(this.versionService).nodeDao(this.nodeDao).binaryBlobStore(this.binaryBlobStore).build().execute();" is 287.,282
xp,com.enonic.wem.repo.internal.entity,FindNodesWithVersionDifferenceCommandTest,doUpdateNode,Magic Number,The method contains a magic number: 10l,282
xp,com.enonic.wem.repo.internal.entity,FindNodesWithVersionDifferenceCommandTest,doPushNode,Long Statement,The length of the statement "return PushNodesCommand.create().ids(NodeIds.from(createdNode.id())).target(target).indexServiceInternal(this.indexServiceInternal).branchService(this.branchService).versionService(this.versionService).nodeDao(this.nodeDao).queryService(this.queryService).build().execute();" is 274.,301
xp,com.enonic.wem.repo.internal.entity,GetNodeByIdCommandTest,get_by_id,Long Statement,The length of the statement "final Node fetchedNode=GetNodeByIdCommand.create().versionService(this.versionService).indexServiceInternal(this.indexServiceInternal).versionService(this.versionService).nodeDao(this.nodeDao).branchService(this.branchService).queryService(this.queryService).id(createdNode.id()).resolveHasChild(false).build().execute();" is 321.,28
xp,com.enonic.wem.repo.internal.entity,GetNodeByIdCommandTest,get_by_id_no_access,Long Statement,The length of the statement "final CreateNodeParams createNodeParams=CreateNodeParams.create().name("my-node").parent(NodePath.ROOT).permissions(AccessControlList.create().add(AccessControlEntry.create().deny(Permission.READ).principal(PrincipalKey.ofAnonymous()).build()).add(AccessControlEntry.create().allow(Permission.READ).principal(PrincipalKey.from("user:system:rmy")).build()).build()).build();" is 373.,54
xp,com.enonic.wem.repo.internal.entity,GetNodeByIdCommandTest,get_by_id_no_access,Long Statement,The length of the statement "final Node fetchedNode=GetNodeByIdCommand.create().versionService(this.versionService).indexServiceInternal(this.indexServiceInternal).versionService(this.versionService).nodeDao(this.nodeDao).branchService(this.branchService).queryService(this.queryService).id(createdNode.id()).resolveHasChild(false).build().execute();" is 321.,54
xp,com.enonic.wem.repo.internal.entity,GetNodeByIdCommandTest,get_by_id_resolve_hasChild,Long Statement,The length of the statement "final Node fetchedNode=GetNodeByIdCommand.create().versionService(this.versionService).indexServiceInternal(this.indexServiceInternal).versionService(this.versionService).nodeDao(this.nodeDao).branchService(this.branchService).queryService(this.queryService).id(createdNode.id()).resolveHasChild(true).build().execute();" is 320.,90
xp,com.enonic.wem.repo.internal.entity,GetNodeByIdCommandTest,get_by_id_resolve_hasChild,Long Statement,The length of the statement "final Node fetchedNodeSkipResolve=GetNodeByIdCommand.create().versionService(this.versionService).indexServiceInternal(this.indexServiceInternal).versionService(this.versionService).nodeDao(this.nodeDao).branchService(this.branchService).queryService(this.queryService).id(createdNode.id()).resolveHasChild(false).build().execute();" is 332.,90
xp,com.enonic.wem.repo.internal.entity,FindNodesByQueryCommandTest,get_by_parent,Magic Number,The method contains a magic number: 2,43
xp,com.enonic.wem.repo.internal.entity,FindNodesByQueryCommandTest,compare_eq,Long Statement,The length of the statement "final NodeQuery query=NodeQuery.create().query(QueryExpr.from(CompareExpr.eq(FieldExpr.from(NodeIndexPath.NAME)`ValueExpr.string("my-node-1")))).build();" is 153.,78
xp,com.enonic.wem.repo.internal.entity,FindNodesByQueryCommandTest,compare_gt,Long Statement,The length of the statement "final NodeQuery query=NodeQuery.create().query(QueryExpr.from(CompareExpr.gt(FieldExpr.from(IndexPath.from("my-value"))`ValueExpr.number(7)))).build();" is 151.,107
xp,com.enonic.wem.repo.internal.entity,FindNodesByQueryCommandTest,compare_gt,Magic Number,The method contains a magic number: 5.5,107
xp,com.enonic.wem.repo.internal.entity,FindNodesByQueryCommandTest,compare_gt,Magic Number,The method contains a magic number: 10.0,107
xp,com.enonic.wem.repo.internal.entity,FindNodesByQueryCommandTest,compare_gt,Magic Number,The method contains a magic number: 7,107
xp,com.enonic.wem.repo.internal.entity,FindNodesByQueryCommandTest,fulltext,Long Statement,The length of the statement "final NodeQuery query=NodeQuery.create().query(QueryExpr.from(new DynamicConstraintExpr(FunctionExpr.from("fulltext"`ValueExpr.string(NodeIndexPath.NAME.getPath())`ValueExpr.string("My node name is my-node-1")`ValueExpr.string("OR"))))).build();" is 245.,139
xp,com.enonic.wem.repo.internal.entity,FindNodesByQueryCommandTest,norwegian_characters,Long Statement,The length of the statement "final Node node=createNode(CreateNodeParams.create().name("my-node-1").parent(NodePath.ROOT).data(data).indexConfigDocument(PatternIndexConfigDocument.create().analyzer("content_default").defaultConfig(IndexConfig.BY_TYPE).build()).build());" is 241.,163
xp,com.enonic.wem.repo.internal.entity,FindNodesByQueryCommandTest,norwegian_characters,Long Statement,The length of the statement "final NodeQuery query=NodeQuery.create().query(QueryExpr.from(new DynamicConstraintExpr(FunctionExpr.from("fulltext"`ValueExpr.string(NodeIndexPath.ALL_TEXT.getPath())`ValueExpr.string("æ")`ValueExpr.string("OR"))))).build();" is 225.,163
xp,com.enonic.wem.repo.internal.entity,FindNodesByQueryCommandTest,norwegian_characters,Long Statement,The length of the statement "final NodeQuery query2=NodeQuery.create().query(QueryExpr.from(new DynamicConstraintExpr(FunctionExpr.from("fulltext"`ValueExpr.string("data.displayName")`ValueExpr.string("ø å")`ValueExpr.string("OR"))))).build();" is 214.,163
xp,com.enonic.wem.repo.internal.entity,FindNodesByQueryCommandTest,norwegian_characters_check_asciifolding,Long Statement,The length of the statement "final Node node=createNode(CreateNodeParams.create().name("my-node-1").parent(NodePath.ROOT).data(data).indexConfigDocument(PatternIndexConfigDocument.create().analyzer("content_default").defaultConfig(IndexConfig.BY_TYPE).build()).build());" is 241.,209
xp,com.enonic.wem.repo.internal.entity,FindNodesByQueryCommandTest,norwegian_characters_check_asciifolding,Long Statement,The length of the statement "final NodeQuery query=NodeQuery.create().query(QueryExpr.from(new DynamicConstraintExpr(FunctionExpr.from("fulltext"`ValueExpr.string(NodeIndexPath.ALL_TEXT.getPath())`ValueExpr.string("ae")`ValueExpr.string("OR"))))).build();" is 226.,209
xp,com.enonic.wem.repo.internal.entity,FindNodesByQueryCommandTest,norwegian_characters_check_asciifolding,Long Statement,The length of the statement "final NodeQuery query2=NodeQuery.create().query(QueryExpr.from(new DynamicConstraintExpr(FunctionExpr.from("fulltext"`ValueExpr.string("data.displayName")`ValueExpr.string("o a")`ValueExpr.string("OR"))))).build();" is 214.,209
xp,com.enonic.wem.repo.internal.entity,FindNodesByQueryCommandTest,query_number_different_field_name_case,Long Statement,The length of the statement "final NodeQuery query=NodeQuery.create().query(QueryExpr.from(CompareExpr.eq(FieldExpr.from("MYProperty")`ValueExpr.number(10l)))).addPostFilter(RangeFilter.create().fieldName("MYProperty").from(Value.newLong(0l)).to(Value.newLong(15l)).build()).build();" is 254.,255
xp,com.enonic.wem.repo.internal.entity,FindNodesByQueryCommandTest,query_number_different_field_name_case,Magic Number,The method contains a magic number: 10l,255
xp,com.enonic.wem.repo.internal.entity,FindNodesByQueryCommandTest,query_number_different_field_name_case,Magic Number,The method contains a magic number: 20l,255
xp,com.enonic.wem.repo.internal.entity,FindNodesByQueryCommandTest,query_number_different_field_name_case,Magic Number,The method contains a magic number: 10l,255
xp,com.enonic.wem.repo.internal.entity,FindNodesByQueryCommandTest,query_number_different_field_name_case,Magic Number,The method contains a magic number: 15l,255
xp,com.enonic.wem.repo.internal.entity,FindNodesByQueryCommandTest,query_number_different_field_name_case,Magic Number,The method contains a magic number: 2,255
xp,com.enonic.wem.repo.internal.entity,FindNodesByQueryCommandTest,query_instant_different_field_name_case,Long Statement,The length of the statement "final QueryExpr queryExpr=QueryExpr.from(CompareExpr.eq(FieldExpr.from("MYProperty")`ValueExpr.instant(BASE_INSTANT.plus(10`ChronoUnit.DAYS).toString())));" is 155.,296
xp,com.enonic.wem.repo.internal.entity,FindNodesByQueryCommandTest,query_instant_different_field_name_case,Long Statement,The length of the statement "final NodeQuery query=NodeQuery.create().query(queryExpr).addPostFilter(RangeFilter.create().fieldName("MYProperty").from(from).to(to).build()).build();" is 152.,296
xp,com.enonic.wem.repo.internal.entity,FindNodesByQueryCommandTest,query_instant_different_field_name_case,Magic Number,The method contains a magic number: 10,296
xp,com.enonic.wem.repo.internal.entity,FindNodesByQueryCommandTest,query_instant_different_field_name_case,Magic Number,The method contains a magic number: 20,296
xp,com.enonic.wem.repo.internal.entity,FindNodesByQueryCommandTest,query_instant_different_field_name_case,Magic Number,The method contains a magic number: 15,296
xp,com.enonic.wem.repo.internal.entity,FindNodesByQueryCommandTest,query_instant_different_field_name_case,Magic Number,The method contains a magic number: 10,296
xp,com.enonic.wem.repo.internal.entity,FindNodesByQueryCommandTest,query_instant_different_field_name_case,Magic Number,The method contains a magic number: 2,296
xp,com.enonic.wem.repo.internal.entity,CompareNodeCommandTest,status_new,Long Statement,The length of the statement "final Node createdNode=draft.callWith(() -> createNode(CreateNodeParams.create().parent(NodePath.ROOT).name("my-node").build()));" is 129.,25
xp,com.enonic.wem.repo.internal.entity,CompareNodeCommandTest,status_new_target,Long Statement,The length of the statement "final Node createdNode=master.callWith(() -> createNode(CreateNodeParams.create().parent(NodePath.ROOT).name("my-node").build()));" is 130.,41
xp,com.enonic.wem.repo.internal.entity,CompareNodeCommandTest,status_deleted_stage_yields_new_in_target,Long Statement,The length of the statement "final Node createdNode=master.callWith(() -> createNode(CreateNodeParams.create().parent(NodePath.ROOT).name("my-node").build()));" is 130.,57
xp,com.enonic.wem.repo.internal.entity,CompareNodeCommandTest,status_deleted_stage_yields_new_in_target,Long Statement,The length of the statement "DeleteNodeByIdCommand.create().nodeId(createdNode.id()).branchService(this.branchService).queryService(this.queryService).versionService(this.versionService).nodeDao(this.nodeDao).indexServiceInternal(this.indexServiceInternal).build().execute();" is 246.,57
xp,com.enonic.wem.repo.internal.entity,CompareNodeCommandTest,status_equal,Long Statement,The length of the statement "final Node createdNode=draft.callWith(() -> createNode(CreateNodeParams.create().parent(NodePath.ROOT).name("my-node").build()));" is 129.,90
xp,com.enonic.wem.repo.internal.entity,CompareNodeCommandTest,status_newer,Long Statement,The length of the statement "final Node createdNode=draft.callWith(() -> createNode(CreateNodeParams.create().parent(NodePath.ROOT).name("my-node").build()));" is 129.,108
xp,com.enonic.wem.repo.internal.entity,CompareNodeCommandTest,status_older,Long Statement,The length of the statement "final Node createdNode=draft.callWith(() -> createNode(CreateNodeParams.create().parent(NodePath.ROOT).name("my-node").build()));" is 129.,130
xp,com.enonic.wem.repo.internal.entity,CompareNodeCommandTest,status_moved_source,Long Statement,The length of the statement "final Node createdNode=draft.callWith(() -> createNode(CreateNodeParams.create().parent(NodePath.ROOT).name("my-node").build()));" is 129.,153
xp,com.enonic.wem.repo.internal.entity,CompareNodeCommandTest,status_moved_source,Long Statement,The length of the statement "final Node mySecondNode=draft.callWith(() -> createNode(CreateNodeParams.create().parent(NodePath.ROOT).name("my-second-node").build()));" is 137.,153
xp,com.enonic.wem.repo.internal.entity,CompareNodeCommandTest,status_moved_source,Long Statement,The length of the statement "draft.runWith(() -> MoveNodeCommand.create().id(createdNode.id()).newParent(mySecondNode.path()).indexServiceInternal(this.indexServiceInternal).branchService(this.branchService).versionService(this.versionService).nodeDao(this.nodeDao).queryService(this.queryService).build().execute());" is 288.,153
xp,com.enonic.wem.repo.internal.entity,CompareNodeCommandTest,doCompare,Long Statement,The length of the statement "return CompareNodeCommand.create().versionService(this.versionService).branchService(this.branchService).nodeId(createdNode.id()).target(branch).build().execute();" is 163.,189
xp,com.enonic.wem.repo.internal.entity,CompareNodeCommandTest,doUpdateNode,Long Statement,The length of the statement "final UpdateNodeParams updateNodeParams=UpdateNodeParams.create().id(createdNode.id()).editor(editableNode -> editableNode.manualOrderValue=10l).build();" is 153.,200
xp,com.enonic.wem.repo.internal.entity,CompareNodeCommandTest,doUpdateNode,Long Statement,The length of the statement "return UpdateNodeCommand.create().params(updateNodeParams).queryService(this.queryService).indexServiceInternal(this.indexServiceInternal).branchService(this.branchService).versionService(this.versionService).nodeDao(this.nodeDao).binaryBlobStore(this.binaryBlobStore).build().execute();" is 287.,200
xp,com.enonic.wem.repo.internal.entity,CompareNodeCommandTest,doUpdateNode,Magic Number,The method contains a magic number: 10l,200
xp,com.enonic.wem.repo.internal.entity,CompareNodeCommandTest,doPushNode,Long Statement,The length of the statement "return PushNodesCommand.create().ids(NodeIds.from(createdNode.id())).target(branch).indexServiceInternal(this.indexServiceInternal).branchService(this.branchService).versionService(this.versionService).nodeDao(this.nodeDao).queryService(this.queryService).build().execute();" is 274.,219
xp,com.enonic.wem.repo.internal.entity,CreateRootNodeCommandTest,create,Long Statement,The length of the statement "final RootNode rootNode=CreateRootNodeCommand.create().params(CreateRootNodeParams.create().permissions(AccessControlList.create().add(AccessControlEntry.create().principal(RoleKeys.AUTHENTICATED).allowAll().build()).build()).childOrder(ChildOrder.defaultOrder()).build()).indexServiceInternal(this.indexServiceInternal).queryService(this.queryService).nodeDao(this.nodeDao).versionService(this.versionService).branchService(this.branchService).build().execute();" is 463.,18
xp,com.enonic.wem.repo.internal.entity,NodeOrderTest,geo_distance_sorting,Long Statement,The length of the statement "final NodeQuery distanceQuery=NodeQuery.create().query(QueryExpr.from(null`new DynamicOrderExpr(FunctionExpr.from("geoDistance"`ValueExpr.string("my-value")`ValueExpr.geoPoint("83`80"))`OrderExpr.Direction.ASC))).build();" is 221.,44
xp,com.enonic.wem.repo.internal.entity,NodeOrderTest,score_sorting,Long Statement,The length of the statement "final Node node4=createNode("node4"`Value.newString("denne vinner` siden den har alle sammen: fisk` ost` pølse og pai"));" is 121.,69
xp,com.enonic.wem.repo.internal.entity,NodeOrderTest,score_sorting,Long Statement,The length of the statement "final FunctionExpr fulltextExpression=FunctionExpr.from("fulltext"`ValueExpr.string("my-value")`ValueExpr.string("pai fisk pølse ost")`ValueExpr.string("OR"));" is 159.,69
xp,com.enonic.wem.repo.internal.entity,NodeOrderTest,score_sorting,Long Statement,The length of the statement "final NodeQuery fulltextQuery=NodeQuery.create().query(QueryExpr.from(new DynamicConstraintExpr(fulltextExpression)`FieldOrderExpr.create(IndexPath.from("_score")`OrderExpr.Direction.DESC))).build();" is 199.,69
xp,com.enonic.wem.repo.internal.entity,NodeOrderTest,score_sorting,Magic Number,The method contains a magic number: 4,69
xp,com.enonic.wem.repo.internal.entity,NodeOrderTest,createNode,Long Statement,The length of the statement "return createNode(CreateNodeParams.create().name(name).parent(NodePath.ROOT).data(data).setNodeId(NodeId.from(name)).indexConfigDocument(PatternIndexConfigDocument.create().analyzer(ContentConstants.CONTENT_DEFAULT_ANALYZER).build()).build());" is 243.,100
xp,com.enonic.wem.repo.internal.entity,CompareNodesCommandTest,compare_nodes,Long Statement,The length of the statement "final NodeComparisons result=CompareNodesCommand.create().nodeIds(NodeIds.from(node.id()`node2.id()`node3.id())).branchService(this.branchService).versionService(this.versionService).target(WS_OTHER).build().execute();" is 218.,26
xp,com.enonic.wem.repo.internal.entity,UpdateNodeCommandTest,add_new_binary,Long Statement,The length of the statement "final CreateNodeParams params=CreateNodeParams.create().parent(NodePath.ROOT).name("my-node").data(data).attachBinary(binaryRef`ByteSource.wrap("my-car-image-source".getBytes())).build();" is 187.,32
xp,com.enonic.wem.repo.internal.entity,UpdateNodeCommandTest,add_new_binary,Long Statement,The length of the statement ").attachBinary(BinaryReference.from("my-other-car.jpg")`ByteSource.wrap("my-new-binary".getBytes())).id(node.id()).build();" is 123.,32
xp,com.enonic.wem.repo.internal.entity,UpdateNodeCommandTest,add_new_binary,Magic Number,The method contains a magic number: 2,32
xp,com.enonic.wem.repo.internal.entity,UpdateNodeCommandTest,update_existing_binary,Long Statement,The length of the statement "final CreateNodeParams params=CreateNodeParams.create().parent(NodePath.ROOT).name("my-node").data(data).attachBinary(binaryRef`ByteSource.wrap("my-car-image-source".getBytes())).build();" is 187.,63
xp,com.enonic.wem.repo.internal.entity,UpdateNodeCommandTest,update_existing_binary,Long Statement,The length of the statement "final ByteSource binary=GetBinaryCommand.create().nodeId(updatedNode.id()).binaryReference(binaryRef).branchService(this.branchService).nodeDao(this.nodeDao).indexServiceInternal(this.indexServiceInternal).queryService(this.queryService).versionService(this.versionService).binaryBlobStore(this.binaryBlobStore).build().execute();" is 330.,63
xp,com.enonic.wem.repo.internal.entity,UpdateNodeCommandTest,keep_existing_binaries,Long Statement,The length of the statement "final CreateNodeParams params=CreateNodeParams.create().parent(NodePath.ROOT).name("my-node").data(data).attachBinary(binaryRef`ByteSource.wrap("my-car-image-source".getBytes())).build();" is 187.,110
xp,com.enonic.wem.repo.internal.entity,UpdateNodeCommandTest,keep_existing_binaries_also_when_new_Property_but_equal_BinaryReference,Long Statement,The length of the statement "final CreateNodeParams params=CreateNodeParams.create().parent(NodePath.ROOT).name("my-node").data(data).attachBinary(binaryRef`ByteSource.wrap("my-car-image-source".getBytes())).build();" is 187.,139
xp,com.enonic.wem.repo.internal.entity,UpdateNodeCommandTest,try_add_new_without_source,Long Statement,The length of the statement "final CreateNodeParams params=CreateNodeParams.create().parent(NodePath.ROOT).name("my-node").data(data).attachBinary(binaryRef`ByteSource.wrap("my-car-image-source".getBytes())).build();" is 187.,169
xp,com.enonic.wem.repo.internal.entity,UpdateNodeCommandTest,try_setting_new_binary_into_existing_property,Long Statement,The length of the statement "final CreateNodeParams params=CreateNodeParams.create().parent(NodePath.ROOT).name("my-node").data(data).attachBinary(binaryRef`ByteSource.wrap("my-car-image-source".getBytes())).build();" is 187.,197
xp,com.enonic.wem.repo.internal.entity,UpdateNodeCommandTest,unreferred_binary_attachment_ignored,Long Statement,The length of the statement "final CreateNodeParams params=CreateNodeParams.create().parent(NodePath.ROOT).name("my-node").data(data).attachBinary(binaryRef`ByteSource.wrap("my-car-image-source".getBytes())).build();" is 187.,225
xp,com.enonic.wem.repo.internal.entity,UpdateNodeCommandTest,unreferred_binary_attachment_ignored,Long Statement,The length of the statement ").attachBinary(BinaryReference.from("unreferred binary")`ByteSource.wrap("nothing to see here".getBytes())).id(node.id()).build();" is 130.,225
xp,com.enonic.wem.repo.internal.entity,UpdateNodeCommandTest,new_binary_ref_to_already_attached_binary,Long Statement,The length of the statement "final CreateNodeParams params=CreateNodeParams.create().parent(NodePath.ROOT).name("my-node").data(data).attachBinary(binaryRef`ByteSource.wrap("my-car-image-source".getBytes())).build();" is 187.,256
xp,com.enonic.wem.repo.internal.entity,CreateNodeCommandTest,populate_manual_order_value_and_insert_first,Long Statement,The length of the statement "final Node parentNode=createNode(CreateNodeParams.create().setNodeId(NodeId.from("my-node")).parent(NodePath.ROOT).name("my-node").childOrder(ChildOrder.manualOrder()).build());" is 177.,33
xp,com.enonic.wem.repo.internal.entity,CreateNodeCommandTest,populate_manual_order_value_and_insert_first,Long Statement,The length of the statement "final Node c1=createNode(CreateNodeParams.create().setNodeId(NodeId.from("child-node-1")).parent(parentNode.path()).name("child-node-1").build());" is 146.,33
xp,com.enonic.wem.repo.internal.entity,CreateNodeCommandTest,populate_manual_order_value_and_insert_first,Long Statement,The length of the statement "final Node c2=createNode(CreateNodeParams.create().setNodeId(NodeId.from("child-node-2")).parent(parentNode.path()).name("child-node-2").build());" is 146.,33
xp,com.enonic.wem.repo.internal.entity,CreateNodeCommandTest,populate_manual_order_value_and_insert_first,Long Statement,The length of the statement "final Node c3=createNode(CreateNodeParams.create().setNodeId(NodeId.from("child-node-3")).parent(parentNode.path()).name("child-node-3").build());" is 146.,33
xp,com.enonic.wem.repo.internal.entity,CreateNodeCommandTest,populate_manual_order_value_and_insert_last,Long Statement,The length of the statement "final Node parentNode=createNode(CreateNodeParams.create().setNodeId(NodeId.from("my-node")).parent(NodePath.ROOT).name("my-node").childOrder(ChildOrder.manualOrder()).build());" is 177.,69
xp,com.enonic.wem.repo.internal.entity,CreateNodeCommandTest,populate_manual_order_value_and_insert_last,Long Statement,The length of the statement "final Node c1=createNode(CreateNodeParams.create().setNodeId(NodeId.from("child-node-1")).parent(parentNode.path()).name("child-node-1").insertManualStrategy(InsertManualStrategy.LAST).build());" is 194.,69
xp,com.enonic.wem.repo.internal.entity,CreateNodeCommandTest,populate_manual_order_value_and_insert_last,Long Statement,The length of the statement "final Node c2=createNode(CreateNodeParams.create().setNodeId(NodeId.from("child-node-2")).parent(parentNode.path()).name("child-node-2").insertManualStrategy(InsertManualStrategy.LAST).build());" is 194.,69
xp,com.enonic.wem.repo.internal.entity,CreateNodeCommandTest,populate_manual_order_value_and_insert_last,Long Statement,The length of the statement "final Node c3=createNode(CreateNodeParams.create().setNodeId(NodeId.from("child-node-3")).parent(parentNode.path()).name("child-node-3").insertManualStrategy(InsertManualStrategy.LAST).build());" is 194.,69
xp,com.enonic.wem.repo.internal.entity,CreateNodeCommandTest,attach_binary,Long Statement,The length of the statement "final Node node=createNode(CreateNodeParams.create().name("test").parent(NodePath.ROOT).data(data).attachBinary(BinaryReference.from("myImage")`ByteSource.empty()).build());" is 173.,107
xp,com.enonic.wem.repo.internal.entity,CreateNodeCommandTest,attach_binaries,Long Statement,The length of the statement "final Node node=createNode(CreateNodeParams.create().name("test").parent(NodePath.ROOT).data(data).attachBinary(BinaryReference.from("myImage")`ByteSource.wrap("myImageBytes".getBytes())).attachBinary(BinaryReference.from("myOtherImage")`ByteSource.wrap("myOtherImageBytes".getBytes())).build());" is 296.,126
xp,com.enonic.wem.repo.internal.entity,CreateNodeCommandTest,attach_binaries,Magic Number,The method contains a magic number: 2,126
xp,com.enonic.wem.repo.internal.entity,DuplicateNodeCommandTest,duplicate_single,Long Statement,The length of the statement "final Node duplicatedNode=DuplicateNodeCommand.create().id(createdNode.id()).versionService(versionService).indexServiceInternal(indexServiceInternal).nodeDao(nodeDao).queryService(queryService).branchService(branchService).binaryBlobStore(binaryBlobStore).build().execute();" is 275.,29
xp,com.enonic.wem.repo.internal.entity,DuplicateNodeCommandTest,duplicate_with_children,Long Statement,The length of the statement "final Node duplicatedNode=DuplicateNodeCommand.create().id(createdNode.id()).versionService(versionService).indexServiceInternal(indexServiceInternal).nodeDao(nodeDao).queryService(queryService).branchService(branchService).binaryBlobStore(binaryBlobStore).build().execute();" is 275.,53
xp,com.enonic.wem.repo.internal.entity,DuplicateNodeCommandTest,duplicate_with_children,Long Statement,The length of the statement "final FindNodesByParentResult children=findByParent(FindNodesByParentParams.create().parentPath(duplicatedNode.path()).build());" is 128.,53
xp,com.enonic.wem.repo.internal.entity,DuplicateNodeCommandTest,child_reference_updated_same_level_untouched,Long Statement,The length of the statement "final Node node1=createNode(CreateNodeParams.create().parent(NodePath.ROOT).name("node1").data(createDataWithReferences(Reference.from("node1_1-id")`Reference.from("node2-id"))).build());" is 187.,92
xp,com.enonic.wem.repo.internal.entity,DuplicateNodeCommandTest,child_reference_updated_same_level_untouched,Long Statement,The length of the statement "final Node node2=createNode(CreateNodeParams.create().parent(NodePath.ROOT).setNodeId(NodeId.from("node2-id")).name("node2").build());" is 134.,92
xp,com.enonic.wem.repo.internal.entity,DuplicateNodeCommandTest,child_reference_updated_same_level_untouched,Long Statement,The length of the statement "final Node node1_1=createNode(CreateNodeParams.create().setNodeId(NodeId.from("node1_1-id")).parent(node1.path()).name("node1_1").build());" is 139.,92
xp,com.enonic.wem.repo.internal.entity,DuplicateNodeCommandTest,subchild_reference_updated,Long Statement,The length of the statement "final Node node1=createNode(CreateNodeParams.create().parent(NodePath.ROOT).name("node1").data(createDataWithReferences(Reference.from("node1_1-id")`Reference.from("node1_1_1-id"))).build());" is 191.,121
xp,com.enonic.wem.repo.internal.entity,DuplicateNodeCommandTest,subchild_reference_updated,Long Statement,The length of the statement "final Node node1_1=createNode(CreateNodeParams.create().setNodeId(NodeId.from("node1_1-id")).parent(node1.path()).name("node1_1").data(createDataWithReferences(Reference.from("node1_1_1-id"))).build());" is 202.,121
xp,com.enonic.wem.repo.internal.entity,DuplicateNodeCommandTest,subchild_reference_updated,Long Statement,The length of the statement "final Node node_1_1_1=createNode(CreateNodeParams.create().setNodeId(NodeId.from("node1_1_1-id")).parent(node1_1.path()).name("node1_1_1").build());" is 148.,121
xp,com.enonic.wem.repo.internal.entity,DuplicateNodeCommandTest,child_in_other_branch_updated_reference,Long Statement,The length of the statement "final Node node1_1=createNode(CreateNodeParams.create().setNodeId(NodeId.from("node1_1-id")).parent(node1.path()).name("node1_1").data(createDataWithReferences(Reference.from("node1_2_1-id"))).build());" is 202.,159
xp,com.enonic.wem.repo.internal.entity,DuplicateNodeCommandTest,child_in_other_branch_updated_reference,Long Statement,The length of the statement "final Node node1_2=createNode(CreateNodeParams.create().setNodeId(NodeId.from("node1_2-id")).parent(node1.path()).name("node1_2").data(createDataWithReferences(Reference.from("node1_1_1-id"))).build());" is 202.,159
xp,com.enonic.wem.repo.internal.entity,DuplicateNodeCommandTest,child_in_other_branch_updated_reference,Long Statement,The length of the statement "final Node node1_1_1=createNode(CreateNodeParams.create().setNodeId(NodeId.from("node1_1_1-id")).parent(node1_1.path()).name("node1_1_1").data(createDataWithReferences(Reference.from("node1_2-id"))).data(createDataWithReferences(Reference.from("node1_2_1-id"))).build());" is 271.,159
xp,com.enonic.wem.repo.internal.entity,DuplicateNodeCommandTest,child_in_other_branch_updated_reference,Long Statement,The length of the statement "final Node node1_2_1=createNode(CreateNodeParams.create().setNodeId(NodeId.from("node1_2_1-id")).parent(node1_2.path()).name("node1_2_1").data(createDataWithReferences(Reference.from("node1_1-id"))).data(createDataWithReferences(Reference.from("node1_1_1-id"))).build());" is 271.,159
xp,com.enonic.wem.repo.internal.entity,DuplicateNodeCommandTest,parent_relation_updated,Long Statement,The length of the statement "final Node node1=createNode(CreateNodeParams.create().setNodeId(NodeId.from("node1-id")).parent(NodePath.ROOT).name("node1").build());" is 134.,219
xp,com.enonic.wem.repo.internal.entity,DuplicateNodeCommandTest,parent_relation_updated,Long Statement,The length of the statement "final Node node1_1=createNode(CreateNodeParams.create().setNodeId(NodeId.from("node1_1-id")).parent(node1.path()).name("node1_1").data(createDataWithReferences(Reference.from("node1-id"))).build());" is 198.,219
xp,com.enonic.wem.repo.internal.entity,DuplicateNodeCommandTest,duplicateNode,Long Statement,The length of the statement "return DuplicateNodeCommand.create().id(node1.id()).versionService(versionService).indexServiceInternal(indexServiceInternal).nodeDao(nodeDao).queryService(queryService).branchService(branchService).binaryBlobStore(this.binaryBlobStore).build().execute();" is 255.,243
xp,com.enonic.wem.repo.internal.entity,DeleteNodeByPathCommandTest,delete_by_path,Long Statement,The length of the statement "DeleteNodeByPathCommand.create().nodePath(node.path()).versionService(this.versionService).indexServiceInternal(this.indexServiceInternal).queryService(this.queryService).nodeDao(this.nodeDao).branchService(this.branchService).build().execute();" is 245.,23
xp,com.enonic.wem.repo.internal.entity,ApplyNodePermissionsCommandTest,applyPermissionsWithOverwrite,Long Statement,The length of the statement "final AccessControlList permissions=AccessControlList.of(AccessControlEntry.create().principal(PrincipalKey.ofAnonymous()).allow(READ).build()`AccessControlEntry.create().principal(user1).allow(READ`MODIFY).build()`AccessControlEntry.create().principal(group1).allow(READ`CREATE`DELETE`MODIFY).build());" is 303.,50
xp,com.enonic.wem.repo.internal.entity,ApplyNodePermissionsCommandTest,applyPermissionsWithOverwrite,Long Statement,The length of the statement "CreateRootNodeCommand.create().params(CreateRootNodeParams.create().permissions(AccessControlList.create().add(AccessControlEntry.create().principal(TEST_DEFAULT_USER.getKey()).allowAll().build()).build()).build()).queryService(this.queryService).branchService(this.branchService).versionService(this.versionService).nodeDao(this.nodeDao).indexServiceInternal(this.indexServiceInternal).build().execute();" is 405.,50
xp,com.enonic.wem.repo.internal.entity,ApplyNodePermissionsCommandTest,applyPermissionsWithOverwrite,Long Statement,The length of the statement "final Node topNode=createNode(CreateNodeParams.create().name("my-node").parent(NodePath.ROOT).permissions(permissions).inheritPermissions(false).build());" is 154.,50
xp,com.enonic.wem.repo.internal.entity,ApplyNodePermissionsCommandTest,applyPermissionsWithOverwrite,Long Statement,The length of the statement "final AccessControlList child1_1_1Permissions=AccessControlList.of(AccessControlEntry.create().principal(PrincipalKey.ofAnonymous()).allow(READ`WRITE_PERMISSIONS).build()`AccessControlEntry.create().principal(user1).allow(READ`MODIFY).build()`AccessControlEntry.create().principal(user2).allow(READ`CREATE`DELETE`MODIFY`PUBLISH).build());" is 338.,50
xp,com.enonic.wem.repo.internal.entity,ApplyNodePermissionsCommandTest,applyPermissionsWithOverwrite,Long Statement,The length of the statement "final Node child1_1_1=createNode(CreateNodeParams.create().name("child1_1_1").parent(child1_1.path()).permissions(child1_1_1Permissions).inheritPermissions(false).build());" is 172.,50
xp,com.enonic.wem.repo.internal.entity,ApplyNodePermissionsCommandTest,applyPermissionsWithOverwrite,Long Statement,The length of the statement "final ApplyNodePermissionsParams params=ApplyNodePermissionsParams.create().nodeId(topNode.id()).modifier(user1).overwriteChildPermissions(true).build();" is 153.,50
xp,com.enonic.wem.repo.internal.entity,ApplyNodePermissionsCommandTest,applyPermissionsWithOverwrite,Long Statement,The length of the statement "final int appliedNodeCount=ApplyNodePermissionsCommand.create().params(params).nodeDao(this.nodeDao).versionService(this.versionService).branchService(this.branchService).queryService(this.queryService).indexServiceInternal(this.indexServiceInternal).build().execute();" is 269.,50
xp,com.enonic.wem.repo.internal.entity,ApplyNodePermissionsCommandTest,applyPermissionsWithOverwrite,Magic Number,The method contains a magic number: 5,50
xp,com.enonic.wem.repo.internal.entity,ApplyNodePermissionsCommandTest,applyPermissionsWithMerge,Long Statement,The length of the statement "final AccessControlList permissions=AccessControlList.of(AccessControlEntry.create().principal(PrincipalKey.ofAnonymous()).allow(READ`WRITE_PERMISSIONS).build()`AccessControlEntry.create().principal(user1).allow(READ`MODIFY).build()`AccessControlEntry.create().principal(group1).allow(READ`CREATE`DELETE`MODIFY).build());" is 321.,161
xp,com.enonic.wem.repo.internal.entity,ApplyNodePermissionsCommandTest,applyPermissionsWithMerge,Long Statement,The length of the statement "final AccessControlList initialChildPermissions=AccessControlList.of(AccessControlEntry.create().principal(PrincipalKey.ofAnonymous()).allow(READ).build());" is 156.,161
xp,com.enonic.wem.repo.internal.entity,ApplyNodePermissionsCommandTest,applyPermissionsWithMerge,Long Statement,The length of the statement "final Node topNode=createNode(CreateNodeParams.create().name("my-node").parent(NodePath.ROOT).permissions(permissions).inheritPermissions(false).build());" is 154.,161
xp,com.enonic.wem.repo.internal.entity,ApplyNodePermissionsCommandTest,applyPermissionsWithMerge,Long Statement,The length of the statement "final Node child1_1=createNode(CreateNodeParams.create().name("child1_1").parent(topNode.path()).permissions(initialChildPermissions).inheritPermissions(true).build());" is 168.,161
xp,com.enonic.wem.repo.internal.entity,ApplyNodePermissionsCommandTest,applyPermissionsWithMerge,Long Statement,The length of the statement "final Node child1_2=createNode(CreateNodeParams.create().name("child1_2").parent(topNode.path()).permissions(initialChildPermissions).inheritPermissions(true).build());" is 168.,161
xp,com.enonic.wem.repo.internal.entity,ApplyNodePermissionsCommandTest,applyPermissionsWithMerge,Long Statement,The length of the statement "final AccessControlList child1_1_1Permissions=AccessControlList.of(AccessControlEntry.create().principal(PrincipalKey.ofAnonymous()).allow(READ`WRITE_PERMISSIONS).build()`AccessControlEntry.create().principal(user1).allow(READ`MODIFY`DELETE).build()`AccessControlEntry.create().principal(user2).allow(READ`CREATE`DELETE`MODIFY`PUBLISH).build());" is 345.,161
xp,com.enonic.wem.repo.internal.entity,ApplyNodePermissionsCommandTest,applyPermissionsWithMerge,Long Statement,The length of the statement "final Node child1_1_1=createNode(CreateNodeParams.create().name("child1_1_1").parent(child1_1.path()).permissions(child1_1_1Permissions).inheritPermissions(false).build());" is 172.,161
xp,com.enonic.wem.repo.internal.entity,ApplyNodePermissionsCommandTest,applyPermissionsWithMerge,Long Statement,The length of the statement "final Node child1_2_1=createNode(CreateNodeParams.create().name("child1_2_1").parent(child1_2.path()).permissions(initialChildPermissions).inheritPermissions(true).build());" is 173.,161
xp,com.enonic.wem.repo.internal.entity,ApplyNodePermissionsCommandTest,applyPermissionsWithMerge,Long Statement,The length of the statement "final Node child1_2_2=createNode(CreateNodeParams.create().name("child1_2_2").parent(child1_2.path()).permissions(initialChildPermissions).inheritPermissions(true).build());" is 173.,161
xp,com.enonic.wem.repo.internal.entity,ApplyNodePermissionsCommandTest,applyPermissionsWithMerge,Long Statement,The length of the statement "final ApplyNodePermissionsParams params=ApplyNodePermissionsParams.create().nodeId(topNode.id()).modifier(user1).overwriteChildPermissions(false).build();" is 154.,161
xp,com.enonic.wem.repo.internal.entity,ApplyNodePermissionsCommandTest,applyPermissionsWithMerge,Long Statement,The length of the statement "final int appliedNodeCount=ApplyNodePermissionsCommand.create().params(params).nodeDao(this.nodeDao).versionService(this.versionService).branchService(this.branchService).queryService(this.queryService).indexServiceInternal(this.indexServiceInternal).build().execute();" is 269.,161
xp,com.enonic.wem.repo.internal.entity,ApplyNodePermissionsCommandTest,applyPermissionsWithMerge,Long Statement,The length of the statement "assertEquals("[user:system:anonymous[+read` +write_permissions]` " + "group:system:group1[+read` +create` +modify` +delete]` " + "user:system:user1[+read` +modify` +delete]` "+ "user:system:user2[+read` +create` +modify` +delete` +publish]]"`child1_1_1Updated.getPermissions().toString());" is 289.,161
xp,com.enonic.wem.repo.internal.entity,ApplyNodePermissionsCommandTest,applyPermissionsWithMerge,Magic Number,The method contains a magic number: 5,161
xp,com.enonic.wem.repo.internal.entity,ApplyNodePermissionsCommandTest,runAs,Long Statement,The length of the statement "ContextBuilder.from(context).authInfo(AuthenticationInfo.copyOf(authInfo).principals(principal`PrincipalKey.ofGroup(USK`"group1")).build()).build().runWith(runnable);" is 166.,263
xp,com.enonic.wem.repo.internal.entity,GetNodesByIdsCommandTest,get_by_ids,Long Statement,The length of the statement "final Nodes result=GetNodesByIdsCommand.create().ids(NodeIds.from(createdNode1.id()`createdNode2.id())).resolveHasChild(true).branchService(this.branchService).queryService(this.queryService).versionService(this.versionService).indexServiceInternal(this.indexServiceInternal).nodeDao(this.nodeDao).build().execute();" is 316.,26
xp,com.enonic.wem.repo.internal.entity,GetNodesByIdsCommandTest,get_by_ids,Magic Number,The method contains a magic number: 2,26
xp,com.enonic.wem.repo.internal.entity,GetNodesByIdsCommandTest,get_by_ids_resolve_hasChild,Long Statement,The length of the statement "final Nodes result=GetNodesByIdsCommand.create().ids(NodeIds.from(createdNode1.id()`createdNode2.id())).resolveHasChild(true).branchService(this.branchService).queryService(this.queryService).versionService(this.versionService).indexServiceInternal(this.indexServiceInternal).nodeDao(this.nodeDao).build().execute();" is 316.,58
xp,com.enonic.wem.repo.internal.entity,GetNodesByIdsCommandTest,get_by_ids_resolve_hasChild,Magic Number,The method contains a magic number: 2,58
xp,com.enonic.wem.repo.internal.entity,NodeManualOrderValueResolverTest,resolve,Long Statement,The length of the statement "final LinkedHashSet<NodeManualOrderValueResolver.NodeIdOrderValue> resolvedOrder=NodeManualOrderValueResolver.resolve(nodeIds);" is 127.,16
xp,com.enonic.wem.repo.internal.entity,NodeManualOrderValueResolverTest,resolve,Magic Number,The method contains a magic number: 10,16
xp,com.enonic.wem.repo.internal.entity,NodeChildOrderResolverTest,given_child_order_as_param,Long Statement,The length of the statement "final ChildOrder resolvedOrder=NodeChildOrderResolver.create().nodeDao(this.nodeDao).queryService(this.queryService).nodePath(NodePath.newPath("myPath").build()).childOrder(childOrder).build().resolve();" is 203.,25
xp,com.enonic.wem.repo.internal.entity,NodeChildOrderResolverTest,user_parent_child_order_when_root,Long Statement,The length of the statement "CreateRootNodeCommand.create().params(CreateRootNodeParams.create().childOrder(childOrder).build()).queryService(this.queryService).branchService(this.branchService).versionService(this.versionService).nodeDao(this.nodeDao).indexServiceInternal(this.indexServiceInternal).build().execute();" is 290.,42
xp,com.enonic.wem.repo.internal.entity,NodeChildOrderResolverTest,user_parent_child_order_when_root,Long Statement,The length of the statement "final ChildOrder resolvedOrder=NodeChildOrderResolver.create().nodePath(NodePath.ROOT).queryService(this.queryService).branchService(this.branchService).versionService(this.versionService).nodeDao(this.nodeDao).indexServiceInternal(this.indexServiceInternal).build().resolve();" is 277.,42
xp,com.enonic.wem.repo.internal.entity,NodeChildOrderResolverTest,user_parent_child_order,Long Statement,The length of the statement "final Node parent=createNode(CreateNodeParams.create().parent(NodePath.ROOT).name("parent").childOrder(childOrder).build());" is 124.,73
xp,com.enonic.wem.repo.internal.entity,NodeChildOrderResolverTest,user_parent_child_order,Long Statement,The length of the statement "final ChildOrder resolvedOrder=NodeChildOrderResolver.create().nodePath(parent.path()).queryService(this.queryService).branchService(this.branchService).versionService(this.versionService).nodeDao(this.nodeDao).indexServiceInternal(this.indexServiceInternal).build().resolve();" is 277.,73
xp,com.enonic.wem.repo.internal.entity,ResolveSyncWorkCommandTest,diff_all_new,Long Statement,The length of the statement "final Node node1=createNode(CreateNodeParams.create().setNodeId(NodeId.from("node1")).parent(NodePath.ROOT).name("node1").build());" is 131.,36
xp,com.enonic.wem.repo.internal.entity,ResolveSyncWorkCommandTest,diff_all_new,Long Statement,The length of the statement "final Node node1_1=createNode(CreateNodeParams.create().setNodeId(NodeId.from("node1_1")).parent(node1.path()).name("node1_1").build());" is 136.,36
xp,com.enonic.wem.repo.internal.entity,ResolveSyncWorkCommandTest,diff_all_new,Long Statement,The length of the statement "final Node node2=createNode(CreateNodeParams.create().setNodeId(NodeId.from("node2")).parent(NodePath.ROOT).name("node2").build());" is 131.,36
xp,com.enonic.wem.repo.internal.entity,ResolveSyncWorkCommandTest,diff_all_new,Long Statement,The length of the statement "final Node node2_1=createNode(CreateNodeParams.create().setNodeId(NodeId.from("node2_1")).parent(node2.path()).name("node2_1").build());" is 136.,36
xp,com.enonic.wem.repo.internal.entity,ResolveSyncWorkCommandTest,diff_all_new,Long Statement,The length of the statement "final Node node3=createNode(CreateNodeParams.create().setNodeId(NodeId.from("node3")).parent(NodePath.ROOT).name("node3").build());" is 131.,36
xp,com.enonic.wem.repo.internal.entity,ResolveSyncWorkCommandTest,diff_all_new,Long Statement,The length of the statement "final ResolveSyncWorkResult result=ResolveSyncWorkCommand.create().includeChildren(true).nodeId(null).target(WS_OTHER).branchService(this.branchService).nodeDao(this.nodeDao).versionService(this.versionService).queryService(this.queryService).indexServiceInternal(this.indexServiceInternal).build().execute();" is 309.,36
xp,com.enonic.wem.repo.internal.entity,ResolveSyncWorkCommandTest,diff_all_new,Magic Number,The method contains a magic number: 6,36
xp,com.enonic.wem.repo.internal.entity,ResolveSyncWorkCommandTest,diff_detect_deleted,Long Statement,The length of the statement "final Node node1=createNode(CreateNodeParams.create().setNodeId(NodeId.from("node1")).parent(NodePath.ROOT).name("node1").build());" is 131.,93
xp,com.enonic.wem.repo.internal.entity,ResolveSyncWorkCommandTest,diff_detect_deleted,Long Statement,The length of the statement "final Node node1_1=createNode(CreateNodeParams.create().setNodeId(NodeId.from("node1_1")).parent(node1.path()).name("node1_1").build());" is 136.,93
xp,com.enonic.wem.repo.internal.entity,ResolveSyncWorkCommandTest,diff_detect_deleted,Long Statement,The length of the statement "final Node node2=createNode(CreateNodeParams.create().setNodeId(NodeId.from("node2")).parent(NodePath.ROOT).name("node2").build());" is 131.,93
xp,com.enonic.wem.repo.internal.entity,ResolveSyncWorkCommandTest,diff_detect_deleted,Long Statement,The length of the statement "final Node node2_1=createNode(CreateNodeParams.create().setNodeId(NodeId.from("node2_1")).parent(node2.path()).name("node2_1").build());" is 136.,93
xp,com.enonic.wem.repo.internal.entity,ResolveSyncWorkCommandTest,diff_detect_deleted,Long Statement,The length of the statement "final Node node3=createNode(CreateNodeParams.create().setNodeId(NodeId.from("node3")).parent(NodePath.ROOT).name("node3").build());" is 131.,93
xp,com.enonic.wem.repo.internal.entity,ResolveSyncWorkCommandTest,diff_detect_deleted,Long Statement,The length of the statement "final ResolveSyncWorkResult result=ResolveSyncWorkCommand.create().includeChildren(true).target(WS_OTHER).branchService(this.branchService).nodeDao(this.nodeDao).versionService(this.versionService).queryService(this.queryService).indexServiceInternal(this.indexServiceInternal).build().execute();" is 296.,93
xp,com.enonic.wem.repo.internal.entity,ResolveSyncWorkCommandTest,diff_detect_deleted,Magic Number,The method contains a magic number: 2,93
xp,com.enonic.wem.repo.internal.entity,ResolveSyncWorkCommandTest,markAsDelete,Long Statement,The length of the statement "SetNodeStateCommand.create().nodeId(id).nodeState(NodeState.PENDING_DELETE).indexServiceInternal(this.indexServiceInternal).queryService(this.queryService).branchService(this.branchService).nodeDao(this.nodeDao).versionService(this.versionService).build().execute();" is 266.,153
xp,com.enonic.wem.repo.internal.entity,ResolveSyncWorkCommandTest,deleted_not_in_target,Long Statement,The length of the statement "final Node node1=createNode(CreateNodeParams.create().setNodeId(NodeId.from("node1")).parent(NodePath.ROOT).name("node1").build());" is 131.,167
xp,com.enonic.wem.repo.internal.entity,ResolveSyncWorkCommandTest,deleted_not_in_target,Long Statement,The length of the statement "final Node node1_1=createNode(CreateNodeParams.create().setNodeId(NodeId.from("node1_1")).parent(node1.path()).name("node1_1").build());" is 136.,167
xp,com.enonic.wem.repo.internal.entity,ResolveSyncWorkCommandTest,deleted_not_in_target,Long Statement,The length of the statement "final Node node2=createNode(CreateNodeParams.create().setNodeId(NodeId.from("node2")).parent(NodePath.ROOT).name("node2").build());" is 131.,167
xp,com.enonic.wem.repo.internal.entity,ResolveSyncWorkCommandTest,deleted_not_in_target,Long Statement,The length of the statement "final Node node2_1=createNode(CreateNodeParams.create().setNodeId(NodeId.from("node2_1")).parent(node2.path()).name("node2_1").build());" is 136.,167
xp,com.enonic.wem.repo.internal.entity,ResolveSyncWorkCommandTest,deleted_not_in_target,Long Statement,The length of the statement "final Node node3=createNode(CreateNodeParams.create().setNodeId(NodeId.from("node3")).parent(NodePath.ROOT).name("node3").build());" is 131.,167
xp,com.enonic.wem.repo.internal.entity,ResolveSyncWorkCommandTest,deleted_not_in_target,Long Statement,The length of the statement "final ResolveSyncWorkResult result=ResolveSyncWorkCommand.create().includeChildren(true).target(WS_OTHER).branchService(this.branchService).nodeDao(this.nodeDao).versionService(this.versionService).queryService(this.queryService).indexServiceInternal(this.indexServiceInternal).build().execute();" is 296.,167
xp,com.enonic.wem.repo.internal.entity,ResolveSyncWorkCommandTest,deleted_not_in_target,Magic Number,The method contains a magic number: 3,167
xp,com.enonic.wem.repo.internal.entity,ResolveSyncWorkCommandTest,ignore_nodes_without_diff,Long Statement,The length of the statement "final Node node1=createNode(CreateNodeParams.create().setNodeId(NodeId.from("node1")).parent(NodePath.ROOT).name("node1").build());" is 131.,224
xp,com.enonic.wem.repo.internal.entity,ResolveSyncWorkCommandTest,ignore_nodes_without_diff,Long Statement,The length of the statement "final Node node1_1=createNode(CreateNodeParams.create().setNodeId(NodeId.from("node1_1")).parent(node1.path()).name("node1_1").build());" is 136.,224
xp,com.enonic.wem.repo.internal.entity,ResolveSyncWorkCommandTest,ignore_nodes_without_diff,Long Statement,The length of the statement "final Node node2=createNode(CreateNodeParams.create().setNodeId(NodeId.from("node2")).parent(NodePath.ROOT).name("node2").build());" is 131.,224
xp,com.enonic.wem.repo.internal.entity,ResolveSyncWorkCommandTest,ignore_nodes_without_diff,Long Statement,The length of the statement "final Node node2_1=createNode(CreateNodeParams.create().setNodeId(NodeId.from("node2_1")).parent(node2.path()).name("node2_1").build());" is 136.,224
xp,com.enonic.wem.repo.internal.entity,ResolveSyncWorkCommandTest,ignore_nodes_without_diff,Long Statement,The length of the statement "final Node node3=createNode(CreateNodeParams.create().setNodeId(NodeId.from("node3")).parent(NodePath.ROOT).name("node3").build());" is 131.,224
xp,com.enonic.wem.repo.internal.entity,ResolveSyncWorkCommandTest,ignore_nodes_without_diff,Long Statement,The length of the statement "final ResolveSyncWorkResult result=ResolveSyncWorkCommand.create().includeChildren(true).nodeId(null).target(WS_OTHER).branchService(this.branchService).nodeDao(this.nodeDao).versionService(this.versionService).queryService(this.queryService).indexServiceInternal(this.indexServiceInternal).build().execute();" is 309.,224
xp,com.enonic.wem.repo.internal.entity,ResolveSyncWorkCommandTest,ignore_nodes_without_diff,Magic Number,The method contains a magic number: 3,224
xp,com.enonic.wem.repo.internal.entity,ResolveSyncWorkCommandTest,include_referred_nodes,Long Statement,The length of the statement "final Node node1=createNode(CreateNodeParams.create().setNodeId(NodeId.from("node1")).parent(NodePath.ROOT).name("node1").build());" is 131.,279
xp,com.enonic.wem.repo.internal.entity,ResolveSyncWorkCommandTest,include_referred_nodes,Long Statement,The length of the statement "final Node node1_1=createNode(CreateNodeParams.create().setNodeId(NodeId.from("node1_1")).parent(node1.path()).name("node1_1").data(node1_1_data).build());" is 155.,279
xp,com.enonic.wem.repo.internal.entity,ResolveSyncWorkCommandTest,include_referred_nodes,Long Statement,The length of the statement "final Node node2=createNode(CreateNodeParams.create().setNodeId(NodeId.from("node2")).parent(NodePath.ROOT).name("node2").build());" is 131.,279
xp,com.enonic.wem.repo.internal.entity,ResolveSyncWorkCommandTest,include_referred_nodes,Magic Number,The method contains a magic number: 3,279
xp,com.enonic.wem.repo.internal.entity,ResolveSyncWorkCommandTest,make_sure_referred_nodes_includes_parents_if_missing,Long Statement,The length of the statement "final Node node1=createNode(CreateNodeParams.create().setNodeId(NodeId.from("node1")).parent(NodePath.ROOT).name("node1").build());" is 131.,323
xp,com.enonic.wem.repo.internal.entity,ResolveSyncWorkCommandTest,make_sure_referred_nodes_includes_parents_if_missing,Long Statement,The length of the statement "final Node node1_1=createNode(CreateNodeParams.create().setNodeId(NodeId.from("node1_1")).parent(node1.path()).name("node1_1").data(node1_1_data).build());" is 155.,323
xp,com.enonic.wem.repo.internal.entity,ResolveSyncWorkCommandTest,make_sure_referred_nodes_includes_parents_if_missing,Long Statement,The length of the statement "final Node node2=createNode(CreateNodeParams.create().setNodeId(NodeId.from("node2")).parent(NodePath.ROOT).name("node2").build());" is 131.,323
xp,com.enonic.wem.repo.internal.entity,ResolveSyncWorkCommandTest,make_sure_referred_nodes_includes_parents_if_missing,Long Statement,The length of the statement "final Node node2_1=createNode(CreateNodeParams.create().setNodeId(NodeId.from("node2_1")).parent(node2.path()).name("node2_1").build());" is 136.,323
xp,com.enonic.wem.repo.internal.entity,ResolveSyncWorkCommandTest,make_sure_referred_nodes_includes_parents_if_missing,Long Statement,The length of the statement "final Node node2_1_1=createNode(CreateNodeParams.create().setNodeId(NodeId.from("node2_1_1")).parent(node2_1.path()).name("node2_1_1").build());" is 144.,323
xp,com.enonic.wem.repo.internal.entity,ResolveSyncWorkCommandTest,make_sure_referred_nodes_includes_parents_if_missing,Long Statement,The length of the statement "final ResolveSyncWorkResult result=ResolveSyncWorkCommand.create().includeChildren(true).nodeId(node1.id()).target(WS_OTHER).branchService(this.branchService).nodeDao(this.nodeDao).versionService(this.versionService).queryService(this.queryService).indexServiceInternal(this.indexServiceInternal).build().execute();" is 315.,323
xp,com.enonic.wem.repo.internal.entity,ResolveSyncWorkCommandTest,make_sure_referred_nodes_includes_parents_if_missing,Magic Number,The method contains a magic number: 5,323
xp,com.enonic.wem.repo.internal.entity,ResolveSyncWorkCommandTest,reference_to_another_branch_with_back_reference,Long Statement,The length of the statement "final Node node1=createNode(CreateNodeParams.create().setNodeId(NodeId.from("node1")).parent(NodePath.ROOT).name("node1").build());" is 131.,389
xp,com.enonic.wem.repo.internal.entity,ResolveSyncWorkCommandTest,reference_to_another_branch_with_back_reference,Long Statement,The length of the statement "final Node node1_1=createNode(CreateNodeParams.create().setNodeId(NodeId.from("node1_1")).parent(node1.path()).name("node1_1").data(node1_1_data).build());" is 155.,389
xp,com.enonic.wem.repo.internal.entity,ResolveSyncWorkCommandTest,reference_to_another_branch_with_back_reference,Long Statement,The length of the statement "final Node node2=createNode(CreateNodeParams.create().setNodeId(NodeId.from("node2")).parent(NodePath.ROOT).name("node2").data(node2_data).build());" is 148.,389
xp,com.enonic.wem.repo.internal.entity,ResolveSyncWorkCommandTest,reference_to_another_branch_with_back_reference,Long Statement,The length of the statement "final Node node2_1=createNode(CreateNodeParams.create().setNodeId(NodeId.from("node2_1")).parent(node2.path()).name("node2_1").build());" is 136.,389
xp,com.enonic.wem.repo.internal.entity,ResolveSyncWorkCommandTest,reference_to_another_branch_with_back_reference,Long Statement,The length of the statement "final Node node2_1_1=createNode(CreateNodeParams.create().setNodeId(NodeId.from("node2_1_1")).parent(node2_1.path()).name("node2_1_1").build());" is 144.,389
xp,com.enonic.wem.repo.internal.entity,ResolveSyncWorkCommandTest,reference_to_another_branch_with_back_reference,Long Statement,The length of the statement "final ResolveSyncWorkResult result=ResolveSyncWorkCommand.create().includeChildren(true).nodeId(node1.id()).target(WS_OTHER).branchService(this.branchService).nodeDao(this.nodeDao).versionService(this.versionService).queryService(this.queryService).indexServiceInternal(this.indexServiceInternal).build().execute();" is 315.,389
xp,com.enonic.wem.repo.internal.entity,ResolveSyncWorkCommandTest,reference_to_another_branch_with_back_reference,Magic Number,The method contains a magic number: 5,389
xp,com.enonic.wem.repo.internal.entity,ResolveSyncWorkCommandTest,reference_to_another_branch_with_another_branch_reference,Long Statement,The length of the statement "final Node node1=createNode(CreateNodeParams.create().setNodeId(NodeId.from("node1")).parent(NodePath.ROOT).name("node1").build());" is 131.,459
xp,com.enonic.wem.repo.internal.entity,ResolveSyncWorkCommandTest,reference_to_another_branch_with_another_branch_reference,Long Statement,The length of the statement "final Node node1_1=createNode(CreateNodeParams.create().setNodeId(NodeId.from("node1_1")).parent(node1.path()).name("node1_1").data(node1_1_data).build());" is 155.,459
xp,com.enonic.wem.repo.internal.entity,ResolveSyncWorkCommandTest,reference_to_another_branch_with_another_branch_reference,Long Statement,The length of the statement "final Node node2=createNode(CreateNodeParams.create().setNodeId(NodeId.from("node2")).parent(NodePath.ROOT).name("node2").data(node2_data).build());" is 148.,459
xp,com.enonic.wem.repo.internal.entity,ResolveSyncWorkCommandTest,reference_to_another_branch_with_another_branch_reference,Long Statement,The length of the statement "final Node node2_1=createNode(CreateNodeParams.create().setNodeId(NodeId.from("node2_1")).parent(node2.path()).name("node2_1").build());" is 136.,459
xp,com.enonic.wem.repo.internal.entity,ResolveSyncWorkCommandTest,reference_to_another_branch_with_another_branch_reference,Long Statement,The length of the statement "final Node node2_1_1=createNode(CreateNodeParams.create().setNodeId(NodeId.from("node2_1_1")).parent(node2_1.path()).name("node2_1_1").build());" is 144.,459
xp,com.enonic.wem.repo.internal.entity,ResolveSyncWorkCommandTest,reference_to_another_branch_with_another_branch_reference,Long Statement,The length of the statement "final Node node3=createNode(CreateNodeParams.create().setNodeId(NodeId.from("node3")).parent(NodePath.ROOT).name("node3").data(node3_data).build());" is 148.,459
xp,com.enonic.wem.repo.internal.entity,ResolveSyncWorkCommandTest,reference_to_another_branch_with_another_branch_reference,Long Statement,The length of the statement "final ResolveSyncWorkResult result=ResolveSyncWorkCommand.create().includeChildren(true).nodeId(node1.id()).target(WS_OTHER).branchService(this.branchService).nodeDao(this.nodeDao).versionService(this.versionService).queryService(this.queryService).indexServiceInternal(this.indexServiceInternal).build().execute();" is 315.,459
xp,com.enonic.wem.repo.internal.entity,ResolveSyncWorkCommandTest,reference_to_another_branch_with_another_branch_reference,Magic Number,The method contains a magic number: 6,459
xp,com.enonic.wem.repo.internal.entity,ResolveSyncWorkCommandTest,duplicate_node_with_reference_then_resolve,Long Statement,The length of the statement "final Node node1=createNode(CreateNodeParams.create().parent(NodePath.ROOT).name("node1").data(createDataWithReferences(Reference.from("node1_1-id")`Reference.from("node1_1_1-id"))).build());" is 191.,535
xp,com.enonic.wem.repo.internal.entity,ResolveSyncWorkCommandTest,duplicate_node_with_reference_then_resolve,Long Statement,The length of the statement "final Node node1_1=createNode(CreateNodeParams.create().setNodeId(NodeId.from("node1_1-id")).parent(node1.path()).name("node1_1").data(createDataWithReferences(Reference.from("node1_1_1-id"))).build());" is 202.,535
xp,com.enonic.wem.repo.internal.entity,ResolveSyncWorkCommandTest,duplicate_node_with_reference_then_resolve,Long Statement,The length of the statement "final Node node_1_1_1=createNode(CreateNodeParams.create().setNodeId(NodeId.from("node1_1_1-id")).parent(node1_1.path()).name("node1_1_1").build());" is 148.,535
xp,com.enonic.wem.repo.internal.entity,ResolveSyncWorkCommandTest,duplicate_node_with_reference_then_resolve,Long Statement,The length of the statement "final ResolveSyncWorkResult result=ResolveSyncWorkCommand.create().includeChildren(true).nodeId(node1Duplicate.id()).target(WS_OTHER).branchService(this.branchService).nodeDao(this.nodeDao).versionService(this.versionService).queryService(this.queryService).indexServiceInternal(this.indexServiceInternal).build().execute();" is 324.,535
xp,com.enonic.wem.repo.internal.entity,ResolveSyncWorkCommandTest,duplicate_node_with_reference_then_resolve,Magic Number,The method contains a magic number: 3,535
xp,com.enonic.wem.repo.internal.entity,ResolveSyncWorkCommandTest,include_renamed_parents,Long Statement,The length of the statement "final Node node1=createNode(CreateNodeParams.create().setNodeId(NodeId.from("node1")).parent(NodePath.ROOT).name("node1").build());" is 131.,577
xp,com.enonic.wem.repo.internal.entity,ResolveSyncWorkCommandTest,include_renamed_parents,Long Statement,The length of the statement "final Node node1_1=createNode(CreateNodeParams.create().setNodeId(NodeId.from("node1_1")).parent(node1.path()).name("node1_1").data(node1_1_data).build());" is 155.,577
xp,com.enonic.wem.repo.internal.entity,ResolveSyncWorkCommandTest,include_renamed_parents,Long Statement,The length of the statement "final Node node2=createNode(CreateNodeParams.create().setNodeId(NodeId.from("node2")).parent(NodePath.ROOT).name("node2").build());" is 131.,577
xp,com.enonic.wem.repo.internal.entity,ResolveSyncWorkCommandTest,include_renamed_parents,Long Statement,The length of the statement "final Node node2_1=createNode(CreateNodeParams.create().setNodeId(NodeId.from("node2_1")).parent(node2.path()).name("node2_1").build());" is 136.,577
xp,com.enonic.wem.repo.internal.entity,ResolveSyncWorkCommandTest,include_renamed_parents,Long Statement,The length of the statement "final Node node2_2=createNode(CreateNodeParams.create().setNodeId(NodeId.from("node2_2")).parent(node2.path()).name("node2_2").build());" is 136.,577
xp,com.enonic.wem.repo.internal.entity,ResolveSyncWorkCommandTest,include_renamed_parents,Magic Number,The method contains a magic number: 4,577
xp,com.enonic.wem.repo.internal.entity,ResolveSyncWorkCommandTest,getResolveSyncWorkResult,Long Statement,The length of the statement "return ResolveSyncWorkCommand.create().nodeId(nodeId).target(WS_OTHER).branchService(this.branchService).nodeDao(this.nodeDao).versionService(this.versionService).queryService(this.queryService).indexServiceInternal(this.indexServiceInternal).build().execute();" is 261.,627
xp,com.enonic.wem.repo.internal.entity,ResolveSyncWorkCommandTest,reference_is_updated,Magic Number,The method contains a magic number: 2,688
xp,com.enonic.wem.repo.internal.entity,ResolveSyncWorkCommandTest,reference_target_moved,Magic Number,The method contains a magic number: 2,748
xp,com.enonic.wem.repo.internal.entity,ResolveSyncWorkCommandTest,do_not_publish_other_children_of_dependent_parent,Magic Number,The method contains a magic number: 6,782
xp,com.enonic.wem.repo.internal.entity,ResolveSyncWorkCommandTest,createS1S2Tree,Long Statement,The length of the statement "final Node s1=createNode(CreateNodeParams.create().setNodeId(NodeId.from("s1")).parent(NodePath.ROOT).name("s1").build());" is 122.,802
xp,com.enonic.wem.repo.internal.entity,ResolveSyncWorkCommandTest,createS1S2Tree,Long Statement,The length of the statement "final Node a2_1=createNode(CreateNodeParams.create().setNodeId(NodeId.from("a2_1")).parent(a2.path()).data(createDataWithReferences(Reference.from("b2_1"))).name("a2_1").build());" is 179.,802
xp,com.enonic.wem.repo.internal.entity,ResolveSyncWorkCommandTest,createS1S2Tree,Long Statement,The length of the statement "final Node s2=createNode(CreateNodeParams.create().setNodeId(NodeId.from("s2")).parent(NodePath.ROOT).name("s2").build());" is 122.,802
xp,com.enonic.wem.repo.internal.entity,ResolveSyncWorkCommandTest,createS1S2Tree,Long Statement,The length of the statement "final Node b2_1=createNode(CreateNodeParams.create().setNodeId(NodeId.from("b2_1")).parent(b2.path()).name("b2_1").build());" is 124.,802
xp,com.enonic.wem.repo.internal.entity,ResolveSyncWorkCommandTest,moveNode,Long Statement,The length of the statement "MoveNodeCommand.create().queryService(this.queryService).indexServiceInternal(this.indexServiceInternal).branchService(this.branchService).nodeDao(this.nodeDao).versionService(this.versionService).id(NodeId.from(nodeId)).newNodeName(NodeName.from(newName)).newParent(newParent).build().execute();" is 296.,873
xp,com.enonic.wem.repo.internal.entity,ResolveSyncWorkCommandTest,renameNode,Long Statement,The length of the statement "MoveNodeCommand.create().id(node.id()).newNodeName(NodeName.from(node.id().toString() + "edited")).indexServiceInternal(this.indexServiceInternal).versionService(this.versionService).queryService(this.queryService).branchService(this.branchService).nodeDao(this.nodeDao).build().execute();" is 289.,888
xp,com.enonic.wem.repo.internal.entity,ResolveSyncWorkCommandTest,duplicateNode,Long Statement,The length of the statement "return DuplicateNodeCommand.create().id(node1.id()).versionService(versionService).indexServiceInternal(indexServiceInternal).nodeDao(nodeDao).queryService(queryService).branchService(branchService).binaryBlobStore(this.binaryBlobStore).build().execute();" is 255.,903
xp,com.enonic.wem.repo.internal.entity,SetNodeChildOrderCommandTest,order_by_data_value,Long Statement,The length of the statement "final FindNodesByParentResult result=createNodeAndReturnOrderedChildren(IndexPath.from("displayName")`OrderExpr.Direction.ASC);" is 127.,65
xp,com.enonic.wem.repo.internal.entity,SetNodeChildOrderCommandTest,order_manual,Long Statement,The length of the statement "setChildOrder(node`ChildOrder.create().add(FieldOrderExpr.create(NodeIndexPath.MANUAL_ORDER_VALUE`OrderExpr.Direction.ASC)).build());" is 133.,83
xp,com.enonic.wem.repo.internal.entity,SetNodeChildOrderCommandTest,order_manual,Long Statement,The length of the statement "assertTrue("Wrong orderValue` previousOrderValue = " + previousOrderValue + "` current = "+ n.getManualOrderValue()`previousOrderValue == null || n.getManualOrderValue() > previousOrderValue);" is 192.,83
xp,com.enonic.wem.repo.internal.entity,SetNodeChildOrderCommandTest,order_manual_initial_as_previous,Long Statement,The length of the statement "setChildOrder(node`ChildOrder.create().add(FieldOrderExpr.create(NodeIndexPath.MANUAL_ORDER_VALUE`OrderExpr.Direction.DESC)).build());" is 134.,107
xp,com.enonic.wem.repo.internal.entity,SetNodeChildOrderCommandTest,order_manual_initial_as_previous,Long Statement,The length of the statement "assertTrue("Wrong value` previousValue = " + previousName + "` current = "+ n.name()`Objects.equals(previousName`"") || largerThanPreviousName);" is 144.,107
xp,com.enonic.wem.repo.internal.entity,SetNodeChildOrderCommandTest,order_manual_initial_as_previous,Long Statement,The length of the statement "assertTrue("Wrong orderValue` previousOrderValue = " + previousOrderValue + "` current = "+ n.getManualOrderValue()`previousOrderValue == null || n.getManualOrderValue() < previousOrderValue);" is 192.,107
xp,com.enonic.wem.repo.internal.entity,SetNodeChildOrderCommandTest,setChildOrder,Long Statement,The length of the statement "SetNodeChildOrderCommand.create().nodeId(node.id()).childOrder(childOrder).nodeDao(nodeDao).versionService(versionService).branchService(branchService).queryService(queryService).indexServiceInternal(indexServiceInternal).build().execute();" is 240.,144
xp,com.enonic.wem.repo.internal.entity,SetNodeChildOrderCommandTest,createNodeAndReturnOrderedChildren,Long Statement,The length of the statement "SetNodeChildOrderCommand.create().nodeId(node.id()).childOrder(ChildOrder.create().add(FieldOrderExpr.create(path`direction)).build()).nodeDao(nodeDao).versionService(versionService).branchService(branchService).queryService(queryService).indexServiceInternal(indexServiceInternal).build().execute();" is 300.,158
xp,com.enonic.wem.repo.internal.entity,ApplyNodePermissionsCommand,applyPermissionsToChildren,Long Statement,The length of the statement "final FindNodesByParentParams findByParentParams=FindNodesByParentParams.create().parentPath(parent.path()).size(QueryService.GET_ALL_SIZE_FLAG).build();" is 153.,54
xp,com.enonic.wem.repo.internal.entity,ApplyNodePermissionsCommand,createUpdatedNode,Long Statement,The length of the statement "final Node.Builder updateNodeBuilder=Node.newNode(persistedNode).permissions(permissions).inheritPermissions(inheritsPermissions);" is 130.,100
xp,com.enonic.wem.repo.internal.entity,GetNodesByPathsCommand,execute,Long Statement,The length of the statement "final NodeVersionIds versionIds=this.queryService.find(paths`orderExpressions`IndexContext.from(ContextAccessor.current()));" is 124.,29
xp,com.enonic.wem.repo.internal.entity,GetNodesByPathsCommand,execute,Long Statement,The length of the statement "return resolveHasChild ? NodeHasChildResolver.create().queryService(this.queryService).build().resolve(nodeDao.getByVersionIds(versionIds)) : nodeDao.getByVersionIds(versionIds);" is 178.,29
xp,com.enonic.wem.repo.internal.entity,FindNodesByParentCommand,execute,Long Statement,The length of the statement "final ChildOrder order=NodeChildOrderResolver.create().nodeDao(this.nodeDao).queryService(this.queryService).nodePath(parentPath).childOrder(params.getChildOrder()).build().resolve();" is 183.,41
xp,com.enonic.wem.repo.internal.entity,FindNodesByParentCommand,execute,Long Statement,The length of the statement "return FindNodesByParentResult.create().nodes(nodes).totalHits(nodeQueryResult.getTotalHits()).hits(nodeQueryResult.getHits()).build();" is 135.,41
xp,com.enonic.wem.repo.internal.entity,FindNodesByParentCommand,createByPathQuery,Long Statement,The length of the statement "return NodeQuery.create().parent(parentPath).query(new QueryExpr(order.getOrderExpressions())).from(params.getFrom()).size(params.getSize()).countOnly(params.isCountOnly()).build();" is 181.,74
xp,com.enonic.wem.repo.internal.entity,AbstractNodeCommand,doGetByIds,Long Statement,The length of the statement "return GetNodesByIdsCommand.create(this).ids(ids).orderExpressions(orderExprs).resolveHasChild(resolveHasChild).build().execute();" is 130.,99
xp,com.enonic.wem.repo.internal.entity,StoreNodeCommand,execute,Long Statement,The length of the statement "this.versionService.store(NodeVersionDocument.create().nodeId(node.id()).nodeVersionId(nodeVersionId).nodePath(node.path()).build()`context.getRepositoryId());" is 159.,38
xp,com.enonic.wem.repo.internal.entity,StoreNodeCommand,execute,Long Statement,The length of the statement "this.branchService.store(StoreBranchDocument.create().node(node).nodeVersionId(nodeVersionId).build()`BranchContext.from(context));" is 131.,38
xp,com.enonic.wem.repo.internal.entity,AbstractDeleteNodeCommand,resolveNodesToDelete,Long Statement,The length of the statement "final FindNodesByParentResult result=doFindNodesByParent(FindNodesByParentParams.create().parentPath(node.path()).size(QueryService.GET_ALL_SIZE_FLAG).build());" is 160.,42
xp,com.enonic.wem.repo.internal.entity,SetNodeChildOrderCommand,orderChildNodes,Long Statement,The length of the statement "final NodeQueryResult childNodeResult=queryService.find(NodeQuery.create().parent(parentNode.path()).query(new QueryExpr(parentNode.getChildOrder().getOrderExpressions())).build()`IndexContext.from(ContextAccessor.current()));" is 226.,55
xp,com.enonic.wem.repo.internal.entity,SetNodeChildOrderCommand,orderChildNodes,Long Statement,The length of the statement "final LinkedHashSet<NodeManualOrderValueResolver.NodeIdOrderValue> orderedNodeIds=NodeManualOrderValueResolver.resolve(childNodeIds);" is 133.,55
xp,com.enonic.wem.repo.internal.entity,ResolveSyncWorkCommand,getInitialDiff,Long Statement,The length of the statement "return FindNodesWithVersionDifferenceCommand.create().versionService(this.versionService).query(NodeVersionDiffQuery.create().target(target).source(ContextAccessor.current().getBranch()).nodePath(nodePath).build()).build().execute();" is 233.,66
xp,com.enonic.wem.repo.internal.entity,ResolveSyncWorkCommand,getNodeComparison,Long Statement,The length of the statement "return CompareNodeCommand.create().target(this.target).branchService(this.branchService).versionService(this.versionService).nodeId(nodeId).build().execute();" is 158.,223
xp,com.enonic.wem.repo.internal.entity,CreateRootNodeCommand,execute,Long Statement,The length of the statement "final RootNode rootNode=RootNode.create().permissions(params.getPermissions()).childOrder(params.getChildOrder()).build();" is 122.,28
xp,com.enonic.wem.repo.internal.entity,CreateRootNodeCommand,execute,Long Statement,The length of the statement "StoreNodeCommand.create().node(rootNode).queryService(this.queryService).branchService(this.branchService).versionService(this.versionService).nodeDao(this.nodeDao).indexServiceInternal(this.indexServiceInternal).build().execute();" is 231.,28
xp,com.enonic.wem.repo.internal.entity,NodeServiceImpl,getById,Long Statement,The length of the statement "throw new NodeNotFoundException("Node with id " + id + " not found in branch "+ ContextAccessor.current().getBranch().getName());" is 129.,91
xp,com.enonic.wem.repo.internal.entity,NodeServiceImpl,doGetById,Long Statement,The length of the statement "return GetNodeByIdCommand.create().id(id).resolveHasChild(resolveHasChild).indexServiceInternal(this.indexServiceInternal).branchService(this.branchService).versionService(this.versionService).nodeDao(this.nodeDao).queryService(this.queryService).build().execute();" is 265.,105
xp,com.enonic.wem.repo.internal.entity,NodeServiceImpl,doGetByPath,Long Statement,The length of the statement "return GetNodeByPathCommand.create().nodePath(path).resolveHasChild(resolveHasChild).indexServiceInternal(this.indexServiceInternal).branchService(this.branchService).versionService(this.versionService).nodeDao(this.nodeDao).queryService(this.queryService).build().execute();" is 275.,125
xp,com.enonic.wem.repo.internal.entity,NodeServiceImpl,getByIds,Long Statement,The length of the statement "return GetNodesByIdsCommand.create().ids(ids).resolveHasChild(true).indexServiceInternal(this.indexServiceInternal).queryService(this.queryService).nodeDao(this.nodeDao).versionService(this.versionService).branchService(this.branchService).build().execute();" is 258.,139
xp,com.enonic.wem.repo.internal.entity,NodeServiceImpl,getByPaths,Long Statement,The length of the statement "return GetNodesByPathsCommand.create().paths(paths).resolveHasChild(true).indexServiceInternal(this.indexServiceInternal).branchService(this.branchService).versionService(this.versionService).nodeDao(this.nodeDao).queryService(this.queryService).build().execute();" is 264.,154
xp,com.enonic.wem.repo.internal.entity,NodeServiceImpl,findByParent,Long Statement,The length of the statement "return FindNodesByParentCommand.create().params(params).queryService(this.queryService).nodeDao(this.nodeDao).branchService(this.branchService).indexServiceInternal(this.indexServiceInternal).versionService(this.versionService).build().execute();" is 246.,169
xp,com.enonic.wem.repo.internal.entity,NodeServiceImpl,findByQuery,Long Statement,The length of the statement "return FindNodesByQueryCommand.create().query(nodeQuery).indexServiceInternal(this.indexServiceInternal).nodeDao(this.nodeDao).queryService(this.queryService).branchService(this.branchService).queryService(this.queryService).versionService(this.versionService).build().execute();" is 279.,183
xp,com.enonic.wem.repo.internal.entity,NodeServiceImpl,doCreate,Long Statement,The length of the statement "return CreateNodeCommand.create().params(params).indexServiceInternal(this.indexServiceInternal).versionService(this.versionService).branchService(this.branchService).nodeDao(this.nodeDao).queryService(this.queryService).binaryBlobStore(this.binaryBlobStore).build().execute();" is 277.,204
xp,com.enonic.wem.repo.internal.entity,NodeServiceImpl,update,Long Statement,The length of the statement "return UpdateNodeCommand.create().params(params).indexServiceInternal(this.indexServiceInternal).nodeDao(this.nodeDao).branchService(this.branchService).versionService(this.versionService).queryService(this.queryService).binaryBlobStore(this.binaryBlobStore).build().execute();" is 277.,218
xp,com.enonic.wem.repo.internal.entity,NodeServiceImpl,rename,Long Statement,The length of the statement "return RenameNodeCommand.create().params(params).indexServiceInternal(this.indexServiceInternal).nodeDao(this.nodeDao).branchService(this.branchService).versionService(this.versionService).queryService(this.queryService).build().execute();" is 239.,233
xp,com.enonic.wem.repo.internal.entity,NodeServiceImpl,deleteById,Long Statement,The length of the statement "return DeleteNodeByIdCommand.create().nodeId(id).indexServiceInternal(this.indexServiceInternal).nodeDao(this.nodeDao).branchService(this.branchService).versionService(this.versionService).queryService(this.queryService).build().execute();" is 239.,247
xp,com.enonic.wem.repo.internal.entity,NodeServiceImpl,deleteByPath,Long Statement,The length of the statement "return DeleteNodeByPathCommand.create().nodePath(path).indexServiceInternal(this.indexServiceInternal).nodeDao(this.nodeDao).branchService(this.branchService).versionService(this.versionService).queryService(this.queryService).build().execute();" is 245.,261
xp,com.enonic.wem.repo.internal.entity,NodeServiceImpl,push,Long Statement,The length of the statement "return PushNodesCommand.create().indexServiceInternal(this.indexServiceInternal).nodeDao(this.nodeDao).branchService(this.branchService).queryService(this.queryService).versionService(this.versionService).ids(ids).target(target).build().execute();" is 247.,275
xp,com.enonic.wem.repo.internal.entity,NodeServiceImpl,duplicate,Long Statement,The length of the statement "return DuplicateNodeCommand.create().id(nodeId).queryService(this.queryService).nodeDao(this.nodeDao).branchService(this.branchService).indexServiceInternal(this.indexServiceInternal).versionService(this.versionService).binaryBlobStore(this.binaryBlobStore).build().execute();" is 276.,290
xp,com.enonic.wem.repo.internal.entity,NodeServiceImpl,move,Long Statement,The length of the statement "return MoveNodeCommand.create().id(nodeId).newParent(parentNodePath).queryService(this.queryService).nodeDao(this.nodeDao).branchService(this.branchService).indexServiceInternal(this.indexServiceInternal).versionService(this.versionService).build().execute();" is 259.,305
xp,com.enonic.wem.repo.internal.entity,NodeServiceImpl,compare,Long Statement,The length of the statement "return CompareNodeCommand.create().nodeId(nodeId).target(target).versionService(this.versionService).branchService(this.branchService).build().execute();" is 153.,321
xp,com.enonic.wem.repo.internal.entity,NodeServiceImpl,compare,Long Statement,The length of the statement "return CompareNodesCommand.create().nodeIds(nodeIds).target(target).versionService(this.versionService).branchService(this.branchService).build().execute();" is 156.,333
xp,com.enonic.wem.repo.internal.entity,NodeServiceImpl,findVersions,Long Statement,The length of the statement "return GetNodeVersionsCommand.create().nodeId(params.getNodeId()).from(params.getFrom()).size(params.getSize()).versionService(this.versionService).build().execute();" is 166.,345
xp,com.enonic.wem.repo.internal.entity,NodeServiceImpl,getActiveVersions,Long Statement,The length of the statement "return GetActiveNodeVersionsCommand.create().nodeId(params.getNodeId()).branches(params.getBranches()).versionService(this.versionService).branchService(this.branchService).nodeDao(this.nodeDao).queryService(this.queryService).indexServiceInternal(this.indexServiceInternal).build().execute();" is 293.,357
xp,com.enonic.wem.repo.internal.entity,NodeServiceImpl,diff,Long Statement,The length of the statement "return FindNodesWithVersionDifferenceCommand.create().versionService(this.versionService).query(query).build().execute();" is 121.,372
xp,com.enonic.wem.repo.internal.entity,NodeServiceImpl,resolveSyncWork,Long Statement,The length of the statement "return ResolveSyncWorkCommand.create().target(params.getBranch()).nodeId(params.getNodeId()).includeChildren(params.isIncludeChildren()).indexServiceInternal(indexServiceInternal).versionService(this.versionService).nodeDao(this.nodeDao).queryService(this.queryService).branchService(this.branchService).build().execute();" is 322.,391
xp,com.enonic.wem.repo.internal.entity,NodeServiceImpl,setChildOrder,Long Statement,The length of the statement "return SetNodeChildOrderCommand.create().queryService(this.queryService).nodeDao(this.nodeDao).branchService(this.branchService).versionService(this.versionService).indexServiceInternal(this.indexServiceInternal).childOrder(params.getChildOrder()).nodeId(params.getNodeId()).build().execute();" is 293.,407
xp,com.enonic.wem.repo.internal.entity,NodeServiceImpl,reorderChildren,Long Statement,The length of the statement "return ReorderChildNodesCommand.create().params(params).indexServiceInternal(this.indexServiceInternal).nodeDao(this.nodeDao).queryService(this.queryService).versionService(this.versionService).branchService(this.branchService).build().execute();" is 246.,422
xp,com.enonic.wem.repo.internal.entity,NodeServiceImpl,applyPermissions,Long Statement,The length of the statement "return ApplyNodePermissionsCommand.create().params(params).indexServiceInternal(this.indexServiceInternal).nodeDao(this.nodeDao).queryService(this.queryService).versionService(this.versionService).branchService(this.branchService).build().execute();" is 249.,466
xp,com.enonic.wem.repo.internal.entity,NodeServiceImpl,getBinary,Long Statement,The length of the statement "return GetBinaryCommand.create().binaryReference(reference).nodeId(nodeId).indexServiceInternal(this.indexServiceInternal).nodeDao(this.nodeDao).queryService(this.queryService).versionService(this.versionService).branchService(this.branchService).binaryBlobStore(this.binaryBlobStore).build().execute();" is 303.,480
xp,com.enonic.wem.repo.internal.entity,NodeServiceImpl,createRootNode,Long Statement,The length of the statement "return CreateRootNodeCommand.create().params(params).queryService(this.queryService).branchService(this.branchService).versionService(this.versionService).nodeDao(this.nodeDao).indexServiceInternal(this.indexServiceInternal).build().execute();" is 243.,496
xp,com.enonic.wem.repo.internal.entity,NodeServiceImpl,setNodeState,Long Statement,The length of the statement "return SetNodeStateCommand.create().nodeId(nodeId).nodeState(nodeState).versionService(this.versionService).queryService(this.queryService).branchService(this.branchService).nodeDao(this.nodeDao).indexServiceInternal(this.indexServiceInternal).build().execute();" is 262.,510
xp,com.enonic.wem.repo.internal.entity,NodeServiceImpl,getRoot,Long Statement,The length of the statement "throw new RuntimeException("Expected node with path " + NodePath.ROOT.toString() + " to be of type RootNode` found "+ node.id());" is 129.,525
xp,com.enonic.wem.repo.internal.entity,RelationshipType,equals,Long Statement,The length of the statement "return Objects.equal(this.name`that.name) && Objects.equal(this.displayName`that.displayName) && Objects.equal(this.relationshipTypeName`that.relationshipTypeName)&& Objects.equal(this.fromSemantic`that.fromSemantic)&& Objects.equal(this.toSemantic`that.toSemantic);" is 266.,86
xp,com.enonic.wem.repo.internal.entity,GetNodesByIdsCommand,execute,Long Statement,The length of the statement "final NodeVersionIds versionIds=this.queryService.find(this.ids`this.orderExpressions`IndexContext.from(ContextAccessor.current()));" is 132.,29
xp,com.enonic.wem.repo.internal.entity,GetBinaryCommand,validate,Long Statement,The length of the statement "Preconditions.checkArgument(propertyPath != null || binaryReference != null`"Either propertyPath or binaryReference must be set");" is 130.,121
xp,com.enonic.wem.repo.internal.entity,Builder,validate,Long Statement,The length of the statement "Preconditions.checkArgument(propertyPath != null || binaryReference != null`"Either propertyPath or binaryReference must be set");" is 130.,121
xp,com.enonic.wem.repo.internal.entity,ReorderChildNodesCommand,execute,Long Statement,The length of the statement "final Node nodeToMoveBefore=reorderChildNodeParams.getMoveBefore() == null ? null : doGetById(reorderChildNodeParams.getMoveBefore()`false);" is 140.,26
xp,com.enonic.wem.repo.internal.entity,ReorderChildNodesCommand,execute,Long Statement,The length of the statement "final Node reorderedNode=ReorderChildNodeCommand.create().queryService(this.queryService).nodeDao(this.nodeDao).branchService(this.branchService).versionService(this.versionService).indexServiceInternal(this.indexServiceInternal).parentNode(parentNode).nodeToMove(nodeToMove).nodeToMoveBefore(nodeToMoveBefore).build().execute();" is 329.,26
xp,com.enonic.wem.repo.internal.entity,UpdatedAttachedBinariesResolver,resolve,Long Statement,The length of the statement "final Sets.SetView<BinaryReference> changedBinaryReferences=Sets.difference(referencesInEditedNode`referencesInPersistedNode);" is 126.,63
xp,com.enonic.wem.repo.internal.entity,UpdatedAttachedBinariesResolver,verifyAllNewGivenAsBinaryAttachment,Long Identifier,The length of the identifier attachmentGivenOrExistsOnNodeAlready is 36.,87
xp,com.enonic.wem.repo.internal.entity,UpdatedAttachedBinariesResolver,verifyAllNewGivenAsBinaryAttachment,Long Statement,The length of the statement "final boolean attachmentGivenOrExistsOnNodeAlready=this.binaryAttachments.get(binaryReference) != null || persistedNode.getAttachedBinaries().getByBinaryReference(binaryReference) != null;" is 188.,87
xp,com.enonic.wem.repo.internal.entity,UpdatedAttachedBinariesResolver,processExistingBinaries,Long Statement,The length of the statement "final Sets.SetView<BinaryReference> unchangedReferences=Sets.intersection(referencesInPersistedNode`referencesInEditedNode);" is 124.,116
xp,com.enonic.wem.repo.internal.entity,GetActiveNodeVersionsCommand,execute,Long Statement,The length of the statement "final NodeVersionId nodeVersionId=this.queryService.get(this.nodeId`IndexContext.create().branch(branch).repositoryId(context.getRepositoryId()).authInfo(context.getAuthInfo()).build());" is 186.,42
xp,com.enonic.wem.repo.internal.entity,MoveNodeCommand,checkNotMovedToSelfOrChild,Long Statement,The length of the statement "throw new MoveNodeException("Not allowed to move to " + newParentPath + " because child of self ( "+ existingNode.path());" is 122.,69
xp,com.enonic.wem.repo.internal.entity,MoveNodeCommand,checkNotMovedToSelfOrChild,Long Statement,The length of the statement "throw new MoveNodeException("Not allowed to move to " + newParentPath + " because child of self ( "+ existingNode.path());" is 122.,69
xp,com.enonic.wem.repo.internal.entity,MoveNodeCommand,doMoveNode,Complex Method,Cyclomatic complexity of the method is 8,87
xp,com.enonic.wem.repo.internal.entity,MoveNodeCommand,doMoveNode,Long Statement,The length of the statement "Node nodeToMove=Node.newNode(persistedNode).name(nodeName).parentPath(newParentPath).indexConfigDocument(persistedNode.getIndexConfigDocument()).build();" is 153.,87
xp,com.enonic.wem.repo.internal.entity,MoveNodeCommand,getChildren,Long Statement,The length of the statement "final FindNodesByParentResult result=doFindNodesByParent(FindNodesByParentParams.create().parentPath(parentNode.path()).size(QueryService.GET_ALL_SIZE_FLAG).build());" is 166.,158
xp,com.enonic.wem.repo.internal.entity,UpdateNodeCommand,doExecute,Long Statement,The length of the statement "if (editableNode.inheritPermissions != persistedNode.inheritsPermissions() || !persistedNode.getPermissions().equals(editableNode.permissions)) {" is 145.,45
xp,com.enonic.wem.repo.internal.entity,UpdateNodeCommand,doExecute,Long Statement,The length of the statement "final AttachedBinaries updatedBinaries=UpdatedAttachedBinariesResolver.create().editableNode(editableNode).persistedNode(persistedNode).binaryAttachments(this.params.getBinaryAttachments()).binaryBlobStore(this.binaryBlobStore).build().resolve();" is 246.,45
xp,com.enonic.wem.repo.internal.entity,UpdateNodeCommand,createUpdatedNode,Long Statement,The length of the statement "final AccessControlList permissions=evaluatePermissions(parentPath`editedNode.inheritsPermissions()`editedNode.getPermissions());" is 129.,96
xp,com.enonic.wem.repo.internal.entity,NodeHelper,runAsAdmin,Long Statement,The length of the statement "return ContextBuilder.from(ContextAccessor.current()).authInfo(NodeConstants.NODE_SU_AUTH_INFO).build().callWith(callable);" is 123.,18
xp,com.enonic.wem.repo.internal.entity,DuplicateNodeCommand,execute,Long Statement,The length of the statement "final NodeReferenceUpdatesHolder.Builder builder=NodeReferenceUpdatesHolder.create().add(existingNode.id()`duplicatedNode.id());" is 128.,34
xp,com.enonic.wem.repo.internal.entity,DuplicateNodeCommand,storeChildNodes,Long Statement,The length of the statement "final FindNodesByParentResult findNodesByParentResult=doFindNodesByParent(FindNodesByParentParams.create().parentPath(originalParent.path()).from(0).size(QueryService.GET_ALL_SIZE_FLAG).build());" is 195.,59
xp,com.enonic.wem.repo.internal.entity,DuplicateNodeCommand,attachBinaries,Long Statement,The length of the statement "paramsBuilder.attachBinary(attachedBinary.getBinaryReference()`binaryBlobStore.getByteSource(attachedBinary.getBlobKey()));" is 123.,82
xp,com.enonic.wem.repo.internal.entity,DuplicateNodeCommand,updateChildReferences,Long Statement,The length of the statement "final FindNodesByParentResult findNodesByParentResult=doFindNodesByParent(FindNodesByParentParams.create().parentPath(duplicatedParent.path()).from(0).size(QueryService.GET_ALL_SIZE_FLAG).build());" is 197.,90
xp,com.enonic.wem.repo.internal.entity,DuplicateNodeCommand,updateNodeReferences,Long Statement,The length of the statement "doUpdateNode(UpdateNodeParams.create().id(node.id()).editor(toBeEdited -> toBeEdited.data=data).build()`this.binaryBlobStore);" is 126.,105
xp,com.enonic.wem.repo.internal.entity,CreateNodeCommand,execute,Long Statement,The length of the statement "Preconditions.checkArgument(params.getParent().isAbsolute()`"Path to parent Node must be absolute: " + params.getParent());" is 123.,50
xp,com.enonic.wem.repo.internal.entity,CreateNodeCommand,execute,Long Statement,The length of the statement "final Node.Builder nodeBuilder=Node.newNode().id(this.params.getNodeId() != null ? params.getNodeId() : new NodeId()).parentPath(params.getParent()).name(NodeName.from(params.getName())).data(params.getData()).indexConfigDocument(params.getIndexConfigDocument()).hasChildren(false).childOrder(params.getChildOrder() != null ? params.getChildOrder() : ChildOrder.defaultOrder()).manualOrderValue(manualOrderValue).permissions(permissions).inheritPermissions(params.inheritPermissions()).nodeType(params.getNodeType() != null ? params.getNodeType() : NodeType.DEFAULT_NODE_COLLECTION).attachedBinaries(attachedBinaries);" is 618.,50
xp,com.enonic.wem.repo.internal.entity,CreateNodeCommand,verifyParentExists,Long Statement,The length of the statement "throw new NodeNotFoundException("Cannot create node with name " + params.getName() + "` parent '"+ params.getParent()+ "' not found");" is 134.,137
xp,com.enonic.wem.repo.internal.entity,CreateNodeCommand,resolveFromQuery,Long Statement,The length of the statement "final ChildOrder childOrder=insertManualStrategy.equals(InsertManualStrategy.LAST) ? ChildOrder.reverseManualOrder() : ChildOrder.manualOrder();" is 144.,190
xp,com.enonic.wem.repo.internal.entity,CreateNodeCommand,resolveFromQuery,Long Statement,The length of the statement "final FindNodesByParentResult findNodesByParentResult=doFindNodesByParent(FindNodesByParentParams.create().parentPath(parentNode.path()).childOrder(childOrder).size(1).build());" is 177.,190
xp,com.enonic.wem.repo.internal.entity,CreateNodeCommand,insertAsFirst,Long Statement,The length of the statement "throw new IllegalArgumentException("Expected that node " + first + " should have manualOrderValue since parent childOrder = manualOrderValue` but value was null");" is 163.,218
xp,com.enonic.wem.repo.internal.entity,CreateNodeCommand,insertAsLast,Long Statement,The length of the statement "throw new IllegalArgumentException("Expected that node " + first + " should have manualOrderValue since parent childOrder = manualOrderValue` but value was null");" is 163.,231
xp,com.enonic.wem.repo.internal.entity,ReorderChildNodeCommand,execute,Long Statement,The length of the statement "throw new IllegalArgumentException("Cannot manually order child nodes of parent " + parentNode.path() + " since manual child order not enabled");" is 145.,36
xp,com.enonic.wem.repo.internal.entity,ReorderChildNodeCommand,createFirstNodeBeforeInsertQuery,Long Identifier,The length of the identifier orderGreaterThanNodeToMoveBefore is 32.,110
xp,com.enonic.wem.repo.internal.entity,ReorderChildNodeCommand,createFirstNodeBeforeInsertQuery,Long Statement,The length of the statement "final CompareExpr orderGreaterThanNodeToMoveBefore=CompareExpr.gt(FieldExpr.from(NodeIndexPath.MANUAL_ORDER_VALUE)`ValueExpr.number(nodeAfterOrderValue));" is 154.,110
xp,com.enonic.wem.repo.internal.entity,ReorderChildNodeCommand,resolveInsertInbetweenOrderValue,Magic Number,The method contains a magic number: 2,122
xp,com.enonic.wem.repo.internal.entity,NodeChildOrderResolver,doResolve,Long Statement,The length of the statement "final NodeVersionId parentNodeVersion=this.queryService.get(this.parentPath`IndexContext.from(ContextAccessor.current()));" is 122.,31
xp,com.enonic.wem.repo.internal.entity,CompareStatusResolver,resolve,Complex Method,Cyclomatic complexity of the method is 8,34
xp,com.enonic.wem.repo.internal.entity,AbstractCompareNodeCommand,doCompareNodeVersions,Long Statement,The length of the statement "final NodeBranchVersion targetWsVersion=this.branchService.get(nodeId`BranchContext.from(this.target`context.getRepositoryId()));" is 129.,30
xp,com.enonic.wem.repo.internal.entity,AbstractCompareNodeCommand,doCompareNodeVersions,Long Statement,The length of the statement "final CompareStatus compareStatus=CompareStatusResolver.create().repositoryId(context.getRepositoryId()).source(sourceWsVersion).target(targetWsVersion).versionService(this.versionService).build().resolve();" is 207.,30
xp,com.enonic.wem.repo.internal.entity,RelationshipKey,equals,Long Statement,The length of the statement "return Objects.equals(type`that.type) && Objects.equals(fromItem`that.fromItem) && Objects.equals(toItem`that.toItem)&& Objects.equals(managingData`that.managingData);" is 167.,67
xp,com.enonic.wem.repo.internal.entity,RelationshipKey,toString,Long Statement,The length of the statement "return com.google.common.base.MoreObjects.toStringHelper(this).add("fromItem"`fromItem).add("toItem"`toItem).add("type"`type).add("managingData"`managingData).toString();" is 170.,87
xp,com.enonic.wem.repo.internal.entity,FindNodesByQueryCommand,execute,Long Statement,The length of the statement "return FindNodesByQueryResult.create().hits(nodeQueryResult.getHits()).totalHits(nodeQueryResult.getTotalHits()).aggregations(nodeQueryResult.getAggregations()).nodes(nodes).build();" is 182.,29
xp,com.enonic.wem.repo.internal.entity,PushNodesCommand,execute,Long Statement,The length of the statement "final Nodes nodes=doGetByIds(ids`OrderExpressions.from(FieldOrderExpr.create(NodeIndexPath.PATH`OrderExpr.Direction.ASC))`false);" is 129.,50
xp,com.enonic.wem.repo.internal.entity,PushNodesCommand,execute,Long Statement,The length of the statement "final NodeComparison nodeComparison=CompareNodeCommand.create().nodeId(node.id()).versionService(this.versionService).branchService(this.branchService).target(this.target).build().execute();" is 190.,50
xp,com.enonic.wem.repo.internal.entity,PushNodesCommand,updateNodeChildrenWithNewMetadata,Long Statement,The length of the statement "final FindNodesByParentResult result=doFindNodesByParent(FindNodesByParentParams.create().parentPath(node.path()).build());" is 123.,108
xp,com.enonic.wem.repo.internal.entity,PushNodesCommand,updateNodeChildrenWithNewMetadata,Long Statement,The length of the statement "ContextBuilder.create().authInfo(context.getAuthInfo()).branch(this.target).repositoryId(context.getRepositoryId()).build().runWith(() -> updateNodeMetadata(child));" is 165.,108
xp,com.enonic.wem.repo.internal.entity,PushNodesCommand,doPushNode,Long Statement,The length of the statement "this.branchService.store(StoreBranchDocument.create().nodeVersionId(nodeVersionId).node(node).build()`BranchContext.from(this.target`context.getRepositoryId()));" is 161.,128
xp,com.enonic.wem.repo.internal.entity,PushNodesCommand,doPushNode,Long Statement,The length of the statement "this.indexServiceInternal.store(node`nodeVersionId`IndexContext.create().branch(this.target).repositoryId(context.getRepositoryId()).authInfo(context.getAuthInfo()).build());" is 174.,128
xp,com.enonic.wem.repo.internal.entity,PushNodesCommand,createTargetContext,Long Statement,The length of the statement "final ContextBuilder targetContext=ContextBuilder.create().repositoryId(currentContext.getRepositoryId()).branch(target);" is 121.,161
xp,com.enonic.wem.repo.internal.entity.query.aggregation,NumericRangeAggregationTest,ranges,Long Statement,The length of the statement "final NodeQuery query=NodeQuery.create().addAggregationQuery(NumericRangeAggregationQuery.create("myNumericRange").fieldName("numeric").addRange(NumericRange.create().to(150d).build()).addRange(NumericRange.create().from(150d).to(250d).build()).addRange(NumericRange.create().from(250d).to(350d).build()).addRange(NumericRange.create().from(350d).build()).build()).build();" is 373.,40
xp,com.enonic.wem.repo.internal.entity.query.aggregation,NumericRangeAggregationTest,ranges,Magic Number,The method contains a magic number: 100d,40
xp,com.enonic.wem.repo.internal.entity.query.aggregation,NumericRangeAggregationTest,ranges,Magic Number,The method contains a magic number: 300d,40
xp,com.enonic.wem.repo.internal.entity.query.aggregation,NumericRangeAggregationTest,ranges,Magic Number,The method contains a magic number: 400d,40
xp,com.enonic.wem.repo.internal.entity.query.aggregation,NumericRangeAggregationTest,ranges,Magic Number,The method contains a magic number: 200d,40
xp,com.enonic.wem.repo.internal.entity.query.aggregation,NumericRangeAggregationTest,ranges,Magic Number,The method contains a magic number: 600d,40
xp,com.enonic.wem.repo.internal.entity.query.aggregation,NumericRangeAggregationTest,ranges,Magic Number,The method contains a magic number: 500d,40
xp,com.enonic.wem.repo.internal.entity.query.aggregation,NumericRangeAggregationTest,ranges,Magic Number,The method contains a magic number: 150d,40
xp,com.enonic.wem.repo.internal.entity.query.aggregation,NumericRangeAggregationTest,ranges,Magic Number,The method contains a magic number: 150d,40
xp,com.enonic.wem.repo.internal.entity.query.aggregation,NumericRangeAggregationTest,ranges,Magic Number,The method contains a magic number: 250d,40
xp,com.enonic.wem.repo.internal.entity.query.aggregation,NumericRangeAggregationTest,ranges,Magic Number,The method contains a magic number: 250d,40
xp,com.enonic.wem.repo.internal.entity.query.aggregation,NumericRangeAggregationTest,ranges,Magic Number,The method contains a magic number: 350d,40
xp,com.enonic.wem.repo.internal.entity.query.aggregation,NumericRangeAggregationTest,ranges,Magic Number,The method contains a magic number: 350d,40
xp,com.enonic.wem.repo.internal.entity.query.aggregation,NumericRangeAggregationTest,ranges,Magic Number,The method contains a magic number: 3,40
xp,com.enonic.wem.repo.internal.entity.query.aggregation,NumericRangeAggregationTest,keys,Long Statement,The length of the statement "final NodeQuery query=NodeQuery.create().addAggregationQuery(NumericRangeAggregationQuery.create("myNumericRange").fieldName("numeric").addRange(NumericRange.create().key("small").to(350d).build()).addRange(NumericRange.create().key("large").from(350d).build()).build()).build();" is 279.,86
xp,com.enonic.wem.repo.internal.entity.query.aggregation,NumericRangeAggregationTest,keys,Magic Number,The method contains a magic number: 100d,86
xp,com.enonic.wem.repo.internal.entity.query.aggregation,NumericRangeAggregationTest,keys,Magic Number,The method contains a magic number: 200d,86
xp,com.enonic.wem.repo.internal.entity.query.aggregation,NumericRangeAggregationTest,keys,Magic Number,The method contains a magic number: 300d,86
xp,com.enonic.wem.repo.internal.entity.query.aggregation,NumericRangeAggregationTest,keys,Magic Number,The method contains a magic number: 400d,86
xp,com.enonic.wem.repo.internal.entity.query.aggregation,NumericRangeAggregationTest,keys,Magic Number,The method contains a magic number: 500d,86
xp,com.enonic.wem.repo.internal.entity.query.aggregation,NumericRangeAggregationTest,keys,Magic Number,The method contains a magic number: 600d,86
xp,com.enonic.wem.repo.internal.entity.query.aggregation,NumericRangeAggregationTest,keys,Magic Number,The method contains a magic number: 350d,86
xp,com.enonic.wem.repo.internal.entity.query.aggregation,NumericRangeAggregationTest,keys,Magic Number,The method contains a magic number: 350d,86
xp,com.enonic.wem.repo.internal.entity.query.aggregation,NumericRangeAggregationTest,keys,Magic Number,The method contains a magic number: 3,86
xp,com.enonic.wem.repo.internal.entity.query.aggregation,NumericRangeAggregationTest,keys,Magic Number,The method contains a magic number: 3,86
xp,com.enonic.wem.repo.internal.entity.query.aggregation,StatsAggregationTest,terms_stats_aggregation,Long Statement,The length of the statement "final NodeQuery query=NodeQuery.create().addAggregationQuery(TermsAggregationQuery.create("category").fieldName("category").orderDirection(TermsAggregationQuery.Direction.ASC).orderType(TermsAggregationQuery.Type.TERM).addSubQuery(StatsAggregationQuery.create("subquery").fieldName("other").build()).build()).build();" is 317.,37
xp,com.enonic.wem.repo.internal.entity.query.aggregation,StatsAggregationTest,terms_stats_aggregation,Magic Number,The method contains a magic number: 2.0,37
xp,com.enonic.wem.repo.internal.entity.query.aggregation,StatsAggregationTest,terms_stats_aggregation,Magic Number,The method contains a magic number: 4.0,37
xp,com.enonic.wem.repo.internal.entity.query.aggregation,StatsAggregationTest,terms_stats_aggregation,Magic Number,The method contains a magic number: 6.0,37
xp,com.enonic.wem.repo.internal.entity.query.aggregation,StatsAggregationTest,terms_stats_aggregation,Magic Number,The method contains a magic number: 8.0,37
xp,com.enonic.wem.repo.internal.entity.query.aggregation,StatsAggregationTest,terms_stats_aggregation,Magic Number,The method contains a magic number: 2.0,37
xp,com.enonic.wem.repo.internal.entity.query.aggregation,StatsAggregationTest,terms_stats_aggregation,Magic Number,The method contains a magic number: 4.0,37
xp,com.enonic.wem.repo.internal.entity.query.aggregation,StatsAggregationTest,terms_stats_aggregation,Magic Number,The method contains a magic number: 2.0,37
xp,com.enonic.wem.repo.internal.entity.query.aggregation,StatsAggregationTest,terms_stats_aggregation,Magic Number,The method contains a magic number: 2d,37
xp,com.enonic.wem.repo.internal.entity.query.aggregation,StatsAggregationTest,terms_stats_aggregation,Magic Number,The method contains a magic number: 8d,37
xp,com.enonic.wem.repo.internal.entity.query.aggregation,StatsAggregationTest,terms_stats_aggregation,Magic Number,The method contains a magic number: 5d,37
xp,com.enonic.wem.repo.internal.entity.query.aggregation,StatsAggregationTest,terms_stats_aggregation,Magic Number,The method contains a magic number: 20d,37
xp,com.enonic.wem.repo.internal.entity.query.aggregation,StatsAggregationTest,terms_stats_aggregation,Magic Number,The method contains a magic number: 4d,37
xp,com.enonic.wem.repo.internal.entity.query.aggregation,StatsAggregationTest,terms_stats_aggregation,Magic Number,The method contains a magic number: 2d,37
xp,com.enonic.wem.repo.internal.entity.query.aggregation,StatsAggregationTest,terms_stats_aggregation,Magic Number,The method contains a magic number: 4d,37
xp,com.enonic.wem.repo.internal.entity.query.aggregation,StatsAggregationTest,terms_stats_aggregation,Magic Number,The method contains a magic number: 3d,37
xp,com.enonic.wem.repo.internal.entity.query.aggregation,StatsAggregationTest,terms_stats_aggregation,Magic Number,The method contains a magic number: 6d,37
xp,com.enonic.wem.repo.internal.entity.query.aggregation,StatsAggregationTest,terms_stats_aggregation,Magic Number,The method contains a magic number: 2d,37
xp,com.enonic.wem.repo.internal.entity.query.aggregation,StatsAggregationTest,terms_stats_aggregation,Magic Number,The method contains a magic number: 2d,37
xp,com.enonic.wem.repo.internal.entity.query.aggregation,StatsAggregationTest,terms_stats_aggregation,Magic Number,The method contains a magic number: 2d,37
xp,com.enonic.wem.repo.internal.entity.query.aggregation,StatsAggregationTest,terms_stats_aggregation,Magic Number,The method contains a magic number: 2d,37
xp,com.enonic.wem.repo.internal.entity.query.aggregation,StatsAggregationTest,terms_stats_aggregation,Magic Number,The method contains a magic number: 2d,37
xp,com.enonic.wem.repo.internal.entity.query.aggregation,StatsAggregationTest,verifyStatsAggregation,Long Parameter List,The method has 7 parameters. ,77
xp,com.enonic.wem.repo.internal.entity.query.aggregation,DateHistogramAggregationsTest,intervals,Long Statement,The length of the statement "final NodeQuery query=NodeQuery.create().addAggregationQuery(DateHistogramAggregationQuery.create("hour").format("Y-MM-DD").fieldName("instant").interval("1h").build()).addAggregationQuery(DateHistogramAggregationQuery.create("day").fieldName("instant").interval("1d").build()).addAggregationQuery(DateHistogramAggregationQuery.create("minute").fieldName("instant").interval("1m").build()).build();" is 398.,31
xp,com.enonic.wem.repo.internal.entity.query.aggregation,DateHistogramAggregationsTest,intervals,Magic Number,The method contains a magic number: 3,31
xp,com.enonic.wem.repo.internal.entity.query.aggregation,DateHistogramAggregationsTest,intervals,Magic Number,The method contains a magic number: 5,31
xp,com.enonic.wem.repo.internal.entity.query.aggregation,DateHistogramAggregationsTest,intervals,Magic Number,The method contains a magic number: 6,31
xp,com.enonic.wem.repo.internal.entity.query.aggregation,DateHistogramAggregationsTest,min_doc_count,Long Statement,The length of the statement "final NodeQuery query=NodeQuery.create().addAggregationQuery(DateHistogramAggregationQuery.create("dateHistogramWithZero").fieldName("instant").interval("1h").minDocCount(0l).build()).addAggregationQuery(DateHistogramAggregationQuery.create("dateHistogramWithDefault").fieldName("instant").interval("1h").build()).build();" is 322.,71
xp,com.enonic.wem.repo.internal.entity.query.aggregation,DateHistogramAggregationsTest,min_doc_count,Magic Number,The method contains a magic number: 2,71
xp,com.enonic.wem.repo.internal.entity.query.aggregation,DateHistogramAggregationsTest,min_doc_count,Magic Number,The method contains a magic number: 9,71
xp,com.enonic.wem.repo.internal.entity.query.aggregation,DateHistogramAggregationsTest,min_doc_count,Magic Number,The method contains a magic number: 5,71
xp,com.enonic.wem.repo.internal.entity.query.aggregation,DateHistogramAggregationsTest,format,Long Statement,The length of the statement "final NodeQuery query=NodeQuery.create().addAggregationQuery(DateHistogramAggregationQuery.create("hhMM").fieldName("instant").interval("1h").format("HH:mm").build()).addAggregationQuery(DateHistogramAggregationQuery.create("mm").fieldName("instant").interval("1h").format("mm").build()).build();" is 296.,107
xp,com.enonic.wem.repo.internal.entity.query.aggregation,DateHistogramAggregationsTest,format,Magic Number,The method contains a magic number: 2,107
xp,com.enonic.wem.repo.internal.entity.query.aggregation,DateRangeAggregationTest,ranges,Long Statement,The length of the statement "final NodeQuery query=NodeQuery.create().addAggregationQuery(DateRangeAggregationQuery.create("myDateRange").fieldName("instant").addRange(DateRange.create().to(Instant.parse("2014-12-10T11:00:00Z")).build()).addRange(DateRange.create().from(Instant.parse("2014-12-10T11:00:00Z")).to(Instant.parse("2014-12-10T14:00:00Z")).build()).addRange(DateRange.create().from(Instant.parse("2014-12-10T14:00:00Z")).build()).build()).build();" is 430.,37
xp,com.enonic.wem.repo.internal.entity.query.aggregation,DateRangeAggregationTest,ranges,Magic Number,The method contains a magic number: 2,37
xp,com.enonic.wem.repo.internal.entity.query.aggregation,DateRangeAggregationTest,ranges,Magic Number,The method contains a magic number: 3,37
xp,com.enonic.wem.repo.internal.entity.query.aggregation,HistogramAggregationTest,intervals,Long Statement,The length of the statement "final NodeQuery query=NodeQuery.create().addAggregationQuery(HistogramAggregationQuery.create("ten").fieldName("value").interval(10l).build()).addAggregationQuery(HistogramAggregationQuery.create("twenty").fieldName("value").interval(20l).build()).addAggregationQuery(HistogramAggregationQuery.create("fourty").fieldName("value").interval(40l).build()).build();" is 361.,33
xp,com.enonic.wem.repo.internal.entity.query.aggregation,HistogramAggregationTest,intervals,Magic Number,The method contains a magic number: 10d,33
xp,com.enonic.wem.repo.internal.entity.query.aggregation,HistogramAggregationTest,intervals,Magic Number,The method contains a magic number: 20d,33
xp,com.enonic.wem.repo.internal.entity.query.aggregation,HistogramAggregationTest,intervals,Magic Number,The method contains a magic number: 30d,33
xp,com.enonic.wem.repo.internal.entity.query.aggregation,HistogramAggregationTest,intervals,Magic Number,The method contains a magic number: 40d,33
xp,com.enonic.wem.repo.internal.entity.query.aggregation,HistogramAggregationTest,intervals,Magic Number,The method contains a magic number: 50d,33
xp,com.enonic.wem.repo.internal.entity.query.aggregation,HistogramAggregationTest,intervals,Magic Number,The method contains a magic number: 60d,33
xp,com.enonic.wem.repo.internal.entity.query.aggregation,HistogramAggregationTest,intervals,Magic Number,The method contains a magic number: 10l,33
xp,com.enonic.wem.repo.internal.entity.query.aggregation,HistogramAggregationTest,intervals,Magic Number,The method contains a magic number: 20l,33
xp,com.enonic.wem.repo.internal.entity.query.aggregation,HistogramAggregationTest,intervals,Magic Number,The method contains a magic number: 40l,33
xp,com.enonic.wem.repo.internal.entity.query.aggregation,HistogramAggregationTest,intervals,Magic Number,The method contains a magic number: 3,33
xp,com.enonic.wem.repo.internal.entity.query.aggregation,HistogramAggregationTest,intervals,Magic Number,The method contains a magic number: 6,33
xp,com.enonic.wem.repo.internal.entity.query.aggregation,HistogramAggregationTest,intervals,Magic Number,The method contains a magic number: 4,33
xp,com.enonic.wem.repo.internal.entity.query.aggregation,HistogramAggregationTest,intervals,Magic Number,The method contains a magic number: 2,33
xp,com.enonic.wem.repo.internal.entity.query.aggregation,HistogramAggregationTest,order,Long Statement,The length of the statement "final NodeQuery query=NodeQuery.create().addAggregationQuery(HistogramAggregationQuery.create("count_asc").fieldName("value").interval(10l).order(HistogramAggregationQuery.Order.COUNT_ASC).build()).addAggregationQuery(HistogramAggregationQuery.create("key_asc").fieldName("value").interval(20l).order(HistogramAggregationQuery.Order.KEY_ASC).build()).build();" is 359.,72
xp,com.enonic.wem.repo.internal.entity.query.aggregation,HistogramAggregationTest,order,Magic Number,The method contains a magic number: 2d,72
xp,com.enonic.wem.repo.internal.entity.query.aggregation,HistogramAggregationTest,order,Magic Number,The method contains a magic number: 3d,72
xp,com.enonic.wem.repo.internal.entity.query.aggregation,HistogramAggregationTest,order,Magic Number,The method contains a magic number: 10d,72
xp,com.enonic.wem.repo.internal.entity.query.aggregation,HistogramAggregationTest,order,Magic Number,The method contains a magic number: 11d,72
xp,com.enonic.wem.repo.internal.entity.query.aggregation,HistogramAggregationTest,order,Magic Number,The method contains a magic number: 20d,72
xp,com.enonic.wem.repo.internal.entity.query.aggregation,HistogramAggregationTest,order,Magic Number,The method contains a magic number: 10l,72
xp,com.enonic.wem.repo.internal.entity.query.aggregation,HistogramAggregationTest,order,Magic Number,The method contains a magic number: 20l,72
xp,com.enonic.wem.repo.internal.entity.query.aggregation,HistogramAggregationTest,order,Magic Number,The method contains a magic number: 2,72
xp,com.enonic.wem.repo.internal.entity.query.aggregation,ValueCountAggregationTest,terms_stats_aggregation,Long Statement,The length of the statement "final NodeQuery query=NodeQuery.create().addAggregationQuery(TermsAggregationQuery.create("category").fieldName("category").orderDirection(TermsAggregationQuery.Direction.ASC).orderType(TermsAggregationQuery.Type.TERM).addSubQuery(ValueCountAggregationQuery.create("subquery").fieldName("category").build()).build()).build();" is 325.,37
xp,com.enonic.wem.repo.internal.entity.query.aggregation,ValueCountAggregationTest,terms_stats_aggregation,Magic Number,The method contains a magic number: 4d,37
xp,com.enonic.wem.repo.internal.entity.query.aggregation,ValueCountAggregationTest,terms_stats_aggregation,Magic Number,The method contains a magic number: 2d,37
xp,com.enonic.wem.repo.internal.entity.query.aggregation,GeoDistanceAggregationTest,ranges,Long Statement,The length of the statement "final NodeQuery query=NodeQuery.create().addAggregationQuery(GeoDistanceAggregationQuery.create("myGeoDistance").fieldName("geoPoint").origin(OSLO).unit("km").addRange(DistanceRange.create().to(200.0).build()).addRange(DistanceRange.create().from(200.0).to(800.0).build()).addRange(DistanceRange.create().from(800.0).to(1600.0).build()).addRange(DistanceRange.create().from(1600.0).to(2400.0).build()).addRange(DistanceRange.create().from(2400.0).build()).build()).build();" is 473.,55
xp,com.enonic.wem.repo.internal.entity.query.aggregation,GeoDistanceAggregationTest,ranges,Magic Number,The method contains a magic number: 200.0,55
xp,com.enonic.wem.repo.internal.entity.query.aggregation,GeoDistanceAggregationTest,ranges,Magic Number,The method contains a magic number: 200.0,55
xp,com.enonic.wem.repo.internal.entity.query.aggregation,GeoDistanceAggregationTest,ranges,Magic Number,The method contains a magic number: 800.0,55
xp,com.enonic.wem.repo.internal.entity.query.aggregation,GeoDistanceAggregationTest,ranges,Magic Number,The method contains a magic number: 800.0,55
xp,com.enonic.wem.repo.internal.entity.query.aggregation,GeoDistanceAggregationTest,ranges,Magic Number,The method contains a magic number: 1600.0,55
xp,com.enonic.wem.repo.internal.entity.query.aggregation,GeoDistanceAggregationTest,ranges,Magic Number,The method contains a magic number: 1600.0,55
xp,com.enonic.wem.repo.internal.entity.query.aggregation,GeoDistanceAggregationTest,ranges,Magic Number,The method contains a magic number: 2400.0,55
xp,com.enonic.wem.repo.internal.entity.query.aggregation,GeoDistanceAggregationTest,ranges,Magic Number,The method contains a magic number: 2400.0,55
xp,com.enonic.wem.repo.internal.entity.query.aggregation,GeoDistanceAggregationTest,ranges,Magic Number,The method contains a magic number: 2,55
xp,com.enonic.wem.repo.internal.entity.query.aggregation,GeoDistanceAggregationTest,ranges,Magic Number,The method contains a magic number: 2,55
xp,com.enonic.wem.repo.internal.entity.query.aggregation,TermsAggregationsTest,order_doccount_desc,Long Statement,The length of the statement "final NodeQuery query=NodeQuery.create().addAggregationQuery(TermsAggregationQuery.create("category").fieldName("category").orderDirection(TermsAggregationQuery.Direction.DESC).orderType(TermsAggregationQuery.Type.DOC_COUNT).build()).build();" is 242.,35
xp,com.enonic.wem.repo.internal.entity.query.aggregation,TermsAggregationsTest,order_doccount_desc,Magic Number,The method contains a magic number: 3,35
xp,com.enonic.wem.repo.internal.entity.query.aggregation,TermsAggregationsTest,order_doccount_desc,Magic Number,The method contains a magic number: 3,35
xp,com.enonic.wem.repo.internal.entity.query.aggregation,TermsAggregationsTest,order_doccount_desc,Magic Number,The method contains a magic number: 2,35
xp,com.enonic.wem.repo.internal.entity.query.aggregation,TermsAggregationsTest,order_doccount_asc,Long Statement,The length of the statement "final NodeQuery query=NodeQuery.create().addAggregationQuery(TermsAggregationQuery.create("category").fieldName("category").orderDirection(TermsAggregationQuery.Direction.ASC).orderType(TermsAggregationQuery.Type.DOC_COUNT).build()).build();" is 241.,72
xp,com.enonic.wem.repo.internal.entity.query.aggregation,TermsAggregationsTest,order_doccount_asc,Magic Number,The method contains a magic number: 3,72
xp,com.enonic.wem.repo.internal.entity.query.aggregation,TermsAggregationsTest,order_doccount_asc,Magic Number,The method contains a magic number: 2,72
xp,com.enonic.wem.repo.internal.entity.query.aggregation,TermsAggregationsTest,order_doccount_asc,Magic Number,The method contains a magic number: 3,72
xp,com.enonic.wem.repo.internal.entity.query.aggregation,TermsAggregationsTest,size,Long Statement,The length of the statement "final NodeQuery query=NodeQuery.create().addAggregationQuery(TermsAggregationQuery.create("category").fieldName("category").orderDirection(TermsAggregationQuery.Direction.DESC).orderType(TermsAggregationQuery.Type.DOC_COUNT).size(2).build()).build();" is 250.,110
xp,com.enonic.wem.repo.internal.entity.query.aggregation,TermsAggregationsTest,size,Magic Number,The method contains a magic number: 2,110
xp,com.enonic.wem.repo.internal.entity.query.aggregation,TermsAggregationsTest,size,Magic Number,The method contains a magic number: 2,110
xp,com.enonic.wem.repo.internal.entity.query.aggregation,TermsAggregationsTest,size,Magic Number,The method contains a magic number: 3,110
xp,com.enonic.wem.repo.internal.entity.query.aggregation,TermsAggregationsTest,size,Magic Number,The method contains a magic number: 2,110
xp,com.enonic.wem.repo.internal.entity.query.aggregation,TermsAggregationsTest,order_by_term,Long Statement,The length of the statement "final NodeQuery query=NodeQuery.create().addAggregationQuery(TermsAggregationQuery.create("category").fieldName("category").orderDirection(TermsAggregationQuery.Direction.ASC).orderType(TermsAggregationQuery.Type.TERM).build()).build();" is 236.,144
xp,com.enonic.wem.repo.internal.entity.query.aggregation,TermsAggregationsTest,order_by_term,Magic Number,The method contains a magic number: 3,144
xp,com.enonic.wem.repo.internal.entity.query.aggregation,TermsAggregationsTest,order_by_term,Magic Number,The method contains a magic number: 2,144
xp,com.enonic.wem.repo.internal.entity.query.aggregation,TermsAggregationsTest,order_by_term,Magic Number,The method contains a magic number: 3,144
xp,com.enonic.wem.repo.internal.entity.query.aggregation,TermsAggregationsTest,nested_term_aggregation,Long Statement,The length of the statement "final NodeQuery query=NodeQuery.create().addAggregationQuery(TermsAggregationQuery.create("category").fieldName("category").orderDirection(TermsAggregationQuery.Direction.ASC).orderType(TermsAggregationQuery.Type.TERM).addSubQuery(TermsAggregationQuery.create("subquery").fieldName("other").orderDirection(TermsAggregationQuery.Direction.ASC).orderType(TermsAggregationQuery.Type.TERM).build()).build()).build();" is 412.,181
xp,com.enonic.wem.repo.internal.entity.query.aggregation,TermsAggregationsTest,nested_term_aggregation,Magic Number,The method contains a magic number: 2,181
xp,com.enonic.wem.repo.internal.entity.query.aggregation,TermsAggregationsTest,verifySubAggregation,Long Parameter List,The method has 5 parameters. ,223
xp,com.enonic.wem.repo.internal.entity.query.aggregation,TermsAggregationsTest,verifySubAggregation,Magic Number,The method contains a magic number: 3,223
xp,com.enonic.wem.repo.internal.entity.json,NodeJsonSerializerTest,serialize_deserialize,Long Statement,The length of the statement "final AccessControlEntry entry1=AccessControlEntry.create().principal(PrincipalKey.ofAnonymous()).allow(Permission.READ).deny(Permission.DELETE).build();" is 153.,44
xp,com.enonic.wem.repo.internal.entity.json,NodeJsonSerializerTest,serialize_deserialize,Long Statement,The length of the statement "final AccessControlEntry entry2=AccessControlEntry.create().principal(PrincipalKey.ofUser(UserStoreKey.system()`"user1")).allow(Permission.MODIFY).deny(Permission.PUBLISH).build();" is 180.,44
xp,com.enonic.wem.repo.internal.entity.json,NodeJsonSerializerTest,serialize_deserialize,Long Statement,The length of the statement "Node node=Node.newNode().id(NodeId.from("myId")).parentPath(NodePath.ROOT).name(NodeName.from("my-name")).indexConfigDocument(PatternIndexConfigDocument.create().analyzer("myAnalyzer").defaultConfig(IndexConfig.MINIMAL).add("myPath"`IndexConfig.FULLTEXT).build()).data(nodeData).childOrder(ChildOrder.create().add(FieldOrderExpr.create(IndexPath.from("modifiedTime")`OrderExpr.Direction.ASC)).add(FieldOrderExpr.create(IndexPath.from("displayName")`OrderExpr.Direction.DESC)).build()).permissions(acl).nodeType(NodeType.from("myNodeType")).attachedBinaries(AttachedBinaries.create().add(new AttachedBinary(BinaryReference.from("myImage1")`new BlobKey("a"))).add(new AttachedBinary(BinaryReference.from("myImage2")`new BlobKey("b"))).build()).build();" is 750.,44
xp,com.enonic.wem.repo.internal.entity.json,NodeJsonSerializerTest,serialize_deserialize,Magic Number,The method contains a magic number: 2.0,44
xp,com.enonic.wem.repo.internal.entity.json,NodeJsonSerializerTest,serialize_deserialize,Magic Number,The method contains a magic number: 2013,44
xp,com.enonic.wem.repo.internal.entity.json,NodeJsonSerializerTest,serialize_deserialize,Magic Number,The method contains a magic number: 2,44
xp,com.enonic.wem.repo.internal.entity.json,NodeJsonSerializerTest,serialize_deserialize,Magic Number,The method contains a magic number: 2013,44
xp,com.enonic.wem.repo.internal.entity.json,NodeJsonSerializerTest,serialize_deserialize,Magic Number,The method contains a magic number: 2,44
xp,com.enonic.wem.repo.internal.entity.json,NodeJsonSerializerTest,serialize_deserialize,Magic Number,The method contains a magic number: 3,44
xp,com.enonic.wem.repo.internal.entity.json,NodeJsonSerializerTest,serialize_deserialize,Magic Number,The method contains a magic number: 4,44
xp,com.enonic.wem.repo.internal.entity.json,NodeJsonSerializerTest,serialize_deserialize,Magic Number,The method contains a magic number: 5,44
xp,com.enonic.wem.repo.internal.entity.json,IndexConfigDocumentJson,fromJson,Long Statement,The length of the statement "final PatternIndexConfigDocument.Builder builder=PatternIndexConfigDocument.create().analyzer(this.analyzer).defaultConfig(this.defaultConfig.fromJson());" is 154.,21
xp,com.enonic.wem.repo.internal.entity.json,IndexConfigJson,fromJson,Long Statement,The length of the statement "return IndexConfig.create().decideByType(this.decideByType).enabled(this.enabled).nGram(this.nGram).fulltext(this.fulltext).includeInAllText(this.includeInAllText).build();" is 172.,24
xp,com.enonic.wem.repo.internal.entity.json,NodeJson,fromJson,Long Statement,The length of the statement "return Node.newNode().id(NodeId.from(this.id)).data(PropertyTreeJson.fromJson(this.data)).indexConfigDocument(this.indexConfigDocument.fromJson()).childOrder(ChildOrder.from(this.childOrder)).manualOrderValue(this.manualOrderValue).permissions(fromJson(this.permissions)).inheritPermissions(this.inheritPermissions).nodeType(NodeType.from(this.nodeType)).attachedBinaries(fromNodeAttachedBinaryJsonList(attachedBinaries)).timestamp(this.timestamp).build();" is 456.,54
xp,com.enonic.wem.repo.internal.index.query,IndexQueryFieldNameResolver,appendIndexValueType,Long Statement,The length of the statement "return baseFieldName + (Strings.isNullOrEmpty(indexValueType.getPostfix()) ? "" : IndexValueType.INDEX_VALUE_TYPE_SEPARATOR + indexValueType.getPostfix());" is 155.,94
xp,com.enonic.wem.repo.internal.index.query,QueryResultFactory,create,Long Statement,The length of the statement "final NodeQueryResult.Builder builder=NodeQueryResult.create().hits(results.getSize()).totalHits(results.getTotalHits()).maxScore(results.getMaxScore());" is 153.,9
xp,com.enonic.wem.repo.internal.elasticsearch.aggregation,TermsAggregationFactory,create,Long Statement,The length of the statement "return BucketAggregation.bucketAggregation(termsAggregation.getName()).buckets(createBuckets(termsAggregation.getBuckets())).build();" is 133.,14
xp,com.enonic.wem.repo.internal.elasticsearch.aggregation,DateHistogramAggregationFactory,create,Long Statement,The length of the statement "return BucketAggregation.bucketAggregation(dateHistogram.getName()).buckets(createBuckets(dateHistogram.getBuckets())).build();" is 127.,14
xp,com.enonic.wem.repo.internal.elasticsearch.aggregation,DateHistogramAggregationFactory,createBuckets,Long Statement,The length of the statement "final DateHistogramBucket.Builder builder=DateHistogramBucket.create().key(bucket.getKey()).docCount(bucket.getDocCount()).keyAsInstant(bucket.getKeyAsDate() != null ? bucket.getKeyAsDate().toDate().toInstant() : null);" is 219.,21
xp,com.enonic.wem.repo.internal.elasticsearch.aggregation,GeoDistanceAggregationFactory,create,Long Statement,The length of the statement "return BucketAggregation.bucketAggregation(geoDistance.getName()).buckets(createBuckets(geoDistance.getBuckets())).build();" is 123.,14
xp,com.enonic.wem.repo.internal.elasticsearch.aggregation,GeoDistanceAggregationFactory,createBuckets,Long Statement,The length of the statement "final GeoDistanceRangeBucket.Builder builder=GeoDistanceRangeBucket.create().from(bucket.getFrom()).to(bucket.getTo()).key(bucket.getKey()).docCount(bucket.getDocCount());" is 171.,21
xp,com.enonic.wem.repo.internal.elasticsearch.aggregation,AggregationsFactory,doCreate,Complex Method,Cyclomatic complexity of the method is 13,29
xp,com.enonic.wem.repo.internal.elasticsearch.aggregation,AggregationsFactory,doCreate,Long Statement,The length of the statement "throw new IllegalArgumentException("Aggregation translator for " + aggregation.getClass().getName() + " not implemented");" is 122.,29
xp,com.enonic.wem.repo.internal.elasticsearch.aggregation,DateRangeAggregationFactory,create,Long Statement,The length of the statement "return BucketAggregation.bucketAggregation(dateRangeAggregation.getName()).buckets(createBuckets(dateRangeAggregation.getBuckets())).build();" is 141.,14
xp,com.enonic.wem.repo.internal.elasticsearch.aggregation,DateRangeAggregationFactory,createBuckets,Long Statement,The length of the statement "final DateRangeBucket.Builder builder=DateRangeBucket.create().key(bucket.getKey()).docCount(bucket.getDocCount()).from(bucket.getFromAsDate() != null ? bucket.getFromAsDate().toDate().toInstant() : null).to(bucket.getToAsDate() != null ? bucket.getToAsDate().toDate().toInstant() : null);" is 289.,21
xp,com.enonic.wem.repo.internal.elasticsearch.aggregation,StatsAggregationFactory,create,Long Statement,The length of the statement "return StatsAggregation.create(stats.getName()).avg(stats.getAvg()).count(stats.getCount()).max(stats.getMax()).min(stats.getMin()).sum(stats.getSum()).build();" is 160.,11
xp,com.enonic.wem.repo.internal.elasticsearch.aggregation,NumericRangeAggregationFactory,create,Long Statement,The length of the statement "return BucketAggregation.bucketAggregation(rangeAggregtaion.getName()).buckets(createBuckets(rangeAggregtaion.getBuckets())).build();" is 133.,14
xp,com.enonic.wem.repo.internal.elasticsearch.aggregation,NumericRangeAggregationFactory,createBuckets,Long Statement,The length of the statement "final NumericRangeBucket.Builder builder=NumericRangeBucket.create().from(bucket.getFrom()).to(bucket.getTo()).key(bucket.getKey()).docCount(bucket.getDocCount());" is 163.,21
xp,com.enonic.wem.repo.internal.elasticsearch.aggregation.query,ValueCountAggregationQueryBuilderFactory,create,Long Statement,The length of the statement "return new ValueCountBuilder(valueCountAggregationQuery.getName()).field(IndexQueryFieldNameResolver.resolveStringFieldName(valueCountAggregationQuery.getFieldName()));" is 168.,11
xp,com.enonic.wem.repo.internal.elasticsearch.aggregation.query,DateHistogramAggregationQueryFactory,create,Long Statement,The length of the statement "final DateHistogramBuilder builder=new DateHistogramBuilder(aggregationQuery.getName()).interval(new DateHistogram.Interval(aggregationQuery.getInterval())).field(IndexQueryFieldNameResolver.resolveDateTimeFieldName(aggregationQuery.getFieldName()));" is 250.,12
xp,com.enonic.wem.repo.internal.elasticsearch.aggregation.query,GeoDistanceAggregationQueryBuilderFactory,create,Long Statement,The length of the statement "final GeoDistanceBuilder geoDistanceBuilder=new GeoDistanceBuilder(query.getName()).field(fieldName).lat(query.getOrigin().getLatitude()).lon(query.getOrigin().getLongitude());" is 176.,15
xp,com.enonic.wem.repo.internal.elasticsearch.aggregation.query,RangeAggregationQueryBuilderFactory,create,Long Statement,The length of the statement "throw new UnsupportedOperationException("Range aggreagations of type " + aggregationQuery.getClass().getName() + " not implemented");" is 133.,12
xp,com.enonic.wem.repo.internal.elasticsearch.aggregation.query,HistogramAggregationQueryBuilderFactory,create,Long Statement,The length of the statement "throw new IllegalArgumentException("Unknow histogramAggregationQuery type: " + histogramAggregationQuery.getClass().getName());" is 127.,11
xp,com.enonic.wem.repo.internal.elasticsearch.aggregation.query,AggregationQueryBuilderFactory,handleSubAggregations,Long Statement,The length of the statement "final Set<AbstractAggregationBuilder> subAggregations=doCreate(((BucketAggregationQuery)aggregationQuery).getSubQueries());" is 123.,62
xp,com.enonic.wem.repo.internal.elasticsearch.aggregation.query,MinAggregationQueryBuilderFactory,create,Long Statement,The length of the statement "return new MinBuilder(aggregationQuery.getName()).field(IndexQueryFieldNameResolver.resolveNumericFieldName(aggregationQuery.getFieldName()));" is 142.,11
xp,com.enonic.wem.repo.internal.elasticsearch.aggregation.query,StatsAggregationQueryBuilderFactory,create,Long Statement,The length of the statement "return new StatsBuilder(statsAggregationQuery.getName()).field(IndexQueryFieldNameResolver.resolveNumericFieldName(statsAggregationQuery.getFieldName()));" is 154.,11
xp,com.enonic.wem.repo.internal.elasticsearch.aggregation.query,MaxAggregationQueryBuilderFactory,create,Long Statement,The length of the statement "return new MaxBuilder(aggregationQuery.getName()).field(IndexQueryFieldNameResolver.resolveNumericFieldName(aggregationQuery.getFieldName()));" is 142.,11
xp,com.enonic.wem.repo.internal.elasticsearch.aggregation.query,NumericHistogramAggregationQueryBuilderFactory,create,Long Statement,The length of the statement "final HistogramBuilder builder=new HistogramBuilder(aggregationQuery.getName()).interval(aggregationQuery.getInterval()).field(IndexQueryFieldNameResolver.resolveNumericFieldName(aggregationQuery.getFieldName()));" is 213.,13
xp,com.enonic.wem.repo.internal.elasticsearch.aggregation.query,TermsAggregationQueryBuilderFactory,create,Long Statement,The length of the statement "final TermsBuilder termsBuilder=new TermsBuilder(aggregationQuery.getName()).minDocCount(0).field(fieldName).size(aggregationQuery.getSize());" is 142.,12
xp,com.enonic.wem.repo.internal.elasticsearch.function,FunctionQueryBuilderException,createMessage,Long Statement,The length of the statement "builder.append("Illegal argument '").append(illegalValue).append("' in function '").append(functionName).append("'` positon ").append(position);" is 144.,23
xp,com.enonic.wem.repo.internal.elasticsearch.function,AbstractFunctionArguments,verifyNumberOfArguments,Complex Conditional,The conditional expression arguments == null || arguments.size() < getMinArguments() || arguments.size() > getMaxArguments() is complex.,15
xp,com.enonic.wem.repo.internal.elasticsearch.function,AbstractFunctionArguments,verifyNumberOfArguments,Long Statement,The length of the statement "throw new FunctionQueryBuilderException("Wrong number of arguments (" + (arguments == null ? "0" : arguments.size()) + ") for function '"+ getFunctionName()+ "' (expected "+ getMinArguments()+ " to "+ getMaxArguments()+ ")");" is 225.,15
xp,com.enonic.wem.repo.internal.elasticsearch.version,NodeVersionDiffCommand,execute,Long Statement,The length of the statement "final BoolQueryBuilder sourceTargetCompares=joinOnlyInQueries(inSourceOnly`inTargetOnly`deletedInSourceOnly`deletedInTargetOnly);" is 129.,38
xp,com.enonic.wem.repo.internal.elasticsearch.version,NodeVersionDiffCommand,execute,Long Statement,The length of the statement "final ElasticsearchQuery esQuery=ElasticsearchQuery.create().index(IndexNameResolver.resolveStorageIndexName(this.repositoryId)).indexType(IndexType.VERSION.getName()).query(query).setReturnFields(ReturnFields.from(VersionIndexPath.NODE_ID`VersionIndexPath.VERSION_ID`VersionIndexPath.TIMESTAMP)).size(this.query.getSize()).from(this.query.getFrom()).build();" is 359.,38
xp,com.enonic.wem.repo.internal.elasticsearch.version,NodeVersionDiffCommand,deletedOnlyQuery,Long Statement,The length of the statement "return new BoolQueryBuilder().must(deletedInBranch(indexType`sourceBranch)).mustNot(deletedInBranch(indexType`targetBranch));" is 125.,79
xp,com.enonic.wem.repo.internal.elasticsearch.version,NodeVersionDiffCommand,joinOnlyInQueries,Long Statement,The length of the statement "return new BoolQueryBuilder().should(inSourceOnly).should(inTargetOnly).should(deletedInSourceOnly).should(deletedInTargetOnly);" is 128.,104
xp,com.enonic.wem.repo.internal.elasticsearch.version,NodeVersionDiffCommand,hasPath,Long Statement,The length of the statement "return new HasChildQueryBuilder(indexType`new WildcardQueryBuilder(BranchIndexPath.PATH.getPath()`this.query.getNodePath().toString() + "*"));" is 142.,114
xp,com.enonic.wem.repo.internal.elasticsearch.version,NodeVersionDiffCommand,deletedInBranch,Long Statement,The length of the statement "return new HasChildQueryBuilder(indexType`new BoolQueryBuilder().must(isDeleted()).must(new TermQueryBuilder(BranchIndexPath.BRANCH_NAME.toString()`sourceBranch.getName())));" is 174.,120
xp,com.enonic.wem.repo.internal.elasticsearch.version,ElasticsearchVersionService,store,Long Statement,The length of the statement "final IndexRequest versionsDocument=Requests.indexRequest().index(IndexNameResolver.resolveStorageIndexName(repositoryId)).type(IndexType.VERSION.getName()).source(VersionXContentBuilderFactory.create(nodeVersionDocument)).id(new NodeVersionDocumentId(nodeVersionDocument.getNodeId()`nodeVersionDocument.getNodeVersionId()).toString()).refresh(DEFAULT_REFRESH);" is 361.,31
xp,com.enonic.wem.repo.internal.elasticsearch.version,ElasticsearchVersionService,getVersion,Long Statement,The length of the statement "return GetVersionCommand.create().elasticsearchDao(this.elasticsearchDao).repositoryId(repositoryId).nodeVersionId(nodeVersionId).build().execute();" is 148.,44
xp,com.enonic.wem.repo.internal.elasticsearch.version,ElasticsearchVersionService,findVersions,Long Statement,The length of the statement "return FindVersionsCommand.create().elasticsearchDao(this.elasticsearchDao).repositoryId(repositoryId).query(query).build().execute();" is 134.,55
xp,com.enonic.wem.repo.internal.elasticsearch.version,ElasticsearchVersionService,diff,Long Statement,The length of the statement "return NodeVersionDiffCommand.create().elasticsearchDao(this.elasticsearchDao).repositoryId(repositoryId).query(query).build().execute();" is 137.,66
xp,com.enonic.wem.repo.internal.elasticsearch.version,GetVersionCommand,doGetFromVersionIdNew,Long Statement,The length of the statement "final TermQueryBuilder blobKeyQuery=new TermQueryBuilder(VersionIndexPath.VERSION_ID.getPath()`nodeVersionId.toString());" is 121.,43
xp,com.enonic.wem.repo.internal.elasticsearch.version,GetVersionCommand,doGetFromVersionIdNew,Long Statement,The length of the statement "final ElasticsearchQuery query=ElasticsearchQuery.create().index(IndexNameResolver.resolveStorageIndexName(repositoryId)).indexType(IndexType.VERSION.getName()).query(blobKeyQuery).from(0).size(1).addSortBuilder(new FieldSortBuilder(VersionIndexPath.TIMESTAMP.getPath()).order(SortOrder.DESC)).setReturnFields(ReturnFields.from(VersionIndexPath.VERSION_ID`VersionIndexPath.TIMESTAMP)).build();" is 393.,43
xp,com.enonic.wem.repo.internal.elasticsearch.version,FindVersionsCommand,execute,Long Identifier,The length of the identifier findEntityVersionResultBuilder is 30.,20
xp,com.enonic.wem.repo.internal.elasticsearch.version,AbstractVersionsCommand,doGetFromNodeId,Long Statement,The length of the statement "final ElasticsearchQuery query=ElasticsearchQuery.create().index(IndexNameResolver.resolveStorageIndexName(repositoryId)).indexType(IndexType.VERSION.getName()).query(nodeIdQuery).from(from).size(size).addSortBuilder(new FieldSortBuilder(VersionIndexPath.TIMESTAMP.getPath()).order(SortOrder.DESC)).setReturnFields(ReturnFields.from(VersionIndexPath.TIMESTAMP`VersionIndexPath.VERSION_ID`VersionIndexPath.NODE_ID)).build();" is 423.,37
xp,com.enonic.wem.repo.internal.elasticsearch.snapshot,ElasticsearchSnapshotService,doRestore,Long Statement,The length of the statement "return buildRestoreFailedResult(restoreParams`"Failed to restore snapshot: Snapshot with name '" + restoreParams.getSnapshotName() + "' is not valid");" is 151.,48
xp,com.enonic.wem.repo.internal.elasticsearch.snapshot,ElasticsearchSnapshotService,doRestore,Long Statement,The length of the statement "return buildRestoreFailedResult(restoreParams`"Failed to restore snapshot: Snapshot with name '" + restoreParams.getSnapshotName() + "' not found");" is 148.,48
xp,com.enonic.wem.repo.internal.elasticsearch.snapshot,ElasticsearchSnapshotService,buildRestoreFailedResult,Long Statement,The length of the statement "return RestoreResult.create().repositoryId(restoreParams.getRepositoryId()).name(restoreParams.getSnapshotName()).message(message).failed(true).build();" is 152.,76
xp,com.enonic.wem.repo.internal.elasticsearch.result,SearchResultEntriesFactory,create,Long Statement,The length of the statement "final SearchResultEntries.Builder builder=SearchResultEntries.create().totalHits(searchHits.getTotalHits()).maxScore(searchHits.maxScore());" is 140.,12
xp,com.enonic.wem.repo.internal.elasticsearch.result,SearchResultEntriesFactory,create,Long Statement,The length of the statement "final SearchResultEntry resultEntry=SearchResultEntry.create().id(hit.id()).score(hit.score()).version(hit.version()).setFields(SearchResultFieldsFactory.create(hit)).build();" is 175.,12
xp,com.enonic.wem.repo.internal.elasticsearch.result,SearchResultEntriesFactory,create,Long Statement,The length of the statement "return SearchResultEntry.create().id(getResponse.getId()).setFields(SearchResultFieldsFactory.create(getResponse)).build();" is 123.,33
xp,com.enonic.wem.repo.internal.elasticsearch.result,SearchResultFactory,create,Long Statement,The length of the statement "return SearchResult.create().results(SearchResultEntriesFactory.create(searchResponse.getHits())).aggregations(AggregationsFactory.create(searchResponse.getAggregations())).build();" is 181.,10
xp,com.enonic.wem.repo.internal.entity.dao,NodeDaoImpl,doStoreNodeAsBlob,Long Statement,The length of the statement "try (final ByteArrayInputStream byteArrayInputStream=new ByteArrayInputStream(serializedNode.getBytes(StandardCharsets.UTF_8))){" is 128.,50
xp,com.enonic.wem.repo.internal.entity.dao,NodeDaoImpl,populateWithMetaData,Long Statement,The length of the statement "final NodeBranchVersion nodeBranchVersion=this.branchService.get(node.id()`BranchContext.from(ContextAccessor.current()));" is 122.,124
xp,com.enonic.wem.repo.internal.entity.dao,NodeDaoImpl,populateWithMetaData,Long Statement,The length of the statement "return Node.newNode(node).parentPath(parentPath).name(nodeName).nodeState(nodeBranchVersion.getNodeState()).timestamp(nodeBranchVersion.getTimestamp()).build();" is 160.,124
xp,com.enonic.wem.repo.internal.repository,RepositoryInitializer,doInitializeRepo,Long Statement,The length of the statement "indexServiceInternal.applyMapping(storageIndexName`IndexType.BRANCH`RepositoryIndexMappingProvider.getBranchMapping(repositoryId));" is 131.,42
xp,com.enonic.wem.repo.internal.repository,RepositoryInitializer,doInitializeRepo,Long Statement,The length of the statement "indexServiceInternal.applyMapping(storageIndexName`IndexType.VERSION`RepositoryIndexMappingProvider.getVersionMapping(repositoryId));" is 133.,42
xp,com.enonic.wem.repo.internal.repository,RepositoryInitializer,doInitializeRepo,Long Statement,The length of the statement "indexServiceInternal.applyMapping(searchIndexName`IndexType.SEARCH`RepositoryIndexMappingProvider.getSearchMappings(repositoryId));" is 131.,42
xp,com.enonic.wem.repo.internal.branch,BranchContext,hashCode,Magic Number,The method contains a magic number: 31,66
xp,com.enonic.wem.repo.internal.blob.file,FileBlobStore,getBlobFile,Magic Number,The method contains a magic number: 2,128
xp,com.enonic.wem.repo.internal.blob.file,FileBlobStore,getBlobFile,Magic Number,The method contains a magic number: 2,128
xp,com.enonic.wem.repo.internal.blob.file,FileBlobStore,getBlobFile,Magic Number,The method contains a magic number: 4,128
xp,com.enonic.wem.repo.internal.blob.file,FileBlobStore,getBlobFile,Magic Number,The method contains a magic number: 4,128
xp,com.enonic.wem.repo.internal.blob.file,FileBlobStore,getBlobFile,Magic Number,The method contains a magic number: 6,128
xp,com.enonic.xp.portal.impl.resource.service,ServiceResourceTest,executeScript,Magic Number,The method contains a magic number: 200,38
xp,com.enonic.xp.portal.impl.resource.asset,AssetResourceTest,getAssetResource_found,Magic Number,The method contains a magic number: 200,21
xp,com.enonic.xp.portal.impl.resource.asset,AssetResourceTest,getAssetResource_moduleNotFound,Magic Number,The method contains a magic number: 404,35
xp,com.enonic.xp.portal.impl.resource.asset,AssetResourceTest,getAssetResource_fileNotFound,Magic Number,The method contains a magic number: 404,46
xp,com.enonic.xp.portal.impl.resource.asset,AssetResourceTest,methodNotAllowed,Magic Number,The method contains a magic number: 405,59
xp,com.enonic.xp.portal.impl.resource.asset,AssetResource,setCacheHeaders,Magic Number,The method contains a magic number: 10,56
xp,com.enonic.xp.portal.impl.resource.render,RenderBaseResourceTest,setupContentAndSite,Long Statement,The length of the statement "Mockito.when(this.contentService.getNearestSite(Mockito.isA(ContentId.class))).thenReturn(createSite("id"`"site"`"mymodule:contenttypename"));" is 142.,58
xp,com.enonic.xp.portal.impl.resource.render,RenderBaseResourceTest,setupNonPageContent,Long Statement,The length of the statement "Mockito.when(this.contentService.getByPath(ContentPath.from("site/somepath/content").asAbsolute())).thenReturn(createPage("id"`"site/somepath/content"`"mymodule:ctype"`false));" is 176.,73
xp,com.enonic.xp.portal.impl.resource.render,RenderBaseResourceTest,setupNonPageContent,Long Statement,The length of the statement "Mockito.when(this.contentService.getNearestSite(Mockito.isA(ContentId.class))).thenReturn(createSite("id"`"site"`"mymodule:contenttypename"));" is 142.,73
xp,com.enonic.xp.portal.impl.resource.render,RenderBaseResourceTest,setupTemplates,Long Statement,The length of the statement "Mockito.when(this.pageTemplateService.getByKey(Mockito.eq(PageTemplateKey.from("my-page")))).thenReturn(createPageTemplate());" is 126.,83
xp,com.enonic.xp.portal.impl.resource.render,RenderBaseResourceTest,createPage,Long Statement,The length of the statement "final Content.Builder content=Content.newContent().id(ContentId.from(id)).path(ContentPath.from(path)).owner(PrincipalKey.from("user:myStore:me")).displayName("My Content").modifier(PrincipalKey.from("user:system:admin")).type(ContentTypeName.from(contentTypeName));" is 266.,93
xp,com.enonic.xp.portal.impl.resource.render,RenderBaseResourceTest,createPage,Long Statement,The length of the statement "PageRegions pageRegions=PageRegions.newPageRegions().add(Region.newRegion().name("main-region").add(PartComponent.newPartComponent().name(ComponentName.from("mypart")).build()).build()).build();" is 194.,93
xp,com.enonic.xp.portal.impl.resource.render,RenderBaseResourceTest,createSite,Long Statement,The length of the statement "return Site.newSite().id(ContentId.from(id)).path(ContentPath.from(path)).owner(PrincipalKey.from("user:myStore:me")).displayName("My Content").modifier(PrincipalKey.from("user:system:admin")).type(ContentTypeName.from(contentTypeName)).page(page).build();" is 256.,125
xp,com.enonic.xp.portal.impl.resource.render,RenderBaseResourceTest,createPageTemplate,Long Statement,The length of the statement "PageRegions pageRegions=PageRegions.newPageRegions().add(Region.newRegion().name("main-region").add(PartComponent.newPartComponent().name(ComponentName.from("mypart")).build()).build()).build();" is 194.,146
xp,com.enonic.xp.portal.impl.resource.render,RenderBaseResourceTest,createPageTemplate,Long Statement,The length of the statement "final PageTemplate.Builder builder=PageTemplate.newPageTemplate().key(PageTemplateKey.from("abc")).canRender(ContentTypeNames.from("mymodule:article"`"mymodule:banner")).regions(pageRegions).config(pageTemplateConfig);" is 218.,146
xp,com.enonic.xp.portal.impl.resource.render,RenderBaseResourceTest,createPageTemplate,Magic Number,The method contains a magic number: 10000L,146
xp,com.enonic.xp.portal.impl.resource.render,RenderBaseResourceTest,createDescriptor,Long Statement,The length of the statement "final String xml="<?xml version=\"1.0\"?>\n" + "<page-component>\n" + " <display-name>Landing page</display-name>\n"+ " <config/>\n"+ "</page-component>";" is 154.,174
xp,com.enonic.xp.portal.impl.resource.render,EffectivePageResolverTest,before,Long Statement,The length of the statement "regionsA=PageRegions.newPageRegions().add(Region.newRegion().name("regionA").add(PartComponent.newPartComponent().name("my-part").build()).build()).build();" is 156.,29
xp,com.enonic.xp.portal.impl.resource.render,EffectivePageResolverTest,before,Long Statement,The length of the statement "regionsB=PageRegions.newPageRegions().add(Region.newRegion().name("regionB").add(PartComponent.newPartComponent().name("my-part").build()).build()).build();" is 156.,29
xp,com.enonic.xp.portal.impl.resource.render,EffectivePageResolverTest,given_Content_without_Page_then_effective_Page_is_same_as_in_Template,Long Statement,The length of the statement "PageTemplate template=PageTemplate.newPageTemplate().key(PageTemplateKey.from("t-1")).parentPath(ContentPath.ROOT).name("my-template").page(Page.newPage().controller(DescriptorKey.from("my-descriptor")).config(configA).regions(regionsA).build()).build();" is 254.,51
xp,com.enonic.xp.portal.impl.resource.render,EffectivePageResolverTest,given_Content_with_Page_without_regions_then_effective_Page_gets_regions_from_Template,Long Statement,The length of the statement "PageTemplate template=PageTemplate.newPageTemplate().key(PageTemplateKey.from("t-1")).parentPath(ContentPath.ROOT).name("my-template").page(Page.newPage().controller(DescriptorKey.from("my-descriptor")).config(configA).regions(regionsA).build()).build();" is 254.,81
xp,com.enonic.xp.portal.impl.resource.render,EffectivePageResolverTest,given_Content_with_Page_without_regions_then_effective_Page_gets_regions_from_Template,Long Statement,The length of the statement "Content content=Content.newContent().parentPath(ContentPath.ROOT).name("my-content").page(Page.newPage().template(template.getKey()).config(configB).build()).build();" is 166.,81
xp,com.enonic.xp.portal.impl.resource.render,EffectivePageResolverTest,given_Content_with_Page_without_config_then_effective_Page_gets_config_from_Template,Long Statement,The length of the statement "PageTemplate template=PageTemplate.newPageTemplate().key(PageTemplateKey.from("t-1")).parentPath(ContentPath.ROOT).name("my-template").page(Page.newPage().controller(DescriptorKey.from("my-descriptor")).config(configA).regions(regionsA).build()).build();" is 254.,115
xp,com.enonic.xp.portal.impl.resource.render,EffectivePageResolverTest,given_Content_with_Page_without_config_then_effective_Page_gets_config_from_Template,Long Statement,The length of the statement "Content content=Content.newContent().parentPath(ContentPath.ROOT).name("my-content").page(Page.newPage().template(template.getKey()).regions(regionsB).build()).build();" is 168.,115
xp,com.enonic.xp.portal.impl.resource.render,PageResourceTest,getContentFound,Long Statement,The length of the statement "final RenderResult result=RenderResult.newRenderResult().entity("content rendered").header("some-heaer"`"some-value").status(200).build();" is 138.,38
xp,com.enonic.xp.portal.impl.resource.render,PageResourceTest,getContentFound,Magic Number,The method contains a magic number: 200,38
xp,com.enonic.xp.portal.impl.resource.render,PageResourceTest,getContentFound,Magic Number,The method contains a magic number: 200,38
xp,com.enonic.xp.portal.impl.resource.render,PageResourceTest,getContentNotFound,Magic Number,The method contains a magic number: 404,63
xp,com.enonic.xp.portal.impl.resource.render,PageResourceTest,getContentWithTemplateNotFound,Magic Number,The method contains a magic number: 404,75
xp,com.enonic.xp.portal.impl.resource.render,PageResourceTest,renderForNoPageDescriptor,Long Statement,The length of the statement "final RenderResult result=RenderResult.newRenderResult().entity("content rendered").header("some-heaer"`"some-value").status(200).build();" is 138.,87
xp,com.enonic.xp.portal.impl.resource.render,PageResourceTest,renderForNoPageDescriptor,Magic Number,The method contains a magic number: 200,87
xp,com.enonic.xp.portal.impl.resource.render,PageResourceTest,renderForNoPageDescriptor,Magic Number,The method contains a magic number: 200,87
xp,com.enonic.xp.portal.impl.resource.render,ComponentResourceTest,getComponentFound,Long Statement,The length of the statement "final RenderResult result=RenderResult.newRenderResult().entity("component rendered").header("some-heaer"`"some-value").status(200).build();" is 140.,36
xp,com.enonic.xp.portal.impl.resource.render,ComponentResourceTest,getComponentFound,Magic Number,The method contains a magic number: 200,36
xp,com.enonic.xp.portal.impl.resource.render,ComponentResourceTest,getComponentFound,Magic Number,The method contains a magic number: 200,36
xp,com.enonic.xp.portal.impl.resource.render,ComponentResourceTest,getComponentPageNotFound,Magic Number,The method contains a magic number: 404,61
xp,com.enonic.xp.portal.impl.resource.render,ComponentResourceTest,getComponentNotFound,Magic Number,The method contains a magic number: 404,73
xp,com.enonic.xp.portal.impl.resource.render,RenderResource,getDefaultPageTemplate,Long Statement,The length of the statement "return this.services.getPageTemplateService().getDefault(GetDefaultPageTemplateParams.create().site(site.getId()).contentType(contentType).build());" is 148.,80
xp,com.enonic.xp.portal.impl.resource.attachment,AttachmentResourceTest,setupMedia,Long Statement,The length of the statement "Mockito.when(this.contentService.getBinary(Mockito.isA(ContentId.class)`Mockito.isA(BinaryReference.class))).thenReturn(ByteSource.wrap(imageData));" is 148.,39
xp,com.enonic.xp.portal.impl.resource.attachment,AttachmentResourceTest,createMedia,Long Statement,The length of the statement "return Media.create().id(ContentId.from(id)).path(contentPath).createdTime(Instant.now()).type(ContentTypeName.imageMedia()).owner(PrincipalKey.from("user:myStore:me")).displayName("My Content").modifiedTime(Instant.now()).modifier(PrincipalKey.from("user:system:admin")).data(data).attachments(Attachments.from(attachments)).build();" is 334.,59
xp,com.enonic.xp.portal.impl.resource.attachment,AttachmentResourceTest,handleInline,Magic Number,The method contains a magic number: 200,78
xp,com.enonic.xp.portal.impl.resource.attachment,AttachmentResourceTest,handleDownload,Magic Number,The method contains a magic number: 200,92
xp,com.enonic.xp.portal.impl.resource.attachment,AttachmentResourceTest,testIdNotFound,Magic Number,The method contains a magic number: 404,106
xp,com.enonic.xp.portal.impl.resource.attachment,AttachmentResourceTest,testNameNotFound,Magic Number,The method contains a magic number: 404,118
xp,com.enonic.xp.portal.impl.resource.error,ErrorResourceTest,error_noMesage,Magic Number,The method contains a magic number: 500,20
xp,com.enonic.xp.portal.impl.resource.error,ErrorResourceTest,error_withMesage,Magic Number,The method contains a magic number: 404,31
xp,com.enonic.xp.portal.impl.resource.image,ImageByNameResourceTest,getImageFound,Magic Number,The method contains a magic number: 200,13
xp,com.enonic.xp.portal.impl.resource.image,ImageByNameResourceTest,getImageNotFound,Magic Number,The method contains a magic number: 404,26
xp,com.enonic.xp.portal.impl.resource.image,ImageByNameResourceTest,getImageWithFilter,Magic Number,The method contains a magic number: 200,37
xp,com.enonic.xp.portal.impl.resource.image,ImageByIdResourceTest,getImageFound,Magic Number,The method contains a magic number: 200,13
xp,com.enonic.xp.portal.impl.resource.image,ImageByIdResourceTest,getImageNotFound,Magic Number,The method contains a magic number: 404,26
xp,com.enonic.xp.portal.impl.resource.image,ImageByIdResourceTest,getImageWithFilter,Magic Number,The method contains a magic number: 200,37
xp,com.enonic.xp.portal.impl.resource.image,ImageBaseResourceTest,setupContent,Long Statement,The length of the statement "final Attachment attachment=Attachment.newAttachment().name("enonic-logo.png").mimeType("image/png").label("small").build();" is 124.,43
xp,com.enonic.xp.portal.impl.resource.image,ImageBaseResourceTest,setupContent,Long Statement,The length of the statement "Mockito.when(this.contentService.getBinary(Mockito.isA(ContentId.class)`Mockito.isA(BinaryReference.class))).thenReturn(ByteSource.wrap(imageData));" is 148.,43
xp,com.enonic.xp.portal.impl.resource.image,ImageBaseResourceTest,setupContent,Long Statement,The length of the statement "Mockito.when(this.imageFilterBuilder.build(Mockito.isA(BuilderContext.class)`Mockito.isA(String.class))).thenReturn(getImageFilterBuilder());" is 141.,43
xp,com.enonic.xp.portal.impl.resource.image,ImageBaseResourceTest,createContent,Long Statement,The length of the statement "return Media.create().id(ContentId.from(id)).path(contentPath).createdTime(Instant.now()).type(ContentTypeName.imageMedia()).owner(PrincipalKey.from("user:myStore:me")).displayName("My Content").modifiedTime(Instant.now()).modifier(PrincipalKey.from("user:system:admin")).data(data).attachments(Attachments.from(attachments)).build();" is 334.,70
xp,com.enonic.xp.portal.impl.resource.image,ImageHandleResource,getImageQuality,Magic Number,The method contains a magic number: 100,95
xp,com.enonic.xp.portal.impl.resource.image,ImageHandleResource,getBackgroundColor,Magic Number,The method contains a magic number: 2,100
xp,com.enonic.xp.portal.impl.resource.image,ImageHandleResource,getBackgroundColor,Magic Number,The method contains a magic number: 16,100
xp,com.enonic.xp.portal.impl.resource.image,ImageResource,getMimeType,Long Statement,The length of the statement "return contentName.toString().equals(fileName) ? attachment.getMimeType() : MediaTypes.instance().fromFile(fileName).toString();" is 128.,80
xp,com.enonic.xp.portal.impl.controller,PortalResponseSerializerTest,testObjectResult,Magic Number,The method contains a magic number: 11,81
xp,com.enonic.xp.portal.impl.controller,ControllerScriptFactoryImpl,ControllerScriptFactoryImpl,Magic Number,The method contains a magic number: 100,26
xp,com.enonic.xp.portal.impl.controller,PortalResponseSerializer,serialize,Long Statement,The length of the statement "return RenderResult.newRenderResult().status(this.from.getStatus()).type(this.from.getContentType()).headers(this.from.getHeaders()).header(HttpHeaders.CONTENT_TYPE`this.from.getContentType()).entity(serializeBody()).build();" is 225.,20
xp,com.enonic.xp.portal.impl.url,PortalUrlServiceImpl_imageUrlTest,createUrl_allOptions,Long Statement,The length of the statement "final ImageUrlParams params=new ImageUrlParams().quality(90).background("00ff00").filter("scale(10`10)").format("jpg").context(this.context);" is 141.,42
xp,com.enonic.xp.portal.impl.url,PortalUrlServiceImpl_imageUrlTest,createUrl_allOptions,Long Statement,The length of the statement "assertEquals("/portal/draft/a/b/mycontent/_/image/123456/mycontent.jpg?filter=scale%2810%2C10%29&background=00ff00&quality=90"`url);" is 132.,42
xp,com.enonic.xp.portal.impl.url,PortalUrlServiceImpl_imageUrlTest,createUrl_allOptions,Magic Number,The method contains a magic number: 90,42
xp,com.enonic.xp.portal.impl.url,PortalUrlServiceImpl_imageUrlTest,createUrl_withId_notFound,Long Statement,The length of the statement "assertEquals("/portal/draft/context/path/_/error/404?message=Content+with+id+%5B123456%5D+was+not+found+in+branch+%5Bdraft%5D"`url);" is 132.,85
xp,com.enonic.xp.portal.impl.url,PortalUrlServiceImpl_imageUrlTest,createContentNotFound,Long Statement,The length of the statement "Mockito.when(this.contentService.getByPath(content.getPath())).thenThrow(new ContentNotFoundException(content.getPath()`Branch.from("draft")));" is 143.,106
xp,com.enonic.xp.portal.impl.url,PortalUrlServiceImpl_imageUrlTest,createContentNotFound,Long Statement,The length of the statement "Mockito.when(this.contentService.getById(content.getId())).thenThrow(new ContentNotFoundException(content.getId()`Branch.from("draft")));" is 137.,106
xp,com.enonic.xp.portal.impl.url,PortalUrlServiceImpl_attachmentUrlTest,createUrl_withoutNameAndLabel,Magic Number,The method contains a magic number: 3,17
xp,com.enonic.xp.portal.impl.url,PortalUrlServiceImpl_attachmentUrlTest,createUrl_withPath,Long Statement,The length of the statement "final AttachmentUrlParams params=new AttachmentUrlParams().path("/a/b/mycontent").name("myfile.pdf").context(this.context);" is 123.,83
xp,com.enonic.xp.portal.impl.url,PortalUrlServiceImpl_componentUrlTest,createUrl_toMeAndContextIsPage,Magic Number,The method contains a magic number: 3,17
xp,com.enonic.xp.portal.impl.url,PortalUrlServiceImpl_pageUrlTest,createUrl_toMe,Magic Number,The method contains a magic number: 3,17
xp,com.enonic.xp.portal.impl.url,PortalUrlServiceImpl_pageUrlTest,createUrl_withRelativePath,Magic Number,The method contains a magic number: 3,28
xp,com.enonic.xp.portal.impl.url,PortalUrlServiceImpl_pageUrlTest,createUrl_withId_notFound,Long Statement,The length of the statement "Mockito.when(this.contentService.getById(content.getId())).thenThrow(new ContentNotFoundException(content.getId()`Branch.from("draft")));" is 137.,80
xp,com.enonic.xp.portal.impl.url,PortalUrlServiceImpl_pageUrlTest,createUrl_withId_notFound,Long Statement,The length of the statement "assertEquals("/portal/draft/context/path/_/error/404?message=Content+with+id+%5B123456%5D+was+not+found+in+branch+%5Bdraft%5D"`url);" is 132.,80
xp,com.enonic.xp.portal.impl.url,PortalUrlServiceImpl_serviceUrlTest,createUrl,Magic Number,The method contains a magic number: 3,12
xp,com.enonic.xp.portal.impl.url,PageUrlBuilder,resolvePath,Long Statement,The length of the statement "return new ContentPathResolver().context(this.context).contentService(this.contentService).id(this.params.getId()).path(this.params.getPath()).resolve();" is 153.,19
xp,com.enonic.xp.portal.impl.url,PortalUrlBuilder,buildErrorUrl,Magic Number,The method contains a magic number: 404,132
xp,com.enonic.xp.portal.impl.url,PortalUrlBuilder,buildErrorUrl,Magic Number,The method contains a magic number: 500,132
xp,com.enonic.xp.portal.impl.url,ImageUrlBuilder,resolveId,Long Statement,The length of the statement "return new ContentIdResolver().context(this.context).contentService(this.contentService).id(this.params.getId()).path(this.params.getPath()).resolve();" is 151.,54
xp,com.enonic.xp.portal.impl.url,ComponentUrlBuilder,resolvePath,Long Statement,The length of the statement "return new ContentPathResolver().context(this.context).contentService(this.contentService).id(this.params.getId()).path(this.params.getPath()).resolve();" is 153.,29
xp,com.enonic.xp.portal.impl.url,AttachmentUrlBuilder,resolveId,Long Statement,The length of the statement "return new ContentIdResolver().context(this.context).contentService(this.contentService).id(this.params.getId()).path(this.params.getPath()).resolve();" is 151.,41
xp,com.enonic.xp.portal.impl,ContentFixtures,newPropertyTree,Magic Number,The method contains a magic number: 2L,54
xp,com.enonic.xp.portal.impl,ContentFixtures,newSite,Long Statement,The length of the statement "final ModuleConfig moduleConfig=ModuleConfig.newModuleConfig().module(ModuleKey.from("mymodule")).config(moduleConfigConfig).build();" is 133.,135
xp,com.enonic.xp.portal.impl,ContentFixtures,newSite,Magic Number,The method contains a magic number: 42l,135
xp,com.enonic.xp.portal.impl,ContentFixtures,newPageDescriptor,Long Statement,The length of the statement "return PageDescriptor.newPageDescriptor().displayName("Landing page").config(pageForm).regions(newRegionDescriptors().add(newRegionDescriptor().name("header").build()).add(newRegionDescriptor().name("main").build()).add(newRegionDescriptor().name("footer").build()).build()).key(DescriptorKey.from("mymodule:landing-page")).build();" is 332.,153
xp,com.enonic.xp.portal.impl,PortalHandler,PortalHandler,Magic Number,The method contains a magic number: 30,17
xp,com.enonic.xp.portal.impl.postprocess.injection,LiveEditInjectionTest,mockCurrentContextHttpRequest,Magic Number,The method contains a magic number: 80,73
xp,com.enonic.xp.portal.impl.postprocess,PostProcessEvaluator,handleText,Long Parameter List,The method has 5 parameters. ,72
xp,com.enonic.xp.portal.impl.postprocess,PostProcessEvaluator,handleStructure,Long Parameter List,The method has 5 parameters. ,79
xp,com.enonic.xp.portal.impl.postprocess,PostProcessEvaluator,handleComment,Long Parameter List,The method has 7 parameters. ,96
xp,com.enonic.xp.portal.impl.postprocess,PostProcessEvaluator,handleStandaloneElement,Long Parameter List,The method has 7 parameters. ,141
xp,com.enonic.xp.portal.impl.postprocess,PostProcessEvaluator,handleOpenElement,Long Parameter List,The method has 7 parameters. ,149
xp,com.enonic.xp.portal.impl.postprocess,PostProcessEvaluator,handleCloseElement,Long Parameter List,The method has 7 parameters. ,167
xp,com.enonic.xp.portal.impl.postprocess.instruction,ComponentInstructionTest,createPageTemplate,Long Statement,The length of the statement "return PageTemplate.newPageTemplate().key(PageTemplateKey.from("my-page")).controller(DescriptorKey.from("mymodule:mypagetemplate")).name("my-page-template").parentPath(ContentPath.ROOT).build();" is 195.,92
xp,com.enonic.xp.portal.impl.postprocess.instruction,ComponentInstructionTest,createPage,Long Statement,The length of the statement "Region region=newRegion().name("myRegion").add(newPartComponent().name("myPartComponent").descriptor(DescriptorKey.from("mymodule:myparttemplate")).build()).build();" is 165.,110
xp,com.enonic.xp.portal.impl.postprocess.instruction,ComponentInstructionTest,createPage,Long Statement,The length of the statement "return Content.newContent().id(ContentId.from(id)).path(ContentPath.from(name)).owner(PrincipalKey.from("user:myStore:me")).displayName("My Content").modifier(PrincipalKey.from("user:system:admin")).type(ContentTypeName.from(contentTypeName)).page(page).build();" is 262.,110
xp,com.enonic.xp.portal.impl.postprocess.instruction,ComponentInstructionTest,createSite,Long Statement,The length of the statement "return Site.newSite().id(ContentId.from(id)).path(ContentPath.from(name)).owner(PrincipalKey.from("user:myStore:me")).displayName("My Content").modifier(PrincipalKey.from("user:system:admin")).type(ContentTypeName.from(contentTypeName)).page(page).build();" is 256.,140
xp,com.enonic.xp.portal.impl.postprocess.instruction,ComponentInstruction,evaluate,Magic Number,The method contains a magic number: 2,49
xp,com.enonic.xp.portal.impl.rendering,PageRenderer,renderForNoPageDescriptor,Long Statement,The length of the statement "String html="<html>" + "<head>" + "<meta charset=\"utf-8\"/>"+ "<title>" + content.getDisplayName() + "</title>"+ "</head>";" is 124.,50
xp,com.enonic.xp.portal.impl.rendering,PageRenderer,renderForNoPageDescriptor,Magic Number,The method contains a magic number: 200,50
xp,com.enonic.xp.portal.impl.rendering,TextRenderer,render,Missing default,The following switch statement is missing a default case: !org.eclipse.jdt.core.dom.SwitchStatement@21ac3690,37
xp,com.enonic.xp.portal.impl.rendering,TextRenderer,renderEmptyTextComponent,Long Identifier,The length of the field EMPTY_COMPONENT_EDIT_MODE_HTML is 30.,70
xp,com.enonic.xp.portal.impl.rendering,TextRenderer,renderEmptyTextComponent,Long Identifier,The length of the field EMPTY_COMPONENT_PREVIEW_MODE_HTML is 33.,70
xp,com.enonic.xp.portal.impl.rendering,DescriptorBasedComponentRenderer,renderEmptyComponent,Missing default,The following switch statement is missing a default case: !org.eclipse.jdt.core.dom.SwitchStatement@5669fef7,56
xp,com.enonic.xp.portal.impl.rendering,DescriptorBasedComponentRenderer,renderEmptyComponentEditMode,Long Identifier,The length of the field EMPTY_COMPONENT_EDIT_MODE_HTML is 30.,75
xp,com.enonic.xp.portal.impl.rendering,DescriptorBasedComponentRenderer,renderEmptyComponentPreviewMode,Long Identifier,The length of the field EMPTY_COMPONENT_PREVIEW_MODE_HTML is 33.,85
xp,com.enonic.xp.portal.impl.rendering,LiveEditAttributeInjection,injectLiveEditAttribute,Complex Conditional,The conditional expression ch == '>' || ch == '/' || Character.isWhitespace(ch) is complex.,12
xp,com.enonic.xp.portal.impl.rendering,LiveEditAttributeInjection,injectLiveEditAttribute,Complex Method,Cyclomatic complexity of the method is 8,12
xp,com.enonic.xp.portal.impl.rendering,LiveEditAttributeInjection,injectLiveEditAttribute,Long Statement,The length of the statement "final String liveEditAttribute=" " + RenderingConstants.PORTAL_COMPONENT_ATTRIBUTE + "=\""+ componentType.toString()+ "\"";" is 123.,12
xp,com.enonic.xp.portal.impl.rendering,LiveEditAttributeInjection,skipXmlDeclaration,Complex Conditional,The conditional expression ch != '<' || (p < responseHtml.length() && responseHtml.charAt(p) != '?') is complex.,60
xp,com.enonic.xp.portal.impl.rendering,LiveEditAttributeInjection,skipDocTypeOrComment,Complex Conditional,The conditional expression ch != '<' || (p < responseHtml.length() && responseHtml.charAt(p) != '!') is complex.,82
xp,com.enonic.xp.portal.impl.exception,ExceptionInfo,shouldLogAsError,Magic Number,The method contains a magic number: 500,24
xp,com.enonic.xp.portal.impl.exception,ExceptionInfo,shouldLogAsError,Magic Number,The method contains a magic number: 600,24
xp,com.enonic.xp.portal.impl.exception,ExceptionInfo,shouldLogAsError,Magic Number,The method contains a magic number: 400,24
xp,com.enonic.xp.portal.impl.exception,ExceptionInfo,toResponse,Long Statement,The length of the statement "final ErrorPageBuilder builder=new ErrorPageBuilder().cause(this.cause).description(getDescription()).status(this.status).title(getReasonPhrase());" is 147.,72
xp,com.enonic.xp.core.impl.relationship,RelationshipJsonSerializerTest,serialize_relationship,Long Statement,The length of the statement "Relationship relationship=Relationship.newRelationship().fromContent(ContentId.from("111")).toContent(ContentId.from("222")).type(RelationshipTypeName.PARENT).createdTime(NOW).creator(PrincipalKey.from("user:system:admin")).build();" is 232.,48
xp,com.enonic.xp.core.impl.relationship,RelationshipJsonSerializerTest,serialize_relationship_with_managingData,Long Statement,The length of the statement "Relationship relationship=Relationship.newRelationship().fromContent(ContentId.from("111")).toContent(ContentId.from("222")).type(RelationshipTypeName.PARENT).managed(PropertyPath.from("mySet.myData")).createdTime(NOW).creator(PrincipalKey.from("user:system:admin")).build();" is 275.,77
xp,com.enonic.xp.core.impl.relationship,RelationshipJsonSerializerTest,serialize_relationship_with_properties,Long Statement,The length of the statement "Relationship relationship=Relationship.newRelationship().fromContent(ContentId.from("111")).toContent(ContentId.from("222")).type(RelationshipTypeName.PARENT).property("stars"`"4").property("stripes"`"3").createdTime(NOW).creator(PrincipalKey.from("user:system:admin")).modifiedTime(NOW).modifier(PrincipalKey.from("user:system:admin")).build();" is 345.,107
xp,com.enonic.xp.core.impl.relationship,RelationshipJsonSerializerTest,serialize_relationship_with_properties,Long Statement,The length of the statement "RelationshipJsonSerializer serializer=new RelationshipJsonSerializer().includeCreator(true).includeCreatedTime(true).includeModifier(true).includeModifiedTime(true);" is 165.,107
xp,com.enonic.xp.core.impl.relationship,RelationshipJsonSerializerTest,parse_relationship,Long Statement,The length of the statement "Relationship toSerialize=Relationship.newRelationship().fromContent(ContentId.from("111")).toContent(ContentId.from("222")).type(RelationshipTypeName.PARENT).managed(PropertyPath.from("mySet.myData")).property("stars"`"4").property("stripes"`"3").createdTime(NOW).creator(PrincipalKey.from("user:system:admin")).modifiedTime(NOW).modifier(PrincipalKey.from("user:system:admin")).build();" is 387.,145
xp,com.enonic.xp.core.impl.relationship,RelationshipJsonSerializerTest,parse_relationship,Long Statement,The length of the statement "RelationshipJsonSerializer serializer=new RelationshipJsonSerializer().includeCreator(true).includeCreatedTime(true).includeModifier(true).includeModifiedTime(true);" is 165.,145
xp,com.enonic.xp.core.impl.relationship,RelationshipJsonSerializer,parse,Complex Method,Cyclomatic complexity of the method is 8,115
xp,com.enonic.xp.web.impl,WebHandlerRegistryTest,testOrder,Magic Number,The method contains a magic number: 10,39
xp,com.enonic.xp.core.impl.security,SecurityServiceImplTest,setUp,Long Statement,The length of the statement "final CreateUserStoreParams createParams=CreateUserStoreParams.create().key(UserStoreKey.system()).displayName(SecurityInitializer.SYSTEM_USER_STORE_DISPLAY_NAME).build();" is 171.,83
xp,com.enonic.xp.core.impl.security,SecurityServiceImplTest,createRepository,Long Statement,The length of the statement "final CreateRootNodeParams createRoot=CreateRootNodeParams.create().permissions(AccessControlList.of(AccessControlEntry.create().principal(RoleKeys.ADMIN).allowAll().build()`AccessControlEntry.create().principal(RoleKeys.AUTHENTICATED).allow(Permission.READ).build())).build();" is 277.,136
xp,com.enonic.xp.core.impl.security,SecurityServiceImplTest,testCreateUser,Long Statement,The length of the statement "final CreateUserParams createUser1=CreateUserParams.create().userKey(userKey1).displayName("User 1").email("user1@enonic.com").login("user1").password("123456").build();" is 169.,152
xp,com.enonic.xp.core.impl.security,SecurityServiceImplTest,testCreateUser,Long Statement,The length of the statement "final CreateUserParams createUser2=CreateUserParams.create().userKey(userKey2).displayName("User 2").email("user2@enonic.com").login("user2").build();" is 150.,152
xp,com.enonic.xp.core.impl.security,SecurityServiceImplTest,testUpdateUser,Long Statement,The length of the statement "final CreateUserParams createUser=CreateUserParams.create().userKey(PrincipalKey.ofUser(SYSTEM`"user1")).displayName("User 1").email("user1@enonic.com").login("user1").build();" is 176.,197
xp,com.enonic.xp.core.impl.security,SecurityServiceImplTest,testUpdateGroup,Long Statement,The length of the statement "final CreateGroupParams createGroup=CreateGroupParams.create().groupKey(PrincipalKey.ofGroup(SYSTEM`"group-a")).displayName("Group A").build();" is 143.,261
xp,com.enonic.xp.core.impl.security,SecurityServiceImplTest,testUpdateRole,Long Statement,The length of the statement "final CreateRoleParams createRole=CreateRoleParams.create().roleKey(PrincipalKey.ofRole("role-a")).displayName("Role A").build();" is 129.,317
xp,com.enonic.xp.core.impl.security,SecurityServiceImplTest,testAddRelationship,Long Statement,The length of the statement "final CreateUserParams createUser1=CreateUserParams.create().userKey(userKey1).displayName("User 1").email("user1@enonic.com").login("user1").password("123456").build();" is 169.,341
xp,com.enonic.xp.core.impl.security,SecurityServiceImplTest,testAddRelationship,Long Statement,The length of the statement "final CreateUserParams createUser2=CreateUserParams.create().userKey(userKey2).displayName("User 2").email("user2@enonic.com").login("user2").build();" is 150.,341
xp,com.enonic.xp.core.impl.security,SecurityServiceImplTest,testAddRelationship,Magic Number,The method contains a magic number: 2,341
xp,com.enonic.xp.core.impl.security,SecurityServiceImplTest,testRemoveRelationship,Long Statement,The length of the statement "final CreateUserParams createUser1=CreateUserParams.create().userKey(userKey1).displayName("User 1").email("user1@enonic.com").login("user1").password("123456").build();" is 169.,389
xp,com.enonic.xp.core.impl.security,SecurityServiceImplTest,testRemoveRelationship,Long Statement,The length of the statement "final CreateUserParams createUser2=CreateUserParams.create().userKey(userKey2).displayName("User 2").email("user2@enonic.com").login("user2").build();" is 150.,389
xp,com.enonic.xp.core.impl.security,SecurityServiceImplTest,testRemoveAllRelationships,Long Statement,The length of the statement "final CreateUserParams createUser1=CreateUserParams.create().userKey(userKey1).displayName("User 1").email("user1@enonic.com").login("user1").password("123456").build();" is 169.,439
xp,com.enonic.xp.core.impl.security,SecurityServiceImplTest,testRemoveAllRelationships,Long Statement,The length of the statement "final CreateUserParams createUser2=CreateUserParams.create().userKey(userKey2).displayName("User 2").email("user2@enonic.com").login("user2").build();" is 150.,439
xp,com.enonic.xp.core.impl.security,SecurityServiceImplTest,testAuthenticateByEmailPwd,Long Statement,The length of the statement "final CreateUserParams createUser=CreateUserParams.create().userKey(PrincipalKey.ofUser(SYSTEM`"user1")).displayName("User 1").email("user1@enonic.com").login("user1").password("password").build();" is 197.,488
xp,com.enonic.xp.core.impl.security,SecurityServiceImplTest,testAuthenticateByEmailPwdWrongPwd,Long Statement,The length of the statement "final CreateUserParams createUser=CreateUserParams.create().userKey(PrincipalKey.ofUser(SYSTEM`"user1")).displayName("User 1").email("user1@enonic.com").login("user1").password("fisk").build();" is 193.,515
xp,com.enonic.xp.core.impl.security,SecurityServiceImplTest,testAuthenticateByUsernamePwd,Long Statement,The length of the statement "final CreateUserParams createUser=CreateUserParams.create().userKey(PrincipalKey.ofUser(SYSTEM`"user1")).displayName("User 1").email("user1@enonic.com").login("user1").password("runar").build();" is 194.,541
xp,com.enonic.xp.core.impl.security,SecurityServiceImplTest,testAuthenticateUnsupportedToken,Long Statement,The length of the statement "final CreateUserParams createUser=CreateUserParams.create().userKey(PrincipalKey.ofUser(SYSTEM`"user1")).displayName("User 1").email("user1@enonic.com").login("user1").build();" is 176.,568
xp,com.enonic.xp.core.impl.security,SecurityServiceImplTest,testGetUserMemberships,Long Statement,The length of the statement "final CreateUserParams createUser=CreateUserParams.create().userKey(userKey).displayName("User 1").email("user1@enonic.com").login("user1").password("123456").build();" is 167.,591
xp,com.enonic.xp.core.impl.security,SecurityServiceImplTest,testGetUserMemberships,Magic Number,The method contains a magic number: 2,591
xp,com.enonic.xp.core.impl.security,SecurityServiceImplTest,testCreateUserStore,Long Statement,The length of the statement "final UserStoreAccessControlList permissions=UserStoreAccessControlList.of(UserStoreAccessControlEntry.create().principal(userKey).access(CREATE_USERS).build()`UserStoreAccessControlEntry.create().principal(groupKey1).access(ADMINISTRATOR).build()`UserStoreAccessControlEntry.create().principal(groupKey2).access(WRITE_USERS).build());" is 335.,633
xp,com.enonic.xp.core.impl.security,SecurityServiceImplTest,testCreateUserStore,Long Statement,The length of the statement "final CreateUserStoreParams createUserStore=CreateUserStoreParams.create().key(new UserStoreKey("enonic")).displayName("Enonic User Store").permissions(permissions).build();" is 173.,633
xp,com.enonic.xp.core.impl.security,SecurityServiceImplTest,testUpdateUserStore,Long Statement,The length of the statement "final UserStoreAccessControlList permissions=UserStoreAccessControlList.of(UserStoreAccessControlEntry.create().principal(userKey).access(CREATE_USERS).build()`UserStoreAccessControlEntry.create().principal(groupKey1).access(ADMINISTRATOR).build()`UserStoreAccessControlEntry.create().principal(groupKey2).access(WRITE_USERS).build());" is 335.,665
xp,com.enonic.xp.core.impl.security,SecurityServiceImplTest,testUpdateUserStore,Long Statement,The length of the statement "final CreateUserStoreParams createUserStore=CreateUserStoreParams.create().key(new UserStoreKey("enonic")).displayName("Enonic User Store").permissions(permissions).build();" is 173.,665
xp,com.enonic.xp.core.impl.security,SecurityServiceImplTest,testUpdateUserStore,Long Statement,The length of the statement "final UserStoreAccessControlList updatePermissions=UserStoreAccessControlList.of(UserStoreAccessControlEntry.create().principal(userKey).access(CREATE_USERS).build()`UserStoreAccessControlEntry.create().principal(groupKey1).access(ADMINISTRATOR).build());" is 255.,665
xp,com.enonic.xp.core.impl.security,SecurityServiceImplTest,testUpdateUserStore,Long Statement,The length of the statement "final UpdateUserStoreParams updateUserStore=UpdateUserStoreParams.create().key(new UserStoreKey("enonic")).displayName("Enonic User Store updated").permissions(updatePermissions).build();" is 187.,665
xp,com.enonic.xp.core.impl.security,SecurityServiceImplTest,setPassword,Long Statement,The length of the statement "final CreateUserParams createUser1=CreateUserParams.create().userKey(userKey1).displayName("User 1").email("user1@enonic.com").login("user1").password("fisk").build();" is 167.,711
xp,com.enonic.xp.core.impl.security,SecurityServiceImplTest,adminCtx,Long Statement,The length of the statement "return ContextBuilder.create().authInfo(authInfo).repositoryId(SystemConstants.SYSTEM_REPO.getId()).branch(SystemConstants.BRANCH_SECURITY).build();" is 148.,753
xp,com.enonic.xp.core.impl.security,UserNodeTranslatorTest,toCreateNode,Long Statement,The length of the statement "final User user=User.create().displayName("displayname").email("rmy@enonic.com").login("login").authenticationHash("password").key(PrincipalKey.ofUser(UserStoreKey.system()`"rmy")).modifiedTime(Instant.now(clock)).build();" is 222.,29
xp,com.enonic.xp.core.impl.security,UserNodeTranslatorTest,toCreateNode,Magic Number,The method contains a magic number: 6,29
xp,com.enonic.xp.core.impl.security,UserNodeTranslatorTest,toUser,Long Statement,The length of the statement "final Node node=Node.newNode().id(NodeId.from("id")).name(PrincipalKeyNodeTranslator.toNodeName(userKey)).data(rootDataSet).build();" is 132.,55
xp,com.enonic.xp.core.impl.security,PrincipalKeyNodeTranslatorTest,toNodeName,Long Statement,The length of the statement "User user=User.create().key(principalKey).email("rmy@enonic.com").login("rmy").displayName("Runar Myklebust").modifiedTime(Instant.now(clock)).build();" is 151.,27
xp,com.enonic.xp.core.impl.security,GroupNodeTranslatorTest,toCreateNode,Long Statement,The length of the statement "final Group group=Group.create().displayName("My Group").key(PrincipalKey.ofGroup(UserStoreKey.system()`"group-a")).modifiedTime(Instant.now(clock)).build();" is 157.,29
xp,com.enonic.xp.core.impl.security,GroupNodeTranslatorTest,toCreateNode,Magic Number,The method contains a magic number: 3,29
xp,com.enonic.xp.core.impl.security,GroupNodeTranslatorTest,toGroup,Long Statement,The length of the statement "final Node node=Node.newNode().id(NodeId.from("id")).name(PrincipalKeyNodeTranslator.toNodeName(groupKey)).data(rootDataSet).build();" is 133.,52
xp,com.enonic.xp.core.impl.security,PrincipalIndexConfigFactory,create,Long Statement,The length of the statement "return PatternIndexConfigDocument.create().analyzer(ContentConstants.CONTENT_DEFAULT_ANALYZER).add(PrincipalPropertyNames.DISPLAY_NAME_KEY`IndexConfig.FULLTEXT).add(PrincipalPropertyNames.PRINCIPAL_TYPE_KEY`IndexConfig.MINIMAL).add(PrincipalPropertyNames.USER_STORE_KEY`IndexConfig.MINIMAL).add(PrincipalPropertyNames.EMAIL_KEY`IndexConfig.FULLTEXT).add(PrincipalPropertyNames.LOGIN_KEY`IndexConfig.MINIMAL).add(PrincipalPropertyNames.PRINCIPAL_KEY`IndexConfig.MINIMAL).add(PrincipalPropertyNames.MEMBER_KEY`IndexConfig.MINIMAL).add(PrincipalPropertyNames.AUTHENTICATION_HASH_KEY`IndexConfig.NONE).defaultConfig(IndexConfig.MINIMAL).build();" is 641.,10
xp,com.enonic.xp.core.impl.security,PBKDF2Encoder,validate,Long Statement,The length of the statement "final byte[] generatedHash=encodePassword(key.toCharArray()`HexEncoder.fromHex(authenticationHash.salt)`LENGTH`ITERATIONS);" is 123.,44
xp,com.enonic.xp.core.impl.security,PBKDF2Encoder,encodePassword,Magic Number,The method contains a magic number: 8,73
xp,com.enonic.xp.core.impl.security,PBKDF2Encoder,createSalt,Magic Number,The method contains a magic number: 20,87
xp,com.enonic.xp.core.impl.security,PBKDF2Encoder,from,Magic Number,The method contains a magic number: 3,112
xp,com.enonic.xp.core.impl.security,PBKDF2Encoder,from,Magic Number,The method contains a magic number: 2,112
xp,com.enonic.xp.core.impl.security,AuthenticationHash,from,Magic Number,The method contains a magic number: 3,112
xp,com.enonic.xp.core.impl.security,AuthenticationHash,from,Magic Number,The method contains a magic number: 2,112
xp,com.enonic.xp.core.impl.security,UserStoreNodeTranslator,fromNodes,Long Statement,The length of the statement "final UserStore[] userStores=nodes.stream().map(UserStoreNodeTranslator::createUserStoreFromNode).filter(Objects::nonNull).toArray(UserStore[]::new);" is 149.,77
xp,com.enonic.xp.core.impl.security,UserStoreNodeTranslator,userStorePermissionsFromNode,Complex Conditional,The conditional expression userStorePermissions.isAllowedFor(principal`READ`CREATE`MODIFY`DELETE`PUBLISH`READ_PERMISSIONS`WRITE_PERMISSIONS) && usersPermissions.isAllowedFor(principal`READ`CREATE`MODIFY`DELETE`PUBLISH`READ_PERMISSIONS`WRITE_PERMISSIONS) && groupsPermissions.isAllowedFor(principal`READ`CREATE`MODIFY`DELETE`PUBLISH`READ_PERMISSIONS`WRITE_PERMISSIONS) is complex.,91
xp,com.enonic.xp.core.impl.security,UserStoreNodeTranslator,userStorePermissionsFromNode,Long Statement,The length of the statement "final PrincipalKeys principals=PrincipalKeys.from(userStorePermissions.getAllPrincipals()`usersPermissions.getAllPrincipals()`groupsPermissions.getAllPrincipals());" is 164.,91
xp,com.enonic.xp.core.impl.security,UserStoreNodeTranslator,userStorePermissionsFromNode,Long Statement,The length of the statement "if (userStorePermissions.isAllowedFor(principal`READ`CREATE`MODIFY`DELETE`PUBLISH`READ_PERMISSIONS`WRITE_PERMISSIONS) && usersPermissions.isAllowedFor(principal`READ`CREATE`MODIFY`DELETE`PUBLISH`READ_PERMISSIONS`WRITE_PERMISSIONS) && groupsPermissions.isAllowedFor(principal`READ`CREATE`MODIFY`DELETE`PUBLISH`READ_PERMISSIONS`WRITE_PERMISSIONS)) {" is 347.,91
xp,com.enonic.xp.core.impl.security,UserStoreNodeTranslator,userStorePermissionsFromNode,Long Statement,The length of the statement "final UserStoreAccessControlEntry access=UserStoreAccessControlEntry.create().principal(principal).access(ADMINISTRATOR).build();" is 129.,91
xp,com.enonic.xp.core.impl.security,UserStoreNodeTranslator,userStorePermissionsFromNode,Long Statement,The length of the statement "else if (usersPermissions.isAllowedFor(principal`READ`CREATE`MODIFY`DELETE) && groupsPermissions.isAllowedFor(principal`READ`CREATE`MODIFY`DELETE)) {" is 149.,91
xp,com.enonic.xp.core.impl.security,UserStoreNodeTranslator,userStorePermissionsFromNode,Long Statement,The length of the statement "final UserStoreAccessControlEntry access=UserStoreAccessControlEntry.create().principal(principal).access(USER_STORE_MANAGER).build();" is 134.,91
xp,com.enonic.xp.core.impl.security,UserStoreNodeTranslator,userStorePermissionsFromNode,Long Statement,The length of the statement "final UserStoreAccessControlEntry access=UserStoreAccessControlEntry.create().principal(principal).access(WRITE_USERS).build();" is 127.,91
xp,com.enonic.xp.core.impl.security,UserStoreNodeTranslator,userStorePermissionsFromNode,Long Statement,The length of the statement "final UserStoreAccessControlEntry access=UserStoreAccessControlEntry.create().principal(principal).access(CREATE_USERS).build();" is 128.,91
xp,com.enonic.xp.core.impl.security,UserStoreNodeTranslator,userStorePermissionsFromNode,Long Statement,The length of the statement "final UserStoreAccessControlEntry access=UserStoreAccessControlEntry.create().principal(principal).access(UserStoreAccess.READ).build();" is 136.,91
xp,com.enonic.xp.core.impl.security,UserStoreNodeTranslator,userStorePermissionsToUserStoreNodePermissions,Long Statement,The length of the statement "final AccessControlEntry ace=AccessControlEntry.create().principal(entry.getPrincipal()).allow(READ`CREATE`MODIFY`DELETE`PUBLISH`READ_PERMISSIONS`WRITE_PERMISSIONS).build();" is 173.,142
xp,com.enonic.xp.core.impl.security,UserStoreNodeTranslator,userStorePermissionsToUsersNodePermissions,Long Statement,The length of the statement "ace=AccessControlEntry.create().principal(entry.getPrincipal()).allow(READ`CREATE`MODIFY`DELETE`PUBLISH`READ_PERMISSIONS`WRITE_PERMISSIONS).build();" is 148.,157
xp,com.enonic.xp.core.impl.security,UserStoreNodeTranslator,userStorePermissionsToGroupsNodePermissions,Long Statement,The length of the statement "ace=AccessControlEntry.create().principal(entry.getPrincipal()).allow(READ`CREATE`MODIFY`DELETE`PUBLISH`READ_PERMISSIONS`WRITE_PERMISSIONS).build();" is 148.,195
xp,com.enonic.xp.core.impl.security,UserStoreNodeTranslator,createUserStoreFromNode,Long Statement,The length of the statement "return UserStore.newUserStore().displayName(nodeAsSet.getString(UserStorePropertyNames.DISPLAY_NAME_KEY)).key(UserStoreNodeTranslator.toKey(node)).build();" is 155.,229
xp,com.enonic.xp.core.impl.security,PrincipalNodeTranslator,doCreatePrincipalFromNode,Missing default,The following switch statement is missing a default case: !org.eclipse.jdt.core.dom.SwitchStatement@12f61aa8,64
xp,com.enonic.xp.core.impl.security,PrincipalNodeTranslator,toCreateNodeParams,Long Statement,The length of the statement "final CreateNodeParams.Builder builder=CreateNodeParams.create().name(PrincipalKeyNodeTranslator.toNodeName(principal.getKey()).toString()).parent(principal.getKey().toPath().getParentPath()).setNodeId(NodeId.from(principal.getKey())).inheritPermissions(true).indexConfigDocument(PrincipalIndexConfigFactory.create());" is 318.,87
xp,com.enonic.xp.core.impl.security,PrincipalNodeTranslator,addRelationshipToUpdateNodeParams,Long Statement,The length of the statement "final boolean relationshipInList=nodeData.getProperties(PrincipalPropertyNames.MEMBER_KEY).stream().map(Property::getValue).map(Value::asString).anyMatch(relationshipToKey::equals);" is 181.,136
xp,com.enonic.xp.core.impl.security,PrincipalNodeTranslator,removeRelationshipToUpdateNodeParams,Long Statement,The length of the statement "final List<Value> updatedMembers=nodeData.getProperties(PrincipalPropertyNames.MEMBER_KEY).stream().map(Property::getValue).filter((val) -> !relationshipToKey.equals(val.asString())).collect(Collectors.toList());" is 212.,158
xp,com.enonic.xp.core.impl.security,PrincipalNodeTranslator,createUserFromNode,Long Statement,The length of the statement "return User.create().email(nodeAsTree.getString(PrincipalPropertyNames.EMAIL_KEY)).login(nodeAsTree.getString(PrincipalPropertyNames.LOGIN_KEY)).key(PrincipalKeyNodeTranslator.toKey(node)).displayName(nodeAsTree.getString(PrincipalPropertyNames.DISPLAY_NAME_KEY)).authenticationHash(nodeAsTree.getString(PrincipalPropertyNames.AUTHENTICATION_HASH_KEY)).build();" is 361.,220
xp,com.enonic.xp.core.impl.security,PrincipalNodeTranslator,createGroupFromNode,Long Statement,The length of the statement "return Group.create().key(PrincipalKeyNodeTranslator.toKey(node)).displayName(nodeAsTree.getString(PrincipalPropertyNames.DISPLAY_NAME_KEY)).build();" is 149.,235
xp,com.enonic.xp.core.impl.security,PrincipalNodeTranslator,createRoleFromNode,Long Statement,The length of the statement "return Role.create().key(PrincipalKeyNodeTranslator.toKey(node)).displayName(nodeAsTree.getString(PrincipalPropertyNames.DISPLAY_NAME_KEY)).build();" is 148.,247
xp,com.enonic.xp.core.impl.security,PrincipalQueryNodeQueryTranslator,translate,Long Statement,The length of the statement "final NodeQuery.Builder nodeQueryBuilder=NodeQuery.create().from(principalQuery.getFrom()).size(principalQuery.getSize());" is 122.,31
xp,com.enonic.xp.core.impl.security,PrincipalQueryNodeQueryTranslator,translate,Long Statement,The length of the statement "nodeQueryBuilder.addQueryFilter(ValueFilter.create().fieldName(USER_STORE_KEY).addValues(userStores.stream().map(UserStoreKey::toString).collect(toList())).build());" is 165.,31
xp,com.enonic.xp.core.impl.security,PrincipalQueryNodeQueryTranslator,translate,Long Statement,The length of the statement "nodeQueryBuilder.addQueryFilter(ValueFilter.create().fieldName(PRINCIPAL_TYPE_KEY).addValues(types.stream().map(Object::toString).collect(toList())).build());" is 158.,31
xp,com.enonic.xp.core.impl.security,PrincipalQueryNodeQueryTranslator,getQueryExpression,Long Statement,The length of the statement "final FunctionExpr fullText=FunctionExpr.from("fulltext"`ValueExpr.string(fields)`ValueExpr.string(query)`ValueExpr.string("AND"));" is 131.,72
xp,com.enonic.xp.core.impl.security,PrincipalQueryNodeQueryTranslator,getQueryExpression,Long Statement,The length of the statement "final FunctionExpr nGram=FunctionExpr.from("ngram"`ValueExpr.string(fields)`ValueExpr.string(query)`ValueExpr.string("AND"));" is 125.,72
xp,com.enonic.xp.core.impl.security,SecurityInitializer,initializeUsersBranch,Long Statement,The length of the statement "final AccessControlEntry authenticatedRead=AccessControlEntry.create().allow(Permission.READ).principal(RoleKeys.AUTHENTICATED).build();" is 136.,87
xp,com.enonic.xp.core.impl.security,SecurityInitializer,initializeUsersBranch,Long Statement,The length of the statement "this.nodeService.createRootNode(CreateRootNodeParams.create().childOrder(ChildOrder.defaultOrder()).permissions(AccessControlList.of(adminFullAccess`authenticatedRead)).build());" is 178.,87
xp,com.enonic.xp.core.impl.security,SecurityInitializer,initializeRoleFolder,Long Statement,The length of the statement "nodeService.create(CreateNodeParams.create().parent(rolesNodePath.getParentPath()).name(rolesNodePath.getLastElement().toString()).inheritPermissions(true).build());" is 165.,107
xp,com.enonic.xp.core.impl.security,SecurityInitializer,initializeSystemUserStore,Long Identifier,The length of the field SYSTEM_USER_STORE_DISPLAY_NAME is 30.,119
xp,com.enonic.xp.core.impl.security,SecurityInitializer,initializeSystemUserStore,Long Statement,The length of the statement "final UserStoreAccessControlList permissions=UserStoreAccessControlList.of(UserStoreAccessControlEntry.create().principal(RoleKeys.ADMIN).access(ADMINISTRATOR).build()`UserStoreAccessControlEntry.create().principal(RoleKeys.AUTHENTICATED).access(READ).build());" is 261.,119
xp,com.enonic.xp.core.impl.security,SecurityInitializer,initializeSystemUserStore,Long Statement,The length of the statement "final CreateUserStoreParams createParams=CreateUserStoreParams.create().key(UserStoreKey.system()).displayName(SYSTEM_USER_STORE_DISPLAY_NAME).permissions(permissions).build();" is 176.,119
xp,com.enonic.xp.core.impl.security,SecurityInitializer,createRoles,Long Statement,The length of the statement "final CreateRoleParams createAdministratorRole=CreateRoleParams.create().roleKey(RoleKeys.ADMIN).displayName("Administrator").build();" is 134.,136
xp,com.enonic.xp.core.impl.security,SecurityInitializer,createRoles,Long Statement,The length of the statement "final CreateRoleParams createAuthenticatedRole=CreateRoleParams.create().roleKey(RoleKeys.AUTHENTICATED).displayName("Authenticated").build();" is 142.,136
xp,com.enonic.xp.core.impl.security,SecurityInitializer,createRoles,Long Statement,The length of the statement "final CreateRoleParams createEveryoneRole=CreateRoleParams.create().roleKey(RoleKeys.EVERYONE).displayName("Everyone").build();" is 127.,136
xp,com.enonic.xp.core.impl.security,SecurityInitializer,createRoles,Long Statement,The length of the statement "final CreateRoleParams createAdminLoginRole=CreateRoleParams.create().roleKey(RoleKeys.ADMIN_LOGIN).displayName("Administration Console Login").build();" is 152.,136
xp,com.enonic.xp.core.impl.security,SecurityInitializer,createRoles,Long Statement,The length of the statement "final CreateRoleParams createUserManagerAppRole=CreateRoleParams.create().roleKey(RoleKeys.USER_MANAGER_APP).displayName("User Manager App").build();" is 149.,136
xp,com.enonic.xp.core.impl.security,SecurityInitializer,createRoles,Long Statement,The length of the statement "final CreateRoleParams createUserManager=CreateRoleParams.create().roleKey(RoleKeys.USER_MANAGER_ADMIN).displayName("User Manager Administrator").build();" is 154.,136
xp,com.enonic.xp.core.impl.security,SecurityInitializer,createRoles,Long Statement,The length of the statement "final CreateRoleParams createContentManagerAppRole=CreateRoleParams.create().roleKey(RoleKeys.CONTENT_MANAGER_APP).displayName("Content Manager App").build();" is 158.,136
xp,com.enonic.xp.core.impl.security,SecurityInitializer,createRoles,Long Statement,The length of the statement "final CreateRoleParams createContentManager=CreateRoleParams.create().roleKey(RoleKeys.CONTENT_MANAGER_ADMIN).displayName("Content Manager Administrator").build();" is 163.,136
xp,com.enonic.xp.core.impl.security,SecurityInitializer,createUsers,Long Statement,The length of the statement "final CreateUserParams createAnonymousUser=CreateUserParams.create().userKey(PrincipalKey.ofAnonymous()).displayName("Anonymous User").login("anonymous").build();" is 162.,187
xp,com.enonic.xp.core.impl.security,SecurityInitializer,createUsers,Long Statement,The length of the statement "final CreateUserParams createSuperUser=CreateUserParams.create().userKey(SUPER_USER).displayName("Super User").login("su").password("password").build();" is 152.,187
xp,com.enonic.xp.core.impl.security,SecurityServiceImpl,getUserStores,Long Statement,The length of the statement "final FindNodesByParentParams findByParent=FindNodesByParentParams.create().parentPath(UserStoreNodeTranslator.getUserStoresParentPath()).build();" is 146.,108
xp,com.enonic.xp.core.impl.security,SecurityServiceImpl,queryDirectMemberships,Long Statement,The length of the statement "final FindNodesByQueryResult result=callWithContext(() -> this.nodeService.findByQuery(NodeQuery.create().addQueryFilter(ValueFilter.create().fieldName(PrincipalPropertyNames.MEMBER_KEY).addValue(Value.newString(member.toString())).build()).build()));" is 251.,216
xp,com.enonic.xp.core.impl.security,SecurityServiceImpl,authenticateEmailPassword,Complex Conditional,The conditional expression user != null && !user.isDisabled() && passwordMatch(user`token.getPassword()) is complex.,274
xp,com.enonic.xp.core.impl.security,SecurityServiceImpl,authenticateUsernamePassword,Complex Conditional,The conditional expression user != null && !user.isDisabled() && passwordMatch(user`token.getPassword()) is complex.,287
xp,com.enonic.xp.core.impl.security,SecurityServiceImpl,createAuthInfo,Long Statement,The length of the statement "return AuthenticationInfo.create().principals(principals).principals(RoleKeys.AUTHENTICATED`RoleKeys.EVERYONE).user(user).build();" is 130.,300
xp,com.enonic.xp.core.impl.security,SecurityServiceImpl,findByUsername,Long Statement,The length of the statement "final CompareExpr userStoreExpr=CompareExpr.create(FieldExpr.from(PrincipalIndexPath.USER_STORE_KEY)`CompareExpr.Operator.EQ`ValueExpr.string(userStore.toString()));" is 165.,318
xp,com.enonic.xp.core.impl.security,SecurityServiceImpl,findByUsername,Long Statement,The length of the statement "final CompareExpr userNameExpr=CompareExpr.create(FieldExpr.from(PrincipalIndexPath.LOGIN_KEY)`CompareExpr.Operator.EQ`ValueExpr.string(username));" is 147.,318
xp,com.enonic.xp.core.impl.security,SecurityServiceImpl,findByUsername,Long Statement,The length of the statement "final FindNodesByQueryResult result=callWithContext(() -> nodeService.findByQuery(NodeQuery.create().query(query).build()));" is 124.,318
xp,com.enonic.xp.core.impl.security,SecurityServiceImpl,findByEmail,Long Statement,The length of the statement "final CompareExpr userStoreExpr=CompareExpr.create(FieldExpr.from(PrincipalIndexPath.USER_STORE_KEY)`CompareExpr.Operator.EQ`ValueExpr.string(userStore.toString()));" is 165.,335
xp,com.enonic.xp.core.impl.security,SecurityServiceImpl,findByEmail,Long Statement,The length of the statement "final CompareExpr userNameExpr=CompareExpr.create(FieldExpr.from(PrincipalIndexPath.EMAIL_KEY)`CompareExpr.Operator.EQ`ValueExpr.string(email));" is 144.,335
xp,com.enonic.xp.core.impl.security,SecurityServiceImpl,findByEmail,Long Statement,The length of the statement "final FindNodesByQueryResult result=callWithContext(() -> nodeService.findByQuery(NodeQuery.create().query(query).build()));" is 124.,335
xp,com.enonic.xp.core.impl.security,SecurityServiceImpl,createUser,Long Statement,The length of the statement "final User user=User.create().key(createUser.getKey()).login(createUser.getLogin()).email(createUser.getEmail()).displayName(createUser.getDisplayName()).modifiedTime(Instant.now(clock)).build();" is 195.,381
xp,com.enonic.xp.core.impl.security,SecurityServiceImpl,createGroup,Long Statement,The length of the statement "final Group group=Group.create().key(createGroup.getKey()).displayName(createGroup.getDisplayName()).modifiedTime(Instant.now(clock)).build();" is 142.,450
xp,com.enonic.xp.core.impl.security,SecurityServiceImpl,createRole,Long Statement,The length of the statement "final Role role=Role.create().key(createRole.getKey()).displayName(createRole.getDisplayName()).modifiedTime(Instant.now(clock)).build();" is 137.,513
xp,com.enonic.xp.core.impl.security,SecurityServiceImpl,query,Long Statement,The length of the statement "return PrincipalQueryResult.newResult().addPrincipals(principals).totalSize(Ints.checkedCast(result.getTotalHits())).build();" is 125.,637
xp,com.enonic.xp.core.impl.security,SecurityServiceImpl,createUserStore,Long Statement,The length of the statement "AccessControlList userStoreNodePermissions=UserStoreNodeTranslator.userStorePermissionsToUserStoreNodePermissions(permissions);" is 127.,657
xp,com.enonic.xp.core.impl.security,SecurityServiceImpl,createUserStore,Long Statement,The length of the statement "AccessControlList groupsNodePermissions=UserStoreNodeTranslator.userStorePermissionsToGroupsNodePermissions(permissions);" is 121.,657
xp,com.enonic.xp.core.impl.security,SecurityServiceImpl,createUserStore,Long Statement,The length of the statement "final Node userStoreNode=nodeService.create(CreateNodeParams.create().parent(UserStoreNodeTranslator.getUserStoresParentPath()).name(createUserStoreParams.getKey().toString()).data(data).permissions(userStoreNodePermissions).build());" is 234.,657
xp,com.enonic.xp.core.impl.security,SecurityServiceImpl,createUserStore,Long Statement,The length of the statement "final Node usersNode=nodeService.create(CreateNodeParams.create().parent(userStoreNode.path()).name(UserStoreNodeTranslator.USER_FOLDER_NODE_NAME).permissions(usersNodePermissions).build());" is 190.,657
xp,com.enonic.xp.core.impl.security,SecurityServiceImpl,createUserStore,Long Statement,The length of the statement "final Node groupsNode=nodeService.create(CreateNodeParams.create().parent(userStoreNode.path()).name(UserStoreNodeTranslator.GROUP_FOLDER_NODE_NAME).permissions(groupsNodePermissions).build());" is 193.,657
xp,com.enonic.xp.core.impl.security,SecurityServiceImpl,createUserStore,Long Statement,The length of the statement "final ApplyNodePermissionsParams applyPermissions=ApplyNodePermissionsParams.create().nodeId(rootNode.id()).overwriteChildPermissions(false).modifier(ContextAccessor.current().getAuthInfo().getUser().getKey()).build();" is 218.,657
xp,com.enonic.xp.core.impl.security,SecurityServiceImpl,updateUserStore,Long Statement,The length of the statement "final Node usersNode=nodeService.getByPath(UserStoreNodeTranslator.toUserStoreUsersNodePath(updateUserStoreParams.getKey()));" is 125.,719
xp,com.enonic.xp.core.impl.security,SecurityServiceImpl,updateUserStore,Long Statement,The length of the statement "final Node groupsNode=nodeService.getByPath(UserStoreNodeTranslator.toUserStoreGroupsNodePath(updateUserStoreParams.getKey()));" is 127.,719
xp,com.enonic.xp.core.impl.security,SecurityServiceImpl,updateUserStore,Long Statement,The length of the statement "AccessControlList userStoreNodePermissions=UserStoreNodeTranslator.userStorePermissionsToUserStoreNodePermissions(permissions);" is 127.,719
xp,com.enonic.xp.core.impl.security,SecurityServiceImpl,updateUserStore,Long Statement,The length of the statement "AccessControlList groupsNodePermissions=UserStoreNodeTranslator.userStorePermissionsToGroupsNodePermissions(permissions);" is 121.,719
xp,com.enonic.xp.core.impl.security,SecurityServiceImpl,updateUserStore,Long Statement,The length of the statement "final ApplyNodePermissionsParams applyPermissions=ApplyNodePermissionsParams.create().nodeId(userStoreNode.id()).overwriteChildPermissions(false).modifier(ContextAccessor.current().getAuthInfo().getUser().getKey()).build();" is 223.,719
xp,com.enonic.xp.core.impl.security,SecurityServiceImpl,setNodePermissions,Long Statement,The length of the statement "final UpdateNodeParams updateParams=UpdateNodeParams.create().id(nodeId).editor(editableNode -> editableNode.permissions=permissions).build();" is 142.,769
