Project Name,Package Name,Architecture Smell,Cause of the Smell
xp,com.enonic.wem.core.schema.mixin,Feature Concentration,The tool detected the smell in this component because the component realizes more than one architectural concern/feature. Independent sets of related classes within this component are: [MixinUsageResolverTest; MixinUsageResolver]; [MixinSerializer]; [GetMixinCommand]; [MixinLoader]; [MixinRegistryImpl]; [GetMixinsCommand]; [ModuleMixinProvider]; [MixinServiceImpl]. LCC (Lack of Component Cohesion) = 0.89
xp,<All packages>,Dense Structure, The tool detected the smell because all the analyzed components exhibit excessive and dense dependencies among themselves. Average degree = 8.19. All the dependencies among components: from: com.enonic.wem.core.schema.mixin to: com.enonic.wem.api.schema.mixin; from: com.enonic.wem.core.schema.mixin to: com.enonic.wem.api.form; from: com.enonic.wem.core.schema.mixin to: com.enonic.wem.api.form.inputtype; from: com.enonic.wem.core.schema.mixin to: com.enonic.wem.core.schema.mixin.dao; from: com.enonic.wem.core.schema.mixin to: com.enonic.wem.core.support.dao; from: com.enonic.wem.core.schema.mixin to: com.enonic.wem.api.module; from: com.enonic.wem.core.schema.mixin to: com.enonic.wem.api.resource; from: com.enonic.wem.core.schema.mixin to: com.enonic.wem.api.xml.model; from: com.enonic.wem.core.schema.mixin to: com.enonic.wem.api.xml.serializer; from: com.enonic.wem.core.schema.mixin to: com.enonic.wem.api.xml.mapper; from: com.enonic.wem.core.schema.relationship.dao to: com.enonic.wem.api.schema.relationship; from: com.enonic.wem.core.schema.relationship.dao to: com.enonic.wem.api.schema.content; from: com.enonic.wem.core.schema.relationship.dao to: com.enonic.wem.api.module; from: com.enonic.wem.core.schema.relationship to: com.enonic.wem.core.schema.relationship.dao; from: com.enonic.wem.core.schema.relationship to: com.enonic.wem.api.schema.relationship; from: com.enonic.wem.core.schema.relationship to: com.enonic.wem.api.schema.content; from: com.enonic.wem.core.schema.relationship to: com.enonic.wem.api; from: com.enonic.wem.core.schema.relationship to: com.enonic.wem.api.module; from: com.enonic.wem.core.schema.relationship to: com.enonic.wem.core.support.dao; from: com.enonic.wem.core.schema.relationship to: com.enonic.wem.api.resource; from: com.enonic.wem.core.schema.relationship to: com.enonic.wem.api.xml.model; from: com.enonic.wem.core.schema.relationship to: com.enonic.wem.api.xml.serializer; from: com.enonic.wem.core.schema.relationship to: com.enonic.wem.api.xml.mapper; from: com.enonic.wem.core.schema.content to: com.enonic.wem.api.schema.mixin; from: com.enonic.wem.core.schema.content to: com.enonic.wem.core.schema.content.dao; from: com.enonic.wem.core.schema.content to: com.enonic.wem.core.form; from: com.enonic.wem.core.schema.content to: com.enonic.wem.api.schema.content; from: com.enonic.wem.core.schema.content to: com.enonic.wem.api.form; from: com.enonic.wem.core.schema.content to: com.enonic.wem.api.data; from: com.enonic.wem.core.schema.content to: com.enonic.wem.api.form.inputtype; from: com.enonic.wem.core.schema.content to: com.enonic.wem.api; from: com.enonic.wem.core.schema.content to: com.enonic.wem.core.support.dao; from: com.enonic.wem.core.schema.content to: com.enonic.wem.api.module; from: com.enonic.wem.core.schema.content to: com.enonic.wem.api.resource; from: com.enonic.wem.core.schema.content to: com.enonic.wem.api.xml.model; from: com.enonic.wem.core.schema.content to: com.enonic.wem.api.xml.serializer; from: com.enonic.wem.core.schema.content to: com.enonic.wem.api.xml.mapper; from: com.enonic.wem.core.schema.content to: com.enonic.wem.api.schema.content.validator; from: com.enonic.wem.core.schema.content.serializer to: com.enonic.wem.api.form; from: com.enonic.wem.core.schema.content.serializer to: com.enonic.wem.api.form.inputtype; from: com.enonic.wem.core.schema.content.serializer to: com.enonic.wem.api.support.serializer; from: com.enonic.wem.core.schema.content.serializer to: com.enonic.wem.api.schema.mixin; from: com.enonic.wem.core.schema.content.serializer to: com.enonic.wem.api.schema.content; from: com.enonic.wem.core.index to: com.enonic.wem.api.repository; from: com.enonic.wem.core.index to: com.enonic.wem.api.workspace; from: com.enonic.wem.core.index to: com.enonic.wem.api.context; from: com.enonic.wem.core.index to: com.enonic.wem.core.entity; from: com.enonic.wem.core.elasticsearch to: com.enonic.wem.api.data; from: com.enonic.wem.core.elasticsearch to: com.enonic.wem.api.index; from: com.enonic.wem.core.elasticsearch to: com.enonic.wem.core.elasticsearch.document; from: com.enonic.wem.core.elasticsearch to: com.enonic.wem.core.version; from: com.enonic.wem.core.elasticsearch to: com.enonic.wem.core.entity; from: com.enonic.wem.core.elasticsearch to: com.enonic.wem.core; from: com.enonic.wem.core.elasticsearch to: com.enonic.wem.core.index.result; from: com.enonic.wem.core.elasticsearch to: com.enonic.wem.core.index; from: com.enonic.wem.core.elasticsearch to: com.enonic.wem.api.account; from: com.enonic.wem.core.elasticsearch to: com.enonic.wem.core.repository; from: com.enonic.wem.core.elasticsearch to: com.enonic.wem.api.repository; from: com.enonic.wem.core.elasticsearch to: com.enonic.wem.core.elasticsearch.xcontent; from: com.enonic.wem.core.elasticsearch to: com.enonic.wem.api.data.type; from: com.enonic.wem.core.elasticsearch to: com.enonic.wem.api.workspace; from: com.enonic.wem.core.elasticsearch to: com.enonic.wem.core.elasticsearch.query; from: com.enonic.wem.core.elasticsearch to: com.enonic.wem.core.elasticsearch.result; from: com.enonic.wem.core.elasticsearch to: com.enonic.wem.core.index.query; from: com.enonic.wem.core.elasticsearch to: com.enonic.wem.core.entity.query; from: com.enonic.wem.core.elasticsearch to: com.enonic.wem.core.elasticsearch.resource; from: com.enonic.wem.core.elasticsearch.query.builder.function to: com.enonic.wem.api.query.expr; from: com.enonic.wem.core.elasticsearch.query.builder.function to: com.enonic.wem.core.elasticsearch.function; from: com.enonic.wem.core.elasticsearch.query.builder.function to: com.enonic.wem.core.index.query; from: com.enonic.wem.core.elasticsearch.xcontent to: com.enonic.wem.core.elasticsearch.document; from: com.enonic.wem.core.elasticsearch.xcontent to: com.enonic.wem.core.elasticsearch; from: com.enonic.wem.core.elasticsearch.xcontent to: com.enonic.wem.api.index; from: com.enonic.wem.core.elasticsearch.xcontent to: com.enonic.wem.api.data; from: com.enonic.wem.core.elasticsearch.xcontent to: com.enonic.wem.core.index; from: com.enonic.wem.core.elasticsearch.xcontent to: com.enonic.wem.core.workspace; from: com.enonic.wem.core.elasticsearch.xcontent to: com.enonic.wem.api.workspace; from: com.enonic.wem.core.elasticsearch.xcontent to: com.enonic.wem.core.version; from: com.enonic.wem.core.elasticsearch.workspace to: com.enonic.wem.core.elasticsearch; from: com.enonic.wem.core.elasticsearch.workspace to: com.enonic.wem.core.entity; from: com.enonic.wem.core.elasticsearch.workspace to: com.enonic.wem.core.workspace; from: com.enonic.wem.core.elasticsearch.workspace to: com.enonic.wem.core.index.result; from: com.enonic.wem.core.elasticsearch.workspace to: com.enonic.wem.core; from: com.enonic.wem.core.elasticsearch.workspace to: com.enonic.wem.api.workspace; from: com.enonic.wem.core.elasticsearch.workspace to: com.enonic.wem.core.index; from: com.enonic.wem.core.elasticsearch.workspace to: com.enonic.wem.core.repository; from: com.enonic.wem.core.elasticsearch.workspace to: com.enonic.wem.core.elasticsearch.xcontent; from: com.enonic.wem.core.elasticsearch.workspace to: com.enonic.wem.core.workspace.compare.query; from: com.enonic.wem.core.elasticsearch.workspace to: com.enonic.wem.api.repository; from: com.enonic.wem.core.elasticsearch.workspace to: com.enonic.wem.api.aggregation; from: com.enonic.wem.core.elasticsearch.workspace to: com.enonic.wem.core.elasticsearch.query; from: com.enonic.wem.core.form to: com.enonic.wem.core.schema.content.serializer; from: com.enonic.wem.core.form to: com.enonic.wem.api.data.serializer; from: com.enonic.wem.core.form to: com.enonic.wem.api.support; from: com.enonic.wem.core.form to: com.enonic.wem.api.form; from: com.enonic.wem.core.form to: com.enonic.wem.api.form.inputtype; from: com.enonic.wem.core.form to: com.enonic.wem.api.data; from: com.enonic.wem.core.form to: com.enonic.wem.api.data.type; from: com.enonic.wem.core to: com.enonic.wem.api.workspace; from: com.enonic.wem.core to: com.enonic.wem.api.repository; from: com.enonic.wem.core to: com.enonic.wem.api.context; from: com.enonic.wem.core to: com.enonic.wem.api.support; from: com.enonic.wem.core.event to: com.enonic.wem.api.event; from: com.enonic.wem.core.security to: com.enonic.wem.core.entity; from: com.enonic.wem.core.security to: com.enonic.wem.api.security; from: com.enonic.wem.core.security to: com.enonic.wem.api.security.auth; from: com.enonic.wem.core.security to: com.enonic.wem.api.data; from: com.enonic.wem.core.security to: com.enonic.wem.core.entity.query; from: com.enonic.wem.core.security to: com.enonic.wem.api.index; from: com.enonic.wem.core.security to: com.enonic.wem.api.query.expr; from: com.enonic.wem.core.security to: com.enonic.wem.api.query.filter; from: com.enonic.wem.core.entity to: com.enonic.wem.api.support; from: com.enonic.wem.core.entity to: com.enonic.wem.api.index; from: com.enonic.wem.core.entity to: com.enonic.wem.api.data; from: com.enonic.wem.core.entity to: com.enonic.wem.api.account; from: com.enonic.wem.core.entity to: com.enonic.wem.api.data.type; from: com.enonic.wem.core.entity to: com.enonic.wem.core.workspace; from: com.enonic.wem.core.entity to: com.enonic.wem.core.index; from: com.enonic.wem.core.entity to: com.enonic.wem.core.entity.dao; from: com.enonic.wem.core.entity to: com.enonic.wem.core.version; from: com.enonic.wem.core.entity to: com.enonic.wem.core.index.query; from: com.enonic.wem.core.entity to: com.enonic.wem.api.workspace; from: com.enonic.wem.core.entity to: com.enonic.wem.core.entity.query; from: com.enonic.wem.core.entity to: com.enonic.wem.api.context; from: com.enonic.wem.core.entity to: com.enonic.wem.api.repository; from: com.enonic.wem.core.entity to: com.enonic.wem.api.support.illegaledit; from: com.enonic.wem.core.entity to: com.enonic.wem.api; from: com.enonic.wem.core.entity to: com.enonic.wem.api.blob; from: com.enonic.wem.core.entity to: com.enonic.wem.api.content; from: com.enonic.wem.core.entity to: com.enonic.wem.api.content.thumb; from: com.enonic.wem.core.entity to: com.enonic.wem.core.workspace.compare; from: com.enonic.wem.core.entity to: com.enonic.wem.api.query.expr; from: com.enonic.wem.core.entity to: com.enonic.wem.api.util; from: com.enonic.wem.core.entity to: com.enonic.wem.api.aggregation; from: com.enonic.wem.core.entity.query to: com.enonic.wem.core.entity; from: com.enonic.wem.core.entity.query to: com.enonic.wem.api.query.expr; from: com.enonic.wem.core.entity.query to: com.enonic.wem.api.query.filter; from: com.enonic.wem.core.entity.json to: com.enonic.wem.api.data; from: com.enonic.wem.core.entity.json to: com.enonic.wem.core.entity; from: com.enonic.wem.core.entity.json to: com.enonic.wem.api.index; from: com.enonic.wem.core.entity.json to: com.enonic.wem.api.query.expr; from: com.enonic.wem.core.entity.json to: com.enonic.wem.api.account; from: com.enonic.wem.core.relationship to: com.enonic.wem.api.relationship; from: com.enonic.wem.core.relationship to: com.enonic.wem.api.schema.relationship; from: com.enonic.wem.core.relationship to: com.enonic.wem.api.account; from: com.enonic.wem.core.relationship to: com.enonic.wem.api.content; from: com.enonic.wem.core.relationship to: com.enonic.wem.api.data; from: com.enonic.wem.core.relationship to: com.enonic.wem.api.support.serializer; from: com.enonic.wem.core.module to: com.enonic.wem.api.form; from: com.enonic.wem.core.module to: com.enonic.wem.api.form.inputtype; from: com.enonic.wem.core.module to: com.enonic.wem.api.module; from: com.enonic.wem.core.module to: com.enonic.wem.api.support; from: com.enonic.wem.core.module to: com.enonic.wem.api.event; from: com.enonic.wem.core.module to: com.enonic.wem.api.schema.metadata; from: com.enonic.wem.core.module to: com.enonic.wem.api.xml.model; from: com.enonic.wem.core.module to: com.enonic.wem.api.xml.serializer; from: com.enonic.wem.core.module to: com.enonic.wem.api.xml.mapper; from: com.enonic.wem.core.module to: com.enonic.wem.api.resource; from: com.enonic.wem.core.image.filter to: com.enonic.wem.core.image.filter.parser; from: com.enonic.wem.core.image.filter to: com.enonic.wem.core.image.filter.command; from: com.enonic.wem.core.image.filter to: com.enonic.wem.core.image; from: com.enonic.wem.core.image.filter.effect to: com.enonic.wem.core.image.filter; from: com.enonic.wem.core.image.filter.effect to: com.enonic.wem.core.image; from: com.enonic.wem.core.content to: com.enonic.wem.api.content.attachment; from: com.enonic.wem.core.content to: com.enonic.wem.api.schema.content; from: com.enonic.wem.core.content to: com.enonic.wem.core.entity; from: com.enonic.wem.core.content to: com.enonic.wem.api.blob; from: com.enonic.wem.core.content to: com.enonic.wem.api.content.data; from: com.enonic.wem.core.content to: com.enonic.wem.api.content; from: com.enonic.wem.core.content to: com.enonic.wem.api.data; from: com.enonic.wem.core.content to: com.enonic.wem.api.account; from: com.enonic.wem.core.content to: com.enonic.wem.api.content.site; from: com.enonic.wem.core.content to: com.enonic.wem.api.schema.content.validator; from: com.enonic.wem.core.content to: com.enonic.wem.api.form; from: com.enonic.wem.core.content to: com.enonic.wem.api.form.inputtype; from: com.enonic.wem.core.content to: com.enonic.wem.api.index; from: com.enonic.wem.core.content to: com.enonic.wem.api.data.type; from: com.enonic.wem.core.content to: com.enonic.wem.core.content.serializer; from: com.enonic.wem.core.content to: com.enonic.wem.api.content.thumb; from: com.enonic.wem.core.content to: com.enonic.wem.core.entity.query; from: com.enonic.wem.core.content to: com.enonic.wem.api.content.query; from: com.enonic.wem.core.content to: com.enonic.wem.api.query.filter; from: com.enonic.wem.core.content to: com.enonic.wem.api; from: com.enonic.wem.core.content to: com.enonic.wem.core.index.query; from: com.enonic.wem.core.content to: com.enonic.wem.api.security.acl; from: com.enonic.wem.core.content to: com.enonic.wem.api.workspace; from: com.enonic.wem.core.content to: com.enonic.wem.api.context; from: com.enonic.wem.core.content to: com.enonic.wem.core.form; from: com.enonic.wem.core.content to: com.enonic.wem.core.content.page; from: com.enonic.wem.core.content to: com.enonic.wem.api.content.page; from: com.enonic.wem.core.content to: com.enonic.wem.api.schema.metadata; from: com.enonic.wem.core.content to: com.enonic.wem.api.util; from: com.enonic.wem.core.content.serializer to: com.enonic.wem.api.content; from: com.enonic.wem.core.content.serializer to: com.enonic.wem.api.content.data; from: com.enonic.wem.core.content.serializer to: com.enonic.wem.api.data; from: com.enonic.wem.core.content.serializer to: com.enonic.wem.api.form; from: com.enonic.wem.core.content.serializer to: com.enonic.wem.api.schema.content; from: com.enonic.wem.core.content.serializer to: com.enonic.wem.api.data.type; from: com.enonic.wem.core.content.serializer to: com.enonic.wem.api.form.inputtype; from: com.enonic.wem.core.content.serializer to: com.enonic.wem.api.account; from: com.enonic.wem.core.content.serializer to: com.enonic.wem.api.content.thumb; from: com.enonic.wem.core.content.serializer to: com.enonic.wem.core.entity; from: com.enonic.wem.core.content.serializer to: com.enonic.wem.api.blob; from: com.enonic.wem.core.content.serializer to: com.enonic.wem.api.data.serializer; from: com.enonic.wem.core.content.serializer to: com.enonic.wem.api.support.serializer; from: com.enonic.wem.core.content.serializer to: com.enonic.wem.core.support.util; from: com.enonic.wem.core.schema.mixin.dao to: com.enonic.wem.api.schema.mixin; from: com.enonic.wem.core.schema.mixin.dao to: com.enonic.wem.api.module; from: com.enonic.wem.core.schema.metadata to: com.enonic.wem.api.schema.metadata; from: com.enonic.wem.core.schema.metadata to: com.enonic.wem.api.form.inputtype; from: com.enonic.wem.core.schema.metadata to: com.enonic.wem.api.form; from: com.enonic.wem.core.schema.metadata to: com.enonic.wem.api; from: com.enonic.wem.core.schema.metadata to: com.enonic.wem.core.schema.metadata.dao; from: com.enonic.wem.core.schema.metadata to: com.enonic.wem.api.module; from: com.enonic.wem.core.schema.metadata to: com.enonic.wem.core.support.dao; from: com.enonic.wem.core.schema.metadata to: com.enonic.wem.api.resource; from: com.enonic.wem.core.schema.metadata to: com.enonic.wem.api.xml.model; from: com.enonic.wem.core.schema.metadata to: com.enonic.wem.api.xml.serializer; from: com.enonic.wem.core.schema.metadata to: com.enonic.wem.api.xml.mapper; from: com.enonic.wem.core.schema.metadata.dao to: com.enonic.wem.api.schema.metadata; from: com.enonic.wem.core.schema.metadata.dao to: com.enonic.wem.api.module; from: com.enonic.wem.core.schema to: com.enonic.wem.api.module; from: com.enonic.wem.core.schema to: com.enonic.wem.core.module; from: com.enonic.wem.core.schema to: com.enonic.wem.api.event; from: com.enonic.wem.core.schema to: com.enonic.wem.core.schema.content; from: com.enonic.wem.core.schema to: com.enonic.wem.core.schema.mixin; from: com.enonic.wem.core.schema to: com.enonic.wem.core.schema.relationship; from: com.enonic.wem.core.schema to: com.enonic.wem.core.schema.metadata; from: com.enonic.wem.core.schema.content.dao to: com.enonic.wem.api.schema.content; from: com.enonic.wem.core.schema.content.dao to: com.enonic.wem.api.module; from: com.enonic.wem.core.index.result to: com.enonic.wem.api.aggregation; from: com.enonic.wem.core.index.query to: com.enonic.wem.core.entity; from: com.enonic.wem.core.index.query to: com.enonic.wem.core.entity.query; from: com.enonic.wem.core.index.query to: com.enonic.wem.core.index; from: com.enonic.wem.core.index.query to: com.enonic.wem.api.query.expr; from: com.enonic.wem.core.index.query to: com.enonic.wem.api.query.filter; from: com.enonic.wem.core.index.query to: com.enonic.wem.api.data; from: com.enonic.wem.core.index.query to: com.enonic.wem.core.index.result; from: com.enonic.wem.core.index.query to: com.enonic.wem.api.aggregation; from: com.enonic.wem.core.elasticsearch.resource to: com.enonic.wem.core.home; from: com.enonic.wem.core.elasticsearch.aggregation to: com.enonic.wem.api.aggregation; from: com.enonic.wem.core.elasticsearch.aggregation to: com.enonic.wem.api.query.aggregation; from: com.enonic.wem.core.elasticsearch.aggregation to: com.enonic.wem.core.index.query; from: com.enonic.wem.core.elasticsearch.function to: com.enonic.wem.core.index.query; from: com.enonic.wem.core.elasticsearch.function to: com.enonic.wem.api.data; from: com.enonic.wem.core.elasticsearch.function to: com.enonic.wem.api.util; from: com.enonic.wem.core.elasticsearch.result to: com.enonic.wem.core.index.result; from: com.enonic.wem.core.elasticsearch.result to: com.enonic.wem.core.elasticsearch.aggregation; from: com.enonic.wem.core.elasticsearch.document to: com.enonic.wem.api.index; from: com.enonic.wem.core.elasticsearch.document to: com.enonic.wem.core.index; from: com.enonic.wem.core.elasticsearch.document to: com.enonic.wem.api.data; from: com.enonic.wem.core.elasticsearch.document to: com.enonic.wem.api.data.type; from: com.enonic.wem.core.elasticsearch.document to: com.enonic.wem.core.elasticsearch; from: com.enonic.wem.core.elasticsearch.document to: com.enonic.wem.core.entity; from: com.enonic.wem.core.elasticsearch.query to: com.enonic.wem.api.index; from: com.enonic.wem.core.elasticsearch.query to: com.enonic.wem.core.entity.query; from: com.enonic.wem.core.elasticsearch.query to: com.enonic.wem.core.index; from: com.enonic.wem.core.elasticsearch.query to: com.enonic.wem.core.elasticsearch.query.builder; from: com.enonic.wem.core.elasticsearch.query to: com.enonic.wem.core.repository; from: com.enonic.wem.core.elasticsearch.query to: com.enonic.wem.core.elasticsearch.aggregation; from: com.enonic.wem.core.elasticsearch.query to: com.enonic.wem.api.query.filter; from: com.enonic.wem.core.elasticsearch.query to: com.enonic.wem.api.data; from: com.enonic.wem.core.elasticsearch.query.builder to: com.enonic.wem.api.query.expr; from: com.enonic.wem.core.elasticsearch.query.builder to: com.enonic.wem.core.elasticsearch.query.builder.function; from: com.enonic.wem.core.elasticsearch.query.builder to: com.enonic.wem.core.index.query; from: com.enonic.wem.core.elasticsearch.query.builder to: com.enonic.wem.api.data; from: com.enonic.wem.core.elasticsearch.query.builder to: com.enonic.wem.api.util; from: com.enonic.wem.core.elasticsearch.query.builder to: com.enonic.wem.core.index; from: com.enonic.wem.core.elasticsearch.query.builder to: com.enonic.wem.api.query.filter; from: com.enonic.wem.core.entity.dao to: com.enonic.wem.core.entity; from: com.enonic.wem.core.entity.dao to: com.enonic.wem.api.blob; from: com.enonic.wem.core.entity.dao to: com.enonic.wem.core.entity.json; from: com.enonic.wem.core.version to: com.enonic.wem.api.repository; from: com.enonic.wem.core.version to: com.enonic.wem.core.entity; from: com.enonic.wem.core.repository to: com.enonic.wem.api.repository; from: com.enonic.wem.core.repository to: com.enonic.wem.core.index; from: com.enonic.wem.core.initializer to: com.enonic.wem.core.repository; from: com.enonic.wem.core.initializer to: com.enonic.wem.core.security; from: com.enonic.wem.core.initializer to: com.enonic.wem.api.repository; from: com.enonic.wem.core.initializer to: com.enonic.wem.api.content; from: com.enonic.wem.core.support.dao to: com.enonic.wem.api; from: com.enonic.wem.core.support.dao to: com.enonic.wem.api.resource; from: com.enonic.wem.core.support.dao to: com.enonic.wem.api.util; from: com.enonic.wem.core.image.filter.command to: com.enonic.wem.core.image.filter; from: com.enonic.wem.core.content.page to: com.enonic.wem.api.module; from: com.enonic.wem.core.content.page to: com.enonic.wem.api.content.page; from: com.enonic.wem.core.content.page to: com.enonic.wem.api.content; from: com.enonic.wem.core.content.page to: com.enonic.wem.api.schema.content; from: com.enonic.wem.core.content.page to: com.enonic.wem.api.data; from: com.enonic.wem.core.content.page to: com.enonic.wem.api.content.data; from: com.enonic.wem.core.content.page to: com.enonic.wem.api.account; from: com.enonic.wem.core.content.page to: com.enonic.wem.api.content.page.region; from: com.enonic.wem.core.content.page to: com.enonic.wem.api.resource; from: com.enonic.wem.core.content.page to: com.enonic.wem.api.xml.model; from: com.enonic.wem.core.content.page to: com.enonic.wem.api.xml.serializer; from: com.enonic.wem.core.content.page to: com.enonic.wem.api.xml.mapper; from: com.enonic.wem.core.content.page to: com.enonic.wem.api.content.page.part; from: com.enonic.wem.core.content.page to: com.enonic.wem.api.content.page.layout; from: com.enonic.wem.core.content.page to: com.enonic.wem.api.context; from: com.enonic.wem.core.content.page to: com.enonic.wem.core.support.util; from: com.enonic.wem.core.content.page.layout to: com.enonic.wem.api.content.page.layout; from: com.enonic.wem.core.content.page.layout to: com.enonic.wem.api.module; from: com.enonic.wem.core.content.page.layout to: com.enonic.wem.api.resource; from: com.enonic.wem.core.content.page.layout to: com.enonic.wem.api.xml.model; from: com.enonic.wem.core.content.page.layout to: com.enonic.wem.api.content.page; from: com.enonic.wem.core.content.page.layout to: com.enonic.wem.api.xml.serializer; from: com.enonic.wem.core.content.page.layout to: com.enonic.wem.api.xml.mapper; from: com.enonic.wem.core.content.page.part to: com.enonic.wem.api.module; from: com.enonic.wem.core.content.page.part to: com.enonic.wem.api.content.page.part; from: com.enonic.wem.core.content.page.part to: com.enonic.wem.api.resource; from: com.enonic.wem.core.content.page.part to: com.enonic.wem.api.xml.model; from: com.enonic.wem.core.content.page.part to: com.enonic.wem.api.content.page; from: com.enonic.wem.core.content.page.part to: com.enonic.wem.api.xml.serializer; from: com.enonic.wem.core.content.page.part to: com.enonic.wem.api.xml.mapper; from: com.enonic.wem.core.content.attachment to: com.enonic.wem.core.entity; from: com.enonic.wem.core.content.attachment to: com.enonic.wem.api.content.attachment; from: com.enonic.wem.core.content.attachment to: com.enonic.wem.api.content; from: com.enonic.wem.core.content.attachment to: com.enonic.wem.core.content; from: com.enonic.wem.core.content.attachment to: com.enonic.wem.core.content.serializer; from: com.enonic.wem.core.content.attachment to: com.enonic.wem.api.context; from: com.enonic.wem.core.blob to: com.enonic.wem.api.blob; from: com.enonic.wem.core.blob.file to: com.enonic.wem.api.blob; from: com.enonic.wem.core.blob.file to: com.enonic.wem.core.home; from: com.enonic.wem.core.blob.file to: com.enonic.wem.core.blob; from: com.enonic.wem.core.blob.memory to: com.enonic.wem.api.blob; from: com.enonic.wem.core.blob.memory to: com.enonic.wem.core.blob; from: com.enonic.wem.core.workspace to: com.enonic.wem.api.repository; from: com.enonic.wem.core.workspace to: com.enonic.wem.api.workspace; from: com.enonic.wem.core.workspace to: com.enonic.wem.api.context; from: com.enonic.wem.core.workspace to: com.enonic.wem.core.entity; from: com.enonic.wem.core.workspace to: com.enonic.wem.core.workspace.compare.query; from: com.enonic.wem.core.workspace.compare to: com.enonic.wem.core.entity; from: com.enonic.wem.core.workspace.compare to: com.enonic.wem.api.content; from: com.enonic.wem.core.workspace.compare.query to: com.enonic.wem.api.workspace; from: com.enonic.wem.mustache.internal to: com.enonic.wem.mustache; from: com.enonic.wem.mustache.internal to: com.enonic.wem.api.resource; from: com.enonic.wem.mustache to: com.enonic.wem.api.resource; from: com.enonic.wem.portal.url to: com.enonic.wem.portal; from: com.enonic.wem.portal.url to: com.enonic.wem.api.workspace; from: com.enonic.wem.portal.url to: com.enonic.wem.api.module; from: com.enonic.wem.portal.url to: com.enonic.wem.api.content; from: com.enonic.wem.portal.internal.underscore to: com.enonic.wem.portal.internal.controller; from: com.enonic.wem.portal.internal.underscore to: com.enonic.wem.portal; from: com.enonic.wem.portal.internal.underscore to: com.enonic.wem.core.image.filter; from: com.enonic.wem.portal.internal.underscore to: com.enonic.wem.api.content.attachment; from: com.enonic.wem.portal.internal.underscore to: com.enonic.wem.api.blob; from: com.enonic.wem.portal.internal.underscore to: com.enonic.wem.api.content; from: com.enonic.wem.portal.internal.underscore to: com.enonic.wem.api.schema.content; from: com.enonic.wem.portal.internal.underscore to: com.enonic.wem.api.account; from: com.enonic.wem.portal.internal.underscore to: com.enonic.wem.api.module; from: com.enonic.wem.portal.internal.underscore to: com.enonic.wem.api.workspace; from: com.enonic.wem.portal.internal.underscore to: com.enonic.wem.core.image; from: com.enonic.wem.portal.internal.underscore to: com.enonic.wem.api.util; from: com.enonic.wem.portal.internal.underscore to: com.enonic.wem.api.resource; from: com.enonic.wem.portal.internal.underscore to: com.enonic.wem.portal.internal.rendering; from: com.enonic.wem.portal.internal.controller to: com.enonic.wem.portal.internal.rendering; from: com.enonic.wem.portal.internal.controller to: com.enonic.wem.portal.internal.postprocess; from: com.enonic.wem.portal.internal.controller to: com.enonic.wem.portal; from: com.enonic.wem.portal.internal.controller to: com.enonic.wem.api.resource; from: com.enonic.wem.portal.internal.controller to: com.enonic.wem.api.content.page; from: com.enonic.wem.portal.internal.controller to: com.enonic.wem.api.content.thumb; from: com.enonic.wem.portal.internal.controller to: com.enonic.wem.api.content; from: com.enonic.wem.portal.internal.controller to: com.enonic.wem.api.workspace; from: com.enonic.wem.portal.internal.controller to: com.enonic.wem.api.content.site; from: com.enonic.wem.portal.internal.controller to: com.enonic.wem.script; from: com.enonic.wem.portal.internal.controller to: com.enonic.wem.servlet; from: com.enonic.wem.portal.internal.content to: com.enonic.wem.api.content; from: com.enonic.wem.portal.internal.content to: com.enonic.wem.api.content.page; from: com.enonic.wem.portal.internal.content to: com.enonic.wem.api.module; from: com.enonic.wem.portal.internal.content to: com.enonic.wem.api.data; from: com.enonic.wem.portal.internal.content to: com.enonic.wem.api.xml.model; from: com.enonic.wem.portal.internal.content to: com.enonic.wem.api.schema.content; from: com.enonic.wem.portal.internal.content to: com.enonic.wem.api.account; from: com.enonic.wem.portal.internal.content to: com.enonic.wem.api.content.page.region; from: com.enonic.wem.portal.internal.content to: com.enonic.wem.api.content.page.part; from: com.enonic.wem.portal.internal.content to: com.enonic.wem.api.content.site; from: com.enonic.wem.portal.internal.content to: com.enonic.wem.api.xml.serializer; from: com.enonic.wem.portal.internal.content to: com.enonic.wem.api.xml.mapper; from: com.enonic.wem.portal.internal.content to: com.enonic.wem.portal.internal.rendering; from: com.enonic.wem.portal.internal.content to: com.enonic.wem.api.rendering; from: com.enonic.wem.portal.internal.content to: com.enonic.wem.portal.internal.controller; from: com.enonic.wem.portal.internal.content to: com.enonic.wem.portal.internal.postprocess; from: com.enonic.wem.portal.internal.content to: com.enonic.wem.api.workspace; from: com.enonic.wem.portal.internal.content to: com.enonic.wem.portal; from: com.enonic.wem.portal.internal.content to: com.enonic.wem.portal.content; from: com.enonic.wem.portal.internal.content to: com.enonic.wem.portal.internal.content.page; from: com.enonic.wem.portal.internal.content.page to: com.enonic.wem.portal.internal.controller; from: com.enonic.wem.portal.internal.content.page to: com.enonic.wem.api.content.page.text; from: com.enonic.wem.portal.internal.content.page to: com.enonic.wem.portal.internal.rendering; from: com.enonic.wem.portal.internal.content.page to: com.enonic.wem.portal; from: com.enonic.wem.portal.internal.content.page to: com.enonic.wem.api.content.page; from: com.enonic.wem.portal.internal.content.page to: com.enonic.wem.portal.internal.postprocess; from: com.enonic.wem.portal.internal.content.page to: com.enonic.wem.api.content; from: com.enonic.wem.portal.internal.content.page to: com.enonic.wem.api.content.page.image; from: com.enonic.wem.portal.internal.content.page to: com.enonic.wem.portal.url; from: com.enonic.wem.portal.internal.content.page to: com.enonic.wem.api.content.page.layout; from: com.enonic.wem.portal.internal.content.page to: com.enonic.wem.api.content.page.part; from: com.enonic.wem.portal.internal.postprocess.injection to: com.enonic.wem.portal.internal.controller; from: com.enonic.wem.portal.internal.postprocess.injection to: com.enonic.wem.portal; from: com.enonic.wem.portal.internal.postprocess.injection to: com.enonic.wem.portal.postprocess; from: com.enonic.wem.portal.internal.postprocess.injection to: com.enonic.wem.servlet; from: com.enonic.wem.portal.internal.postprocess to: com.enonic.wem.portal; from: com.enonic.wem.portal.internal.postprocess to: com.enonic.wem.portal.postprocess; from: com.enonic.wem.portal.internal.postprocess to: com.enonic.wem.portal.internal.controller; from: com.enonic.wem.portal.internal.postprocess.instruction to: com.enonic.wem.portal.internal.rendering; from: com.enonic.wem.portal.internal.postprocess.instruction to: com.enonic.wem.api.content.page; from: com.enonic.wem.portal.internal.postprocess.instruction to: com.enonic.wem.portal.internal.controller; from: com.enonic.wem.portal.internal.postprocess.instruction to: com.enonic.wem.api.content; from: com.enonic.wem.portal.internal.postprocess.instruction to: com.enonic.wem.api.content.site; from: com.enonic.wem.portal.internal.postprocess.instruction to: com.enonic.wem.api.data; from: com.enonic.wem.portal.internal.postprocess.instruction to: com.enonic.wem.api.content.page.region; from: com.enonic.wem.portal.internal.postprocess.instruction to: com.enonic.wem.api.rendering; from: com.enonic.wem.portal.internal.postprocess.instruction to: com.enonic.wem.portal; from: com.enonic.wem.portal.internal.postprocess.instruction to: com.enonic.wem.api.module; from: com.enonic.wem.portal.internal.postprocess.instruction to: com.enonic.wem.api.content.page.part; from: com.enonic.wem.portal.internal.postprocess.instruction to: com.enonic.wem.api.schema.content; from: com.enonic.wem.portal.internal.postprocess.instruction to: com.enonic.wem.api.account; from: com.enonic.wem.portal.internal.rendering to: com.enonic.wem.api.rendering; from: com.enonic.wem.portal.internal.rendering to: com.enonic.wem.portal; from: com.enonic.wem.portal.internal.rendering to: com.enonic.wem.api.content; from: com.enonic.wem.portal.internal.rendering to: com.enonic.wem.api.content.page; from: com.enonic.wem.portal.internal.base to: com.enonic.wem.api.module; from: com.enonic.wem.portal.internal.base to: com.enonic.wem.api.resource; from: com.enonic.wem.portal.internal.base to: com.enonic.wem.servlet.internal; from: com.enonic.wem.portal.internal.base to: com.enonic.wem.portal; from: com.enonic.wem.portal.internal.base to: com.enonic.wem.portal.internal.rendering; from: com.enonic.wem.portal to: com.enonic.wem.api.content.page; from: com.enonic.wem.portal.postprocess to: com.enonic.wem.portal; from: com.enonic.wem.admin.event to: com.enonic.wem.api.module; from: com.enonic.wem.admin.event to: com.enonic.wem.api.event; from: com.enonic.wem.admin.event to: com.enonic.wem.admin.json; from: com.enonic.wem.admin.rest.resource.auth to: com.enonic.wem.api.security; from: com.enonic.wem.admin.rest.resource.auth to: com.enonic.wem.api.security.auth; from: com.enonic.wem.admin.rest.resource.auth to: com.enonic.wem.admin.rest.resource; from: com.enonic.wem.admin.rest.resource.schema.mixin to: com.enonic.wem.api.schema.mixin; from: com.enonic.wem.admin.rest.resource.schema.mixin to: com.enonic.wem.admin.rest.resource; from: com.enonic.wem.admin.rest.resource.schema.mixin to: com.enonic.wem.api; from: com.enonic.wem.admin.rest.resource.schema.mixin to: com.enonic.wem.api.form.inputtype; from: com.enonic.wem.admin.rest.resource.schema.mixin to: com.enonic.wem.admin.rest.resource.schema; from: com.enonic.wem.admin.rest.resource.schema.mixin to: com.enonic.wem.api.module; from: com.enonic.wem.admin.rest.resource.schema.metadata to: com.enonic.wem.api.schema.metadata; from: com.enonic.wem.admin.rest.resource.schema.metadata to: com.enonic.wem.admin.rest.resource; from: com.enonic.wem.admin.rest.resource.schema.metadata to: com.enonic.wem.api.form; from: com.enonic.wem.admin.rest.resource.schema.metadata to: com.enonic.wem.api.module; from: com.enonic.wem.admin.rest.resource.schema.metadata to: com.enonic.wem.api; from: com.enonic.wem.admin.rest.resource.schema.relationship to: com.enonic.wem.api.schema.relationship; from: com.enonic.wem.admin.rest.resource.schema.relationship to: com.enonic.wem.admin.rest.resource; from: com.enonic.wem.admin.rest.resource.schema.relationship to: com.enonic.wem.api; from: com.enonic.wem.admin.rest.resource.schema.relationship to: com.enonic.wem.api.schema.content; from: com.enonic.wem.admin.rest.resource.schema.relationship to: com.enonic.wem.admin.rest.resource.schema; from: com.enonic.wem.admin.rest.resource.schema.relationship to: com.enonic.wem.api.module; from: com.enonic.wem.admin.rest.resource.schema.content to: com.enonic.wem.api.schema.content; from: com.enonic.wem.admin.rest.resource.schema.content to: com.enonic.wem.api.form; from: com.enonic.wem.admin.rest.resource.schema.content to: com.enonic.wem.api; from: com.enonic.wem.admin.rest.resource.schema.content to: com.enonic.wem.admin.rest.resource.schema; from: com.enonic.wem.admin.rest.resource.schema.content to: com.enonic.wem.admin.rest.resource; from: com.enonic.wem.admin.rest.resource.schema.content to: com.enonic.wem.api.module; from: com.enonic.wem.admin.rest.resource.status to: com.enonic.wem.api; from: com.enonic.wem.admin.rest.resource.status to: com.enonic.wem.admin.rest.resource; from: com.enonic.wem.admin.rest.resource to: com.enonic.wem.admin.rest.provider; from: com.enonic.wem.admin.rest.resource to: com.enonic.wem.admin.rest.multipart; from: com.enonic.wem.admin.rest.resource to: com.enonic.wem.servlet; from: com.enonic.wem.admin.rest.resource to: com.enonic.wem.admin.json; from: com.enonic.wem.admin.rest.resource to: com.enonic.wem.api.blob; from: com.enonic.wem.admin.rest.resource.security to: com.enonic.wem.api.security; from: com.enonic.wem.admin.rest.resource.security to: com.enonic.wem.admin.rest.resource; from: com.enonic.wem.admin.rest.resource.relationship to: com.enonic.wem.api.relationship; from: com.enonic.wem.admin.rest.resource.relationship to: com.enonic.wem.admin.rest.resource; from: com.enonic.wem.admin.rest.resource.relationship to: com.enonic.wem.api.schema.relationship; from: com.enonic.wem.admin.rest.resource.relationship to: com.enonic.wem.api.content; from: com.enonic.wem.admin.rest.resource.relationship to: com.enonic.wem.admin.rest.resource.relationship.json; from: com.enonic.wem.admin.rest.resource.relationship to: com.enonic.wem.api.relationship.editor; from: com.enonic.wem.admin.rest.resource.module to: com.enonic.wem.api.module; from: com.enonic.wem.admin.rest.resource.module to: com.enonic.wem.api.form; from: com.enonic.wem.admin.rest.resource.module to: com.enonic.wem.api.form.inputtype; from: com.enonic.wem.admin.rest.resource.module to: com.enonic.wem.admin.rest.resource.module.json; from: com.enonic.wem.admin.rest.resource.module to: com.enonic.wem.admin.rest.resource; from: com.enonic.wem.admin.rest.resource.content to: com.enonic.wem.api.schema.content; from: com.enonic.wem.admin.rest.resource.content to: com.enonic.wem.api.content; from: com.enonic.wem.admin.rest.resource.content to: com.enonic.wem.api.security; from: com.enonic.wem.admin.rest.resource.content to: com.enonic.wem.api.content.data; from: com.enonic.wem.admin.rest.resource.content to: com.enonic.wem.admin.rest.resource; from: com.enonic.wem.admin.rest.resource.content to: com.enonic.wem.api.data; from: com.enonic.wem.admin.rest.resource.content to: com.enonic.wem.api.content.site; from: com.enonic.wem.admin.rest.resource.content to: com.enonic.wem.api.content.page.part; from: com.enonic.wem.admin.rest.resource.content to: com.enonic.wem.api.content.page.region; from: com.enonic.wem.admin.rest.resource.content to: com.enonic.wem.api.content.page; from: com.enonic.wem.admin.rest.resource.content to: com.enonic.wem.api.security.acl; from: com.enonic.wem.admin.rest.resource.content to: com.enonic.wem.api.form; from: com.enonic.wem.admin.rest.resource.content to: com.enonic.wem.api.form.inputtype; from: com.enonic.wem.admin.rest.resource.content to: com.enonic.wem.api.module; from: com.enonic.wem.admin.rest.resource.content to: com.enonic.wem.api.schema.content.validator; from: com.enonic.wem.admin.rest.resource.content to: com.enonic.wem.api.account; from: com.enonic.wem.admin.rest.resource.content to: com.enonic.wem.api.schema.metadata; from: com.enonic.wem.admin.rest.resource.content to: com.enonic.wem.api; from: com.enonic.wem.admin.rest.resource.content to: com.enonic.wem.api.content.attachment; from: com.enonic.wem.admin.rest.resource.content to: com.enonic.wem.api.blob; from: com.enonic.wem.admin.rest.resource.content to: com.enonic.wem.api.content.thumb; from: com.enonic.wem.admin.rest.resource.content to: com.enonic.wem.admin.rest.resource.content.json; from: com.enonic.wem.admin.rest.resource.content to: com.enonic.wem.api.schema.mixin; from: com.enonic.wem.admin.rest.resource.content to: com.enonic.wem.api.index; from: com.enonic.wem.admin.rest.resource.content to: com.enonic.wem.api.workspace; from: com.enonic.wem.admin.rest.resource.content to: com.enonic.wem.admin.rest.resource.schema.content; from: com.enonic.wem.admin.rest.resource.content to: com.enonic.wem.servlet; from: com.enonic.wem.admin.rest.resource.content to: com.enonic.wem.api.aggregation; from: com.enonic.wem.admin.rest.resource.content.page to: com.enonic.wem.api.content.page; from: com.enonic.wem.admin.rest.resource.content.page to: com.enonic.wem.api.schema.content; from: com.enonic.wem.admin.rest.resource.content.page to: com.enonic.wem.api.content; from: com.enonic.wem.admin.rest.resource.content.page to: com.enonic.wem.api.data; from: com.enonic.wem.admin.rest.resource.content.page to: com.enonic.wem.api.workspace; from: com.enonic.wem.admin.rest.resource.content.page to: com.enonic.wem.api.account; from: com.enonic.wem.admin.rest.resource.content.page to: com.enonic.wem.api; from: com.enonic.wem.admin.rest.resource.content.page to: com.enonic.wem.admin.json.content.page; from: com.enonic.wem.admin.rest.resource.content.page to: com.enonic.wem.admin.rest.resource.content.page.part; from: com.enonic.wem.admin.rest.resource.content.page to: com.enonic.wem.api.module; from: com.enonic.wem.admin.rest.resource.content.page to: com.enonic.wem.admin.rest.resource; from: com.enonic.wem.admin.rest.resource.content.page to: com.enonic.wem.api.content.attachment; from: com.enonic.wem.admin.rest.resource.content.page to: com.enonic.wem.api.form; from: com.enonic.wem.admin.rest.resource.content.page to: com.enonic.wem.api.schema.mixin; from: com.enonic.wem.admin.rest.resource.content.page.layout to: com.enonic.wem.api.content.page.layout; from: com.enonic.wem.admin.rest.resource.content.page.layout to: com.enonic.wem.api.form; from: com.enonic.wem.admin.rest.resource.content.page.layout to: com.enonic.wem.api.module; from: com.enonic.wem.admin.rest.resource.content.page.layout to: com.enonic.wem.api.form.inputtype; from: com.enonic.wem.admin.rest.resource.content.page.layout to: com.enonic.wem.admin.rest.resource; from: com.enonic.wem.admin.rest.resource.blob to: com.enonic.wem.api.blob; from: com.enonic.wem.admin.rest.resource.blob to: com.enonic.wem.admin.rest.multipart; from: com.enonic.wem.admin.rest.resource.blob to: com.enonic.wem.admin.rest.resource; from: com.enonic.wem.admin.json.form to: com.enonic.wem.api.support; from: com.enonic.wem.admin.json.form to: com.enonic.wem.api.form; from: com.enonic.wem.admin.json.form to: com.enonic.wem.api.form.inputtype; from: com.enonic.wem.admin.app to: com.enonic.wem.api.util; from: com.enonic.wem.admin.app to: com.enonic.wem.core.mustache; from: com.enonic.wem.admin.app to: com.enonic.wem.servlet; from: com.enonic.wem.admin.rest.resource.schema to: com.enonic.wem.api; from: com.enonic.wem.admin.rest.resource.schema to: com.enonic.wem.servlet; from: com.enonic.wem.admin.rest.resource.tools to: com.enonic.wem.core.initializer; from: com.enonic.wem.admin.rest.resource.tools to: com.enonic.wem.admin.rest.resource; from: com.enonic.wem.admin.rest.resource.tools to: com.enonic.wem.servlet; from: com.enonic.wem.admin.rest.resource.security.json to: com.enonic.wem.api.security; from: com.enonic.wem.admin.rest.resource.relationship.json to: com.enonic.wem.api.schema.relationship; from: com.enonic.wem.admin.rest.resource.relationship.json to: com.enonic.wem.api.content; from: com.enonic.wem.admin.rest.resource.relationship.json to: com.enonic.wem.api.relationship; from: com.enonic.wem.admin.rest.resource.ui to: com.enonic.wem.admin.rest.resource; from: com.enonic.wem.admin.rest.resource.ui to: com.enonic.wem.core.home; from: com.enonic.wem.admin.rest.resource.module.json to: com.enonic.wem.api.module; from: com.enonic.wem.admin.rest.resource.content.page.part to: com.enonic.wem.api.module; from: com.enonic.wem.admin.rest.resource.content.page.part to: com.enonic.wem.api.content.page.part; from: com.enonic.wem.admin.rest.resource.content.page.part to: com.enonic.wem.admin.rest.resource; from: com.enonic.wem.admin.rest.resource.content.json to: com.enonic.wem.api.content; from: com.enonic.wem.admin.rest.resource.content.json to: com.enonic.wem.api.security; from: com.enonic.wem.admin.rest.resource.content.json to: com.enonic.wem.api.query.aggregation; from: com.enonic.wem.admin.rest.resource.content.json to: com.enonic.wem.api.content.query; from: com.enonic.wem.admin.rest.resource.content.json to: com.enonic.wem.api.schema.content; from: com.enonic.wem.admin.rest.resource.content.json to: com.enonic.wem.api.query.parser; from: com.enonic.wem.admin.rest.resource.content.json to: com.enonic.wem.api.aggregation; from: com.enonic.wem.admin.rest.resource.content.json to: com.enonic.wem.admin.rest.resource.content; from: com.enonic.wem.admin.rest.resource.content.json to: com.enonic.wem.api.form; from: com.enonic.wem.admin.rest.resource.content.json to: com.enonic.wem.api.content.data; from: com.enonic.wem.admin.rest.resource.content.json to: com.enonic.wem.api.query.expr; from: com.enonic.wem.admin.rest.resource.content.json to: com.enonic.wem.api.account; from: com.enonic.wem.admin.rest.resource.content.json to: com.enonic.wem.api.security.acl; from: com.enonic.wem.admin.rest.resource.content.json to: com.enonic.wem.api.content.attachment; from: com.enonic.wem.admin.rest.resource.content.json to: com.enonic.wem.admin.json.aggregation; from: com.enonic.wem.admin.rest.resource.content.json to: com.enonic.wem.api.content.thumb; from: com.enonic.wem.admin.rest.resource.content.json to: com.enonic.wem.api.schema.content.validator; from: com.enonic.wem.admin.rest.resource.content.json to: com.enonic.wem.api.index; from: com.enonic.wem.admin.rest.resource.content.json.filter to: com.enonic.wem.api.query.filter; from: com.enonic.wem.admin.rest.resource.content.json.filter to: com.enonic.wem.api.data; from: com.enonic.wem.admin.rest.provider to: com.enonic.wem.admin.json; from: com.enonic.wem.admin.json.schema.mixin to: com.enonic.wem.admin.rest.resource.schema.mixin; from: com.enonic.wem.admin.json.schema.mixin to: com.enonic.wem.api.schema.mixin; from: com.enonic.wem.admin.json.schema.mixin to: com.enonic.wem.api.form; from: com.enonic.wem.admin.json.schema.metadata to: com.enonic.wem.api.schema.metadata; from: com.enonic.wem.admin.json.schema.metadata to: com.enonic.wem.admin.rest.resource.schema.metadata; from: com.enonic.wem.admin.json.schema.relationship to: com.enonic.wem.api.schema.relationship; from: com.enonic.wem.admin.json.schema.relationship to: com.enonic.wem.api.xml.model; from: com.enonic.wem.admin.json.schema.relationship to: com.enonic.wem.api.xml.mapper; from: com.enonic.wem.admin.json.schema.relationship to: com.enonic.wem.api.xml.serializer; from: com.enonic.wem.admin.json.schema.relationship to: com.enonic.wem.admin.rest.resource.schema.relationship; from: com.enonic.wem.admin.json.schema.content to: com.enonic.wem.api.schema.content; from: com.enonic.wem.admin.json.schema.content to: com.enonic.wem.api.form; from: com.enonic.wem.admin.json.schema.content to: com.enonic.wem.admin.rest.resource.schema.content; from: com.enonic.wem.admin.json.schema.content to: com.enonic.wem.api.xml.model; from: com.enonic.wem.admin.json.schema.content to: com.enonic.wem.api.xml.mapper; from: com.enonic.wem.admin.json.schema.content to: com.enonic.wem.api.xml.serializer; from: com.enonic.wem.admin.json.aggregation to: com.enonic.wem.api.aggregation; from: com.enonic.wem.admin.json.module to: com.enonic.wem.api.form; from: com.enonic.wem.admin.json.module to: com.enonic.wem.api.module; from: com.enonic.wem.admin.json.content to: com.enonic.wem.api.content; from: com.enonic.wem.admin.json.content to: com.enonic.wem.api.schema.content; from: com.enonic.wem.admin.json.content to: com.enonic.wem.api.content.thumb; from: com.enonic.wem.admin.json.content to: com.enonic.wem.admin.rest.resource.content; from: com.enonic.wem.admin.json.content to: com.enonic.wem.api.form; from: com.enonic.wem.admin.json.content to: com.enonic.wem.api.data; from: com.enonic.wem.admin.json.content to: com.enonic.wem.api.schema.metadata; from: com.enonic.wem.admin.json.content to: com.enonic.wem.admin.json.content.page; from: com.enonic.wem.admin.json.content to: com.enonic.wem.admin.rest.resource.content.json; from: com.enonic.wem.admin.json.content.site to: com.enonic.wem.api.content.site; from: com.enonic.wem.admin.json.content.site to: com.enonic.wem.api.data; from: com.enonic.wem.admin.json.content.site to: com.enonic.wem.api.module; from: com.enonic.wem.admin.json.content.page to: com.enonic.wem.api.content.page; from: com.enonic.wem.admin.json.content.page to: com.enonic.wem.api.content.page.layout; from: com.enonic.wem.admin.json.content.page to: com.enonic.wem.api.content.page.text; from: com.enonic.wem.admin.json.content.page to: com.enonic.wem.api.content.page.part; from: com.enonic.wem.admin.json.content.page to: com.enonic.wem.api.content.page.image; from: com.enonic.wem.admin.json.content.page to: com.enonic.wem.api.form; from: com.enonic.wem.admin.json.content.page to: com.enonic.wem.admin.json.content.page.region; from: com.enonic.wem.admin.json.content.page to: com.enonic.wem.api.data; from: com.enonic.wem.admin.json.content.page to: com.enonic.wem.api.content.page.region; from: com.enonic.wem.admin.json.content.page.region to: com.enonic.wem.api.content.page; from: com.enonic.wem.admin.json.content.page.region to: com.enonic.wem.api.content.page.region; from: com.enonic.wem.admin.json.content.page.region to: com.enonic.wem.admin.json.content.page; from: com.enonic.wem.admin.json.content.page.layout to: com.enonic.wem.api.content.page.layout; from: com.enonic.wem.admin.json.content.page.layout to: com.enonic.wem.api.content.page; from: com.enonic.wem.admin.json.content.page.layout to: com.enonic.wem.api.content.page.region; from: com.enonic.wem.admin.json.content.page.text to: com.enonic.wem.api.content.page.text; from: com.enonic.wem.admin.json.content.page.text to: com.enonic.wem.api.content.page; from: com.enonic.wem.admin.json.content.page.image to: com.enonic.wem.api.content.page.image; from: com.enonic.wem.admin.json.content.page.image to: com.enonic.wem.api.content.page; from: com.enonic.wem.admin.json.content.page.image to: com.enonic.wem.api.content; from: com.enonic.wem.admin.json.content.page.part to: com.enonic.wem.api.content.page.part; from: com.enonic.wem.admin.json.content.page.part to: com.enonic.wem.api.content.page; from: com.enonic.wem.admin.json.content.attachment to: com.enonic.wem.api.content.attachment; from: com.enonic.wem.admin.json.icon to: com.enonic.wem.api.content.thumb; from: com.enonic.wem.launcher.config to: com.enonic.wem.launcher.home; from: com.enonic.wem.launcher.home to: com.enonic.wem.launcher.util; from: com.enonic.wem.launcher.util to: com.enonic.wem.launcher.home; from: com.enonic.wem.launcher to: com.enonic.wem.launcher.util; from: com.enonic.wem.launcher to: com.enonic.wem.launcher.home; from: com.enonic.wem.launcher to: com.enonic.wem.launcher.config; from: com.enonic.wem.api.data to: com.enonic.wem.api.support; from: com.enonic.wem.api.data to: com.enonic.wem.api.content.data; from: com.enonic.wem.api.data to: com.enonic.wem.api.data.type; from: com.enonic.wem.api.data to: com.enonic.wem.api.content; from: com.enonic.wem.api.data.serializer to: com.enonic.wem.api.support; from: com.enonic.wem.api.data.serializer to: com.enonic.wem.api.data; from: com.enonic.wem.api.data.serializer to: com.enonic.wem.api.data.type; from: com.enonic.wem.api.data.serializer to: com.enonic.wem.api.support.serializer; from: com.enonic.wem.api.resource to: com.enonic.wem.api.module; from: com.enonic.wem.api.schema.mixin to: com.enonic.wem.api.form; from: com.enonic.wem.api.schema.mixin to: com.enonic.wem.api.form.inputtype; from: com.enonic.wem.api.schema.mixin to: com.enonic.wem.api.support; from: com.enonic.wem.api.schema.mixin to: com.enonic.wem.api.module; from: com.enonic.wem.api.schema.relationship to: com.enonic.wem.api.schema.content; from: com.enonic.wem.api.schema.relationship to: com.enonic.wem.api.support; from: com.enonic.wem.api.schema.relationship to: com.enonic.wem.api.module; from: com.enonic.wem.api.schema.relationship to: com.enonic.wem.api.support.illegaledit; from: com.enonic.wem.api.schema.content to: com.enonic.wem.api.support; from: com.enonic.wem.api.schema.content to: com.enonic.wem.api.form; from: com.enonic.wem.api.schema.content to: com.enonic.wem.api.form.inputtype; from: com.enonic.wem.api.schema.content to: com.enonic.wem.api.support.illegaledit; from: com.enonic.wem.api.schema.content to: com.enonic.wem.api.module; from: com.enonic.wem.api.schema.content.validator to: com.enonic.wem.api.content; from: com.enonic.wem.api.schema.content.validator to: com.enonic.wem.api.schema.content; from: com.enonic.wem.api.schema.content.validator to: com.enonic.wem.api.form; from: com.enonic.wem.api.schema.content.validator to: com.enonic.wem.api.form.inputtype; from: com.enonic.wem.api.schema.content.validator to: com.enonic.wem.api.data; from: com.enonic.wem.api.schema.content.validator to: com.enonic.wem.api.content.data; from: com.enonic.wem.api.index to: com.enonic.wem.api.data; from: com.enonic.wem.api.index to: com.enonic.wem.api.query.expr; from: com.enonic.wem.api.index to: com.enonic.wem.api.query.parser; from: com.enonic.wem.api.form to: com.enonic.wem.api.form.inputtype; from: com.enonic.wem.api.form to: com.enonic.wem.api.schema.mixin; from: com.enonic.wem.api.form to: com.enonic.wem.api.data; from: com.enonic.wem.api.form.inputtype to: com.enonic.wem.api.support; from: com.enonic.wem.api.form.inputtype to: com.enonic.wem.api.schema.relationship; from: com.enonic.wem.api.form.inputtype to: com.enonic.wem.api.data; from: com.enonic.wem.api.form.inputtype to: com.enonic.wem.api.content; from: com.enonic.wem.api.form.inputtype to: com.acme; from: com.enonic.wem.api.form.inputtype to: com.enonic.wem.api.data.type; from: com.enonic.wem.api.form.inputtype to: com.enonic.wem.api.form; from: com.enonic.wem.api.xml.serializer to: com.enonic.wem.api.xml.model; from: com.enonic.wem.api.xml.serializer to: com.enonic.wem.api.form; from: com.enonic.wem.api.xml.serializer to: com.enonic.wem.api.content.page; from: com.enonic.wem.api.xml.serializer to: com.enonic.wem.api.xml.mapper; from: com.enonic.wem.api.xml.serializer to: com.enonic.wem.api.content.page.region; from: com.enonic.wem.api.xml.serializer to: com.enonic.wem.api.schema.relationship; from: com.enonic.wem.api.xml.serializer to: com.enonic.wem.api.schema.content; from: com.enonic.wem.api.xml.serializer to: com.enonic.wem.api.form.inputtype; from: com.enonic.wem.api.xml.serializer to: com.enonic.wem.api.content.page.part; from: com.enonic.wem.api.xml.serializer to: com.enonic.wem.api.schema.mixin; from: com.enonic.wem.api.xml.serializer to: com.enonic.wem.api.content.page.layout; from: com.enonic.wem.api.security.auth to: com.enonic.wem.api.security; from: com.enonic.wem.api.security to: com.enonic.wem.api.security.auth; from: com.enonic.wem.api.security.acl to: com.enonic.wem.api.security; from: com.enonic.wem.api.relationship to: com.enonic.wem.api.support; from: com.enonic.wem.api.relationship to: com.enonic.wem.api.schema.relationship; from: com.enonic.wem.api.relationship to: com.enonic.wem.api.content; from: com.enonic.wem.api.relationship to: com.enonic.wem.api.account; from: com.enonic.wem.api.relationship to: com.enonic.wem.api.data; from: com.enonic.wem.api.relationship to: com.enonic.wem.api.support.illegaledit; from: com.enonic.wem.api.relationship to: com.enonic.wem.api.relationship.editor; from: com.enonic.wem.api.relationship.editor to: com.enonic.wem.api.relationship; from: com.enonic.wem.api to: com.enonic.wem.api.support; from: com.enonic.wem.api.content to: com.enonic.wem.api.schema.content; from: com.enonic.wem.api.content to: com.enonic.wem.api.data; from: com.enonic.wem.api.content to: com.enonic.wem.api.content.data; from: com.enonic.wem.api.content to: com.enonic.wem.api.form; from: com.enonic.wem.api.content to: com.enonic.wem.api.form.inputtype; from: com.enonic.wem.api.content to: com.enonic.wem.api.data.type; from: com.enonic.wem.api.content to: com.enonic.wem.api.content.page; from: com.enonic.wem.api.content to: com.enonic.wem.api.support; from: com.enonic.wem.api.content to: com.enonic.wem.api.workspace; from: com.enonic.wem.api.content to: com.enonic.wem.api.repository; from: com.enonic.wem.api.content to: com.enonic.wem.api.context; from: com.enonic.wem.api.content to: com.enonic.wem.api.query.expr; from: com.enonic.wem.api.content to: com.enonic.wem.api.content.attachment; from: com.enonic.wem.api.content to: com.enonic.wem.api.content.editor; from: com.enonic.wem.api.content to: com.enonic.wem.api.account; from: com.enonic.wem.api.content to: com.enonic.wem.api.index; from: com.enonic.wem.api.content to: com.enonic.wem.api.content.query; from: com.enonic.wem.api.content to: com.enonic.wem.api.schema.metadata; from: com.enonic.wem.api.content to: com.enonic.wem.api.aggregation; from: com.enonic.wem.api.content to: com.enonic.wem.api.content.thumb; from: com.enonic.wem.api.content to: com.enonic.wem.api.support.illegaledit; from: com.enonic.wem.api.content to: com.enonic.wem.api.security.acl; from: com.enonic.wem.api.content to: com.enonic.wem.api.content.site; from: com.enonic.wem.api.content.site to: com.enonic.wem.api.content; from: com.enonic.wem.api.content.site to: com.enonic.wem.api.module; from: com.enonic.wem.api.content.site to: com.enonic.wem.api.schema.content; from: com.enonic.wem.api.content.site to: com.enonic.wem.api.data; from: com.enonic.wem.api.content.page to: com.enonic.wem.api.form; from: com.enonic.wem.api.content.page to: com.enonic.wem.api.content.page.part; from: com.enonic.wem.api.content.page to: com.enonic.wem.api.content.page.layout; from: com.enonic.wem.api.content.page to: com.enonic.wem.api.form.inputtype; from: com.enonic.wem.api.content.page to: com.enonic.wem.api.data; from: com.enonic.wem.api.content.page to: com.enonic.wem.api.content; from: com.enonic.wem.api.content.page to: com.enonic.wem.api.schema.content; from: com.enonic.wem.api.content.page to: com.enonic.wem.api.module; from: com.enonic.wem.api.content.page to: com.enonic.wem.api.content.page.region; from: com.enonic.wem.api.content.page to: com.enonic.wem.api.support; from: com.enonic.wem.api.content.page to: com.enonic.wem.api.resource; from: com.enonic.wem.api.content.page to: com.enonic.wem.api.content.page.image; from: com.enonic.wem.api.content.page to: com.enonic.wem.api.content.page.text; from: com.enonic.wem.api.content.page.text to: com.enonic.wem.api.data; from: com.enonic.wem.api.content.page.text to: com.enonic.wem.api.content.page; from: com.enonic.wem.api.context to: com.enonic.wem.api.repository; from: com.enonic.wem.api.context to: com.enonic.wem.api.workspace; from: com.enonic.wem.api.context to: com.enonic.wem.api.content; from: com.acme to: com.enonic.wem.api.data; from: com.enonic.wem.api.data.type to: com.enonic.wem.api.data.serializer; from: com.enonic.wem.api.data.type to: com.enonic.wem.api.content; from: com.enonic.wem.api.data.type to: com.enonic.wem.api.util; from: com.enonic.wem.api.schema to: com.enonic.wem.api.account; from: com.enonic.wem.api.schema to: com.enonic.wem.api; from: com.enonic.wem.api.schema.metadata to: com.enonic.wem.api.form; from: com.enonic.wem.api.schema.metadata to: com.enonic.wem.api.module; from: com.enonic.wem.api.xml.mapper to: com.enonic.wem.api.content.page.part; from: com.enonic.wem.api.xml.mapper to: com.enonic.wem.api.xml.model; from: com.enonic.wem.api.xml.mapper to: com.enonic.wem.api.schema.metadata; from: com.enonic.wem.api.xml.mapper to: com.enonic.wem.api.schema.relationship; from: com.enonic.wem.api.xml.mapper to: com.enonic.wem.api.schema.content; from: com.enonic.wem.api.xml.mapper to: com.enonic.wem.api.schema.mixin; from: com.enonic.wem.api.xml.mapper to: com.enonic.wem.api.form; from: com.enonic.wem.api.xml.mapper to: com.enonic.wem.api.content.page; from: com.enonic.wem.api.xml.mapper to: com.enonic.wem.api.content.page.layout; from: com.enonic.wem.api.xml.mapper to: com.enonic.wem.api.content.page.region; from: com.enonic.wem.api.xml.mapper to: com.enonic.wem.api.form.inputtype; from: com.enonic.wem.api.xml.mapper to: com.enonic.wem.api.xml; from: com.enonic.wem.api.support.serializer to: com.enonic.wem.api.data; from: com.enonic.wem.api.support.serializer to: com.enonic.wem.api.account; from: com.enonic.wem.api.content.data to: com.enonic.wem.api.data; from: com.enonic.wem.api.content.page.region to: com.enonic.wem.api.content.page; from: com.enonic.wem.api.content.page.region to: com.enonic.wem.api.data; from: com.enonic.wem.api.content.page.region to: com.enonic.wem.api.content.page.layout; from: com.enonic.wem.api.content.page.layout to: com.enonic.wem.api.content.page.region; from: com.enonic.wem.api.content.page.layout to: com.enonic.wem.api.resource; from: com.enonic.wem.api.content.page.layout to: com.enonic.wem.api.content.page; from: com.enonic.wem.api.content.page.layout to: com.enonic.wem.api.data; from: com.enonic.wem.api.content.page.layout to: com.enonic.wem.api.module; from: com.enonic.wem.api.content.page.image to: com.enonic.wem.api.data; from: com.enonic.wem.api.content.page.image to: com.enonic.wem.api.content; from: com.enonic.wem.api.content.page.image to: com.enonic.wem.api.content.page; from: com.enonic.wem.api.content.page.part to: com.enonic.wem.api.resource; from: com.enonic.wem.api.content.page.part to: com.enonic.wem.api.module; from: com.enonic.wem.api.content.page.part to: com.enonic.wem.api.content.page; from: com.enonic.wem.api.content.page.part to: com.enonic.wem.api.data; from: com.enonic.wem.api.content.attachment to: com.enonic.wem.api.content; from: com.enonic.wem.api.content.attachment to: com.enonic.wem.api.blob; from: com.enonic.wem.api.content.thumb to: com.enonic.wem.api.blob; from: com.enonic.wem.api.content.query to: com.enonic.wem.api.content; from: com.enonic.wem.api.content.query to: com.enonic.wem.api.aggregation; from: com.enonic.wem.api.content.query to: com.enonic.wem.api.query.expr; from: com.enonic.wem.api.content.query to: com.enonic.wem.api.schema.content; from: com.enonic.wem.api.content.query to: com.enonic.wem.api.query.filter; from: com.enonic.wem.api.content.query to: com.enonic.wem.api.query.aggregation; from: com.enonic.wem.api.query.parser to: com.enonic.wem.api.query.expr; from: com.enonic.wem.api.query.expr to: com.enonic.wem.api.data; from: com.enonic.wem.api.query.expr to: com.enonic.wem.api.data.type; from: com.enonic.wem.api.query.filter to: com.enonic.wem.api.data; from: com.enonic.wem.api.workspace to: com.enonic.wem.api.index; from: com.enonic.wem.servlet.internal to: com.enonic.wem.servlet.jaxrs; from: com.enonic.wem.servlet.internal to: com.enonic.wem.servlet; from: com.enonic.wem.servlet.internal.exception to: com.enonic.wem.servlet.jaxrs.exception; from: com.enonic.wem.servlet.internal.exception to: com.enonic.wem.api.resource; from: com.enonic.wem.xslt.internal to: com.enonic.wem.xslt; from: com.enonic.wem.xslt.internal to: com.enonic.wem.api.resource; from: com.enonic.wem.xslt.internal to: com.enonic.wem.portal; from: com.enonic.wem.xslt.internal to: com.enonic.wem.api.workspace; from: com.enonic.wem.xslt.internal to: com.enonic.wem.api.xml; from: com.enonic.wem.xslt.internal to: com.enonic.wem.portal.url; from: com.enonic.wem.xslt.internal to: com.enonic.wem.api.content.page.layout; from: com.enonic.wem.xslt.internal to: com.enonic.wem.api.content; from: com.enonic.wem.xslt.internal to: com.enonic.wem.api.content.page; from: com.enonic.wem.xslt to: com.enonic.wem.api.resource; from: com.enonic.wem.script to: com.enonic.wem.api.module; from: com.enonic.wem.script to: com.enonic.wem.script.internal; from: com.enonic.wem.script to: com.enonic.wem.api.resource; from: com.enonic.wem.script to: com.enonic.wem.script.command; from: com.enonic.wem.script.internal to: com.enonic.wem.api.resource; from: com.enonic.wem.script.internal to: com.enonic.wem.script; from: com.enonic.wem.script.internal to: com.enonic.wem.script.command; from: com.enonic.wem.itests.core.elasticsearch to: com.enonic.wem.api.repository; from: com.enonic.wem.itests.core.elasticsearch to: com.enonic.wem.core.elasticsearch; from: com.enonic.wem.itests.core.elasticsearch to: com.enonic.wem.core.index; from: com.enonic.wem.itests.core.elasticsearch to: com.enonic.wem.api.content; from: com.enonic.wem.itests.core.elasticsearch to: com.enonic.wem.core.repository; from: com.enonic.wem.itests.core.elasticsearch to: com.enonic.wem.core.index.result; from: com.enonic.wem.itests.core.elasticsearch to: com.enonic.wem.core.elasticsearch.document; from: com.enonic.wem.itests.core.elasticsearch to: com.enonic.wem.api.data; from: com.enonic.wem.itests.core.elasticsearch to: com.enonic.wem.core.elasticsearch.query; from: com.enonic.wem.itests.core.elasticsearch to: com.enonic.wem.core.elasticsearch.query.builder; from: com.enonic.wem.itests.core.elasticsearch to: com.enonic.wem.core.index.query; from: com.enonic.wem.itests.core.elasticsearch to: com.enonic.wem.api.index; from: com.enonic.wem.itests.core.elasticsearch to: com.enonic.wem.core.elasticsearch.xcontent; from: com.enonic.wem.thymeleaf.internal to: com.enonic.wem.thymeleaf; from: com.enonic.wem.thymeleaf.internal to: com.enonic.wem.api.resource; from: com.enonic.wem.thymeleaf to: com.enonic.wem.api.resource.
xp,com.enonic.wem.core.schema.relationship,Feature Concentration,The tool detected the smell in this component because the component realizes more than one architectural concern/feature. Independent sets of related classes within this component are: [GetAllRelationshipTypesCommandTest; RelationshipTypeServiceImpl]; [GetRelationshipTypeCommandTest; GetRelationshipTypeCommand]; [CoreRelationshipTypesProvider]; [ModuleRelationshipTypeProvider]; [RelationshipTypeRegistryImpl]; [RelationshipTypeLoader]. LCC (Lack of Component Cohesion) = 0.75
xp,com.enonic.wem.core.schema.content,Feature Concentration,The tool detected the smell in this component because the component realizes more than one architectural concern/feature. Independent sets of related classes within this component are: [GetAllContentTypesCommandTest; GetAllContentTypesCommand; GetContentTypesCommandTest; GetContentTypesCommand; AbstractContentTypeCommand; GetChildContentTypesCommand; GetRootContentTypesCommand; GetContentTypeCommandTest; GetContentTypeCommand; GetChildContentTypesCommandTest; GetRootContentTypesCommandTest]; [CoreContentTypesProvider]; [ModuleContentTypeProvider]; [ContentTypeLoader]; [ContentTypeServiceImpl]; [ContentTypeRegistryImpl]; [ValidateContentTypeCommand]. LCC (Lack of Component Cohesion) = 0.41
xp,com.enonic.wem.core.schema.content.serializer,Feature Concentration,The tool detected the smell in this component because the component realizes more than one architectural concern/feature. Independent sets of related classes within this component are: [FormItemJsonSerializerTest; FormItemJsonSerializer; FormItemsJsonSerializer; FormItemSetJsonSerializer; MixinReferenceJsonSerializer; InputJsonSerializer; OccurrencesJsonSerializer; InputTypeConfigJsonSerializer; InputTypeJsonSerializer; LayoutJsonSerializer]; [FormItemXmlSerializer; FormItemsXmlSerializer; OccurrencesXmlSerializer; InputTypeConfigXmlSerializer]; [ContentTypeSerializer]. LCC (Lack of Component Cohesion) = 0.2
xp,com.enonic.wem.core.index,Cyclic Dependency,The tool detected the smell in this component because this component participates in a cyclic dependency. The participating components in the cycle are: com.enonic.wem.core.index; com.enonic.wem.core.entity
xp,com.enonic.wem.core.index,Cyclic Dependency,The tool detected the smell in this component because this component participates in a cyclic dependency. The participating components in the cycle are: com.enonic.wem.core.index; com.enonic.wem.core.entity; com.enonic.wem.core.index.query
xp,com.enonic.wem.core.index,Unstable Dependency,The tool detected the smell in this component because this component depends on other components that are less stable than itself. This component depends on following less stable component(s): com.enonic.wem.core.entity
xp,com.enonic.wem.core.index,Feature Concentration,The tool detected the smell in this component because the component realizes more than one architectural concern/feature. Independent sets of related classes within this component are: [IndexDataTestHelper]; [IndexContext; IndexService]; [IndexType]; [IndexValueNormalizer]; [IndexValueType]; [IndexException]; [IndexFieldNameNormalizer]. LCC (Lack of Component Cohesion) = 0.88
xp,com.enonic.wem.core.elasticsearch,Cyclic Dependency,The tool detected the smell in this component because this component participates in a cyclic dependency. The participating components in the cycle are: com.enonic.wem.core.elasticsearch; com.enonic.wem.core.elasticsearch.document
xp,com.enonic.wem.core.elasticsearch,Cyclic Dependency,The tool detected the smell in this component because this component participates in a cyclic dependency. The participating components in the cycle are: com.enonic.wem.core.elasticsearch; com.enonic.wem.core.elasticsearch.xcontent; com.enonic.wem.core.elasticsearch.document
xp,com.enonic.wem.core.elasticsearch,Unstable Dependency,The tool detected the smell in this component because this component depends on other components that are less stable than itself. This component depends on following less stable component(s): com.enonic.wem.core.elasticsearch.result
xp,com.enonic.wem.core.elasticsearch,Feature Concentration,The tool detected the smell in this component because the component realizes more than one architectural concern/feature. Independent sets of related classes within this component are: [StoreDocumentItemFactoryTest]; [ElasticsearchVersionServiceTest; ElasticsearchVersionService; QueryMetaData; Builder; ElasticsearchDao; ElasticsearchQueryService; ElasticsearchIndexService; IndexStatus; NodeStoreDocumentFactoryTest; NodeStoreDocumentFactory]; [OrderbyValueResolverTestJava; OrderbyValueResolver; LexiSortable; IndexFormats]; [IndexConstants]; [ElasticsearchValueConverter]; [FieldNameResolver]; [ElasticNodeProvider]; [ElasticsearchDataException]. LCC (Lack of Component Cohesion) = 0.4
xp,com.enonic.wem.core.elasticsearch.xcontent,Cyclic Dependency,The tool detected the smell in this component because this component participates in a cyclic dependency. The participating components in the cycle are: com.enonic.wem.core.elasticsearch.xcontent; com.enonic.wem.core.elasticsearch
xp,com.enonic.wem.core.elasticsearch.xcontent,Cyclic Dependency,The tool detected the smell in this component because this component participates in a cyclic dependency. The participating components in the cycle are: com.enonic.wem.core.elasticsearch.xcontent; com.enonic.wem.core.elasticsearch.document; com.enonic.wem.core.elasticsearch
xp,com.enonic.wem.core.elasticsearch.xcontent,Unstable Dependency,The tool detected the smell in this component because this component depends on other components that are less stable than itself. This component depends on following less stable component(s): com.enonic.wem.core.elasticsearch.document; com.enonic.wem.core.elasticsearch
xp,com.enonic.wem.core.form,Unstable Dependency,The tool detected the smell in this component because this component depends on other components that are less stable than itself. This component depends on following less stable component(s): com.enonic.wem.core.schema.content.serializer
xp,com.enonic.wem.core.security,Feature Concentration,The tool detected the smell in this component because the component realizes more than one architectural concern/feature. Independent sets of related classes within this component are: [PrincipalPathTranslatorTest; PrincipalPathTranslator; PrincipalNodeTranslator; SecurityServiceImpl; SecurityServiceImplTest; CustomAuthenticationToken; PrincipalKeyNodeTranslator; UserNodeTranslatorTest; PrincipalKeyNodeTranslatorTest; GroupNodeTranslatorTest; PrincipalIndexConfigFactory]; [PrincipalSerializer]; [SecurityInitializer]; [UserSerializer]. LCC (Lack of Component Cohesion) = 0.29
xp,com.enonic.wem.core.entity,God Component,The tool detected the smell in this component because the component contains high number of classes. Number of classes in the component are: 141
xp,com.enonic.wem.core.entity,Cyclic Dependency,The tool detected the smell in this component because this component participates in a cyclic dependency. The participating components in the cycle are: com.enonic.wem.core.entity; com.enonic.wem.core.workspace
xp,com.enonic.wem.core.entity,Cyclic Dependency,The tool detected the smell in this component because this component participates in a cyclic dependency. The participating components in the cycle are: com.enonic.wem.core.entity; com.enonic.wem.core.entity.dao; com.enonic.wem.core.entity.json
xp,com.enonic.wem.core.entity,Unstable Dependency,The tool detected the smell in this component because this component depends on other components that are less stable than itself. This component depends on following less stable component(s): com.enonic.wem.core.entity.dao; com.enonic.wem.core.index.query; com.enonic.wem.core.workspace.compare
xp,com.enonic.wem.core.entity.query,Cyclic Dependency,The tool detected the smell in this component because this component participates in a cyclic dependency. The participating components in the cycle are: com.enonic.wem.core.entity.query; com.enonic.wem.core.entity
xp,com.enonic.wem.core.entity.query,Cyclic Dependency,The tool detected the smell in this component because this component participates in a cyclic dependency. The participating components in the cycle are: com.enonic.wem.core.entity.query; com.enonic.wem.core.entity; com.enonic.wem.core.index.query
xp,com.enonic.wem.core.entity.query,Unstable Dependency,The tool detected the smell in this component because this component depends on other components that are less stable than itself. This component depends on following less stable component(s): com.enonic.wem.core.entity
xp,com.enonic.wem.core.entity.json,Cyclic Dependency,The tool detected the smell in this component because this component participates in a cyclic dependency. The participating components in the cycle are: com.enonic.wem.core.entity.json; com.enonic.wem.core.entity; com.enonic.wem.core.entity.dao
xp,com.enonic.wem.core.entity.json,Feature Concentration,The tool detected the smell in this component because the component realizes more than one architectural concern/feature. Independent sets of related classes within this component are: [NodeJsonSerializerTest; NodeJsonSerializer; AttachmentsJson; NodeJson]; [NodeJsonSerializerException]; [AttachmentJson]. LCC (Lack of Component Cohesion) = 0.5
xp,com.enonic.wem.core.module,Feature Concentration,The tool detected the smell in this component because the component realizes more than one architectural concern/feature. Independent sets of related classes within this component are: [ModuleImplTest; ModuleBuilder; ModuleXmlBuilderTest; ModuleXmlBuilder; ModuleLoader; ModuleServiceImpl; ModuleImpl]; [ModuleURLStreamHandler]. LCC (Lack of Component Cohesion) = 0.25
xp,com.enonic.wem.core.image.filter,Cyclic Dependency,The tool detected the smell in this component because this component participates in a cyclic dependency. The participating components in the cycle are: com.enonic.wem.core.image.filter; com.enonic.wem.core.image.filter.command
xp,com.enonic.wem.core.image.filter,Unstable Dependency,The tool detected the smell in this component because this component depends on other components that are less stable than itself. This component depends on following less stable component(s): com.enonic.wem.core.image.filter.command
xp,com.enonic.wem.core.image.filter,Feature Concentration,The tool detected the smell in this component because the component realizes more than one architectural concern/feature. Independent sets of related classes within this component are: [ImageFilterSetTest; ImageFilterSet; ImageFilter; ImageFilterBuilderImpl; AwtImageFilter; OperationImageFilterTest; OperationImageFilter; ImageFilterBuilder; BuilderContext]; [AwtImageFilterTest]. LCC (Lack of Component Cohesion) = 0.2
xp,com.enonic.wem.core.content,God Component,The tool detected the smell in this component because the component contains high number of classes. Number of classes in the component are: 57
xp,com.enonic.wem.core.content.serializer,Feature Concentration,The tool detected the smell in this component because the component realizes more than one architectural concern/feature. Independent sets of related classes within this component are: [AbstractContentSerializerTest; ContentXmlSerializerTest; ContentJsonSerializerTest; ContentJsonSerializer; ContentSerializer; ContentDataJsonSerializer; ContentXmlSerializer]; [ThumbnailAttachmentSerializer]. LCC (Lack of Component Cohesion) = 0.25
xp,com.enonic.wem.core.schema.metadata,Feature Concentration,The tool detected the smell in this component because the component realizes more than one architectural concern/feature. Independent sets of related classes within this component are: [CoreMetadataSchemasProvider]; [ModuleMetadataProvider]; [MetadataSchemaServiceImpl]; [MetadataRegistryImpl]; [MetadataLoader]; [GetMetadataSchemaCommand]; [GetMetadataSchemasCommand]. LCC (Lack of Component Cohesion) = 1.0
xp,com.enonic.wem.core.index.query,Cyclic Dependency,The tool detected the smell in this component because this component participates in a cyclic dependency. The participating components in the cycle are: com.enonic.wem.core.index.query; com.enonic.wem.core.entity
xp,com.enonic.wem.core.index.query,Cyclic Dependency,The tool detected the smell in this component because this component participates in a cyclic dependency. The participating components in the cycle are: com.enonic.wem.core.index.query; com.enonic.wem.core.entity.query; com.enonic.wem.core.entity
xp,com.enonic.wem.core.index.query,Feature Concentration,The tool detected the smell in this component because the component realizes more than one architectural concern/feature. Independent sets of related classes within this component are: [NodeQueryResultSet; NodeQueryResult; Builder; QueryService; QueryResultFactory; NodeQueryResultEntry]; [IndexQueryBuilderException]; [IndexQueryFieldNameResolver]. LCC (Lack of Component Cohesion) = 0.38
xp,com.enonic.wem.core.elasticsearch.function,Feature Concentration,The tool detected the smell in this component because the component realizes more than one architectural concern/feature. Independent sets of related classes within this component are: [FulltextFunctionArguments]; [FunctionQueryBuilderException]; [GeoDistanceSortFunctionArguments; AbstractFunctionArguments]; [WeightedQueryFieldName; WeightedQueryFieldNames]; [NGramFunctionArguments]. LCC (Lack of Component Cohesion) = 0.71
xp,com.enonic.wem.core.elasticsearch.result,Unstable Dependency,The tool detected the smell in this component because this component depends on other components that are less stable than itself. This component depends on following less stable component(s): com.enonic.wem.core.elasticsearch.aggregation
xp,com.enonic.wem.core.elasticsearch.document,Cyclic Dependency,The tool detected the smell in this component because this component participates in a cyclic dependency. The participating components in the cycle are: com.enonic.wem.core.elasticsearch.document; com.enonic.wem.core.elasticsearch
xp,com.enonic.wem.core.elasticsearch.document,Cyclic Dependency,The tool detected the smell in this component because this component participates in a cyclic dependency. The participating components in the cycle are: com.enonic.wem.core.elasticsearch.document; com.enonic.wem.core.elasticsearch; com.enonic.wem.core.elasticsearch.xcontent
xp,com.enonic.wem.core.elasticsearch.document,Unstable Dependency,The tool detected the smell in this component because this component depends on other components that are less stable than itself. This component depends on following less stable component(s): com.enonic.wem.core.elasticsearch
xp,com.enonic.wem.core.elasticsearch.query,Unstable Dependency,The tool detected the smell in this component because this component depends on other components that are less stable than itself. This component depends on following less stable component(s): com.enonic.wem.core.elasticsearch.query.builder; com.enonic.wem.core.elasticsearch.aggregation
xp,com.enonic.wem.core.entity.dao,Cyclic Dependency,The tool detected the smell in this component because this component participates in a cyclic dependency. The participating components in the cycle are: com.enonic.wem.core.entity.dao; com.enonic.wem.core.entity
xp,com.enonic.wem.core.entity.dao,Cyclic Dependency,The tool detected the smell in this component because this component participates in a cyclic dependency. The participating components in the cycle are: com.enonic.wem.core.entity.dao; com.enonic.wem.core.entity.json; com.enonic.wem.core.entity
xp,com.enonic.wem.core.entity.dao,Unstable Dependency,The tool detected the smell in this component because this component depends on other components that are less stable than itself. This component depends on following less stable component(s): com.enonic.wem.core.entity.json
xp,com.enonic.wem.core.version,Cyclic Dependency,The tool detected the smell in this component because this component participates in a cyclic dependency. The participating components in the cycle are: com.enonic.wem.core.version; com.enonic.wem.core.entity
xp,com.enonic.wem.core.version,Unstable Dependency,The tool detected the smell in this component because this component depends on other components that are less stable than itself. This component depends on following less stable component(s): com.enonic.wem.core.entity
xp,com.enonic.wem.core.version,Feature Concentration,The tool detected the smell in this component because the component realizes more than one architectural concern/feature. Independent sets of related classes within this component are: [VersionService; NodeVersionDocument; Builder; GetVersionsQuery; Builder]; [VersionNotFoundException]. LCC (Lack of Component Cohesion) = 0.33
xp,com.enonic.wem.core.repository,Feature Concentration,The tool detected the smell in this component because the component realizes more than one architectural concern/feature. Independent sets of related classes within this component are: [StorageSettings]; [RepositorySearchIndexSettingsProvider; RepositoryInitializer; StorageNameResolver; AbstractRepositorySettingsProvider; RepositoryIndexMappingProvider; IndexNameResolver; RepositoryStorageSettingsProvider]. LCC (Lack of Component Cohesion) = 0.25
xp,com.enonic.wem.core.initializer,Unstable Dependency,The tool detected the smell in this component because this component depends on other components that are less stable than itself. This component depends on following less stable component(s): com.enonic.wem.core.security
xp,com.enonic.wem.core.image.filter.command,Cyclic Dependency,The tool detected the smell in this component because this component participates in a cyclic dependency. The participating components in the cycle are: com.enonic.wem.core.image.filter.command; com.enonic.wem.core.image.filter
xp,com.enonic.wem.core.content.page,Feature Concentration,The tool detected the smell in this component because the component realizes more than one architectural concern/feature. Independent sets of related classes within this component are: [GetPageDescriptorsByModuleCommand; AbstractGetPageDescriptorCommand; GetPageDescriptorsByModulesCommand; GetPageDescriptorCommand]; [CreatePageTemplateCommand]; [PageRegionsDataSerializer; PageDataSerializer]; [DeletePageCommand; Builder; UpdatePageCommand; Builder; CreatePageCommand; Builder; PageServiceImpl]; [GetPageTemplateByKeyCommand]; [PageTemplateFormDataBuilder]; [GetDefaultPageTemplateCommand; GetPageTemplateBySiteCommand]; [PageComponentServiceImpl]; [PageDescriptorServiceImpl]; [PageDescriptorXmlSerializer]; [GetPageComponentByNameCommand]; [PageTemplateServiceImpl]. LCC (Lack of Component Cohesion) = 0.52
xp,com.enonic.wem.core.workspace,Cyclic Dependency,The tool detected the smell in this component because this component participates in a cyclic dependency. The participating components in the cycle are: com.enonic.wem.core.workspace; com.enonic.wem.core.entity
xp,com.enonic.wem.core.workspace,Unstable Dependency,The tool detected the smell in this component because this component depends on other components that are less stable than itself. This component depends on following less stable component(s): com.enonic.wem.core.entity; com.enonic.wem.core.workspace.compare.query
xp,com.enonic.wem.core.workspace,Feature Concentration,The tool detected the smell in this component because the component realizes more than one architectural concern/feature. Independent sets of related classes within this component are: [WorkspaceContext; WorkspaceService; StoreWorkspaceDocument; Builder; UpdateWorkspaceReferenceDocument; Builder]; [WorkspaceStoreException]; [WorkspaceDocumentId]. LCC (Lack of Component Cohesion) = 0.38
xp,com.enonic.wem.core.workspace.compare,Cyclic Dependency,The tool detected the smell in this component because this component participates in a cyclic dependency. The participating components in the cycle are: com.enonic.wem.core.workspace.compare; com.enonic.wem.core.entity
xp,com.enonic.wem.portal.internal.underscore,Feature Concentration,The tool detected the smell in this component because the component realizes more than one architectural concern/feature. Independent sets of related classes within this component are: [PublicResourceTest; PublicResourceProvider; PublicResource]; [ImageByNameResourceTest; ImageBaseResourceTest; ImageResourceProvider; ImageByIdResourceTest; ImageResource]; [ServiceResourceTest; ServiceResourceProvider; ServiceResource]. LCC (Lack of Component Cohesion) = 0.27
xp,com.enonic.wem.portal.internal.controller,Cyclic Dependency,The tool detected the smell in this component because this component participates in a cyclic dependency. The participating components in the cycle are: com.enonic.wem.portal.internal.controller; com.enonic.wem.portal.internal.postprocess
xp,com.enonic.wem.portal.internal.controller,Unstable Dependency,The tool detected the smell in this component because this component depends on other components that are less stable than itself. This component depends on following less stable component(s): com.enonic.wem.script
xp,com.enonic.wem.portal.internal.content,Feature Concentration,The tool detected the smell in this component because the component realizes more than one architectural concern/feature. Independent sets of related classes within this component are: [RenderBaseResourceTest; ContentResourceTest; ComponentResourceTest]; [GetContentByIdScriptTest]; [FindContentByParentScriptTest]; [RenderBaseResource; ComponentResource; ContentResource; ComponentResourceProvider; ContentResourceProvider; RenderBaseResourceProvider]; [GetContentByIdHandler]; [FindContentByParentHandler]. LCC (Lack of Component Cohesion) = 0.46
xp,com.enonic.wem.portal.internal.content.page,Feature Concentration,The tool detected the smell in this component because the component realizes more than one architectural concern/feature. Independent sets of related classes within this component are: [TextRendererTest; TextRenderer]; [PageRendererContextImpl; PageRendererContext; PageRenderer]; [DescriptorNotFoundException]; [DescriptorBasedPageComponentRenderer; LayoutRenderer; PartRenderer]; [ImageRenderer]. LCC (Lack of Component Cohesion) = 0.5
xp,com.enonic.wem.portal.internal.postprocess,Cyclic Dependency,The tool detected the smell in this component because this component participates in a cyclic dependency. The participating components in the cycle are: com.enonic.wem.portal.internal.postprocess; com.enonic.wem.portal.internal.controller
xp,com.enonic.wem.portal.internal.postprocess,Unstable Dependency,The tool detected the smell in this component because this component depends on other components that are less stable than itself. This component depends on following less stable component(s): com.enonic.wem.portal.internal.controller
xp,com.enonic.wem.portal.internal.postprocess,Feature Concentration,The tool detected the smell in this component because the component realizes more than one architectural concern/feature. Independent sets of related classes within this component are: [TestPostProcessInstruction]; [TestPostProcessInjection]; [PostProcessorImplTest; PostProcessorImpl; PostProcessEvaluator; PostProcessor]. LCC (Lack of Component Cohesion) = 0.5
xp,com.enonic.wem.portal.internal.rendering,Unstable Dependency,The tool detected the smell in this component because this component depends on other components that are less stable than itself. This component depends on following less stable component(s): com.enonic.wem.api.content.page
xp,com.enonic.wem.portal.internal.rendering,Feature Concentration,The tool detected the smell in this component because the component realizes more than one architectural concern/feature. Independent sets of related classes within this component are: [RendererFactoryImplTest; Renderer; RendererFactory; RendererFactoryImpl; RenderResult; Builder]; [RendererNotFoundException]; [RenderException]. LCC (Lack of Component Cohesion) = 0.38
xp,com.enonic.wem.portal,Unstable Dependency,The tool detected the smell in this component because this component depends on other components that are less stable than itself. This component depends on following less stable component(s): com.enonic.wem.api.content.page
xp,com.enonic.wem.admin.rest.resource,Unstable Dependency,The tool detected the smell in this component because this component depends on other components that are less stable than itself. This component depends on following less stable component(s): com.enonic.wem.admin.rest.provider
xp,com.enonic.wem.admin.rest.resource.content,Cyclic Dependency,The tool detected the smell in this component because this component participates in a cyclic dependency. The participating components in the cycle are: com.enonic.wem.admin.rest.resource.content; com.enonic.wem.admin.rest.resource.content.json
xp,com.enonic.wem.admin.rest.resource.content,Unstable Dependency,The tool detected the smell in this component because this component depends on other components that are less stable than itself. This component depends on following less stable component(s): com.enonic.wem.admin.rest.resource.content.json
xp,com.enonic.wem.admin.rest.resource.content,Feature Concentration,The tool detected the smell in this component because the component realizes more than one architectural concern/feature. Independent sets of related classes within this component are: [ContentResourceTest; ContentResource; ContentIconUrlResolver; FindContentByQuertResultJsonFactory; Expand; GetNearestSiteJson]; [ResolvedImage; ContentIconResource; ContentImageResource; ContentImageHelper; ImageFilter]; [ContentDataParser]; [ContentAttachmentResource]. LCC (Lack of Component Cohesion) = 0.31
xp,com.enonic.wem.admin.rest.resource.content.page,Feature Concentration,The tool detected the smell in this component because the component realizes more than one architectural concern/feature. Independent sets of related classes within this component are: [PageResourceTest; PageResource; UpdatePageJson; CreatePageJson]; [CreatePageResult]; [PageDescriptorResource]; [PageTemplateResource]. LCC (Lack of Component Cohesion) = 0.57
xp,com.enonic.wem.admin.rest.resource.security.json,Feature Concentration,The tool detected the smell in this component because the component realizes more than one architectural concern/feature. Independent sets of related classes within this component are: [UserStoreJson; UserStoreKeyJson]; [PrincipalJson]; [UserJson]; [PrincipalsJson]; [UserStoresJson]. LCC (Lack of Component Cohesion) = 0.83
xp,com.enonic.wem.admin.rest.resource.relationship.json,Feature Concentration,The tool detected the smell in this component because the component realizes more than one architectural concern/feature. Independent sets of related classes within this component are: [RelationshipKeyParam; RelationshipUpdateParams]; [RelationshipListJson]; [UpdateRelationshipJson]; [RelationshipCreateParams]; [RelationshipJson]; [CreateRelationshipJson]. LCC (Lack of Component Cohesion) = 0.86
xp,com.enonic.wem.admin.rest.resource.content.json,God Component,The tool detected the smell in this component because the component contains high number of classes. Number of classes in the component are: 42
xp,com.enonic.wem.admin.rest.resource.content.json,Cyclic Dependency,The tool detected the smell in this component because this component participates in a cyclic dependency. The participating components in the cycle are: com.enonic.wem.admin.rest.resource.content.json; com.enonic.wem.admin.rest.resource.content
xp,com.enonic.wem.admin.rest.resource.content.json,Feature Concentration,The tool detected the smell in this component because the component realizes more than one architectural concern/feature. Independent sets of related classes within this component are: [ContentPermissionsJson]; [DateRangeJson]; [ContentQueryJson]; [ValidateContentParams]; [SetChildOrderJson; ChildOrderJson]; [TermsAggregationQueryJson; AggregationQueryJson; DateRangeAggregationQueryJson]; [DeleteContentResultJson]; [Success; Failure]; [AggregationsContentListJson; AbstractAggregationContentListJson; AggregationContentSummaryListJson; AggregationContentIdListJson]; [CreateContentJson]; [ContentNameJson]; [ContentSummaryQueryResultJson; Builder; ContentIdQueryResultJson; Builder; AbstractContentQueryResultJson; Builder; ContentQueryResultJson; Builder]; [DynamicOrderExprJson; OrderExprJson; FieldOrderExprJson]; [PrincipalJson; AccessControlEntryJson]; [UpdateContentJson; UpdateAttachmentsJson; ThumbnailJson]; [GetContentVersionsJson]; [OrderChildJson]; [PublishContentJson]; [CompareContentsJson]; [DeleteContentJson]; [ValidateContentJson]; [ErrorJson]; [DuplicateContentJson]. LCC (Lack of Component Cohesion) = 0.55
xp,com.enonic.wem.admin.json.schema.content,Feature Concentration,The tool detected the smell in this component because the component realizes more than one architectural concern/feature. Independent sets of related classes within this component are: [ContentTypeDeletedEventJson]; [ContentTypeConfigListJson; ContentTypeList; ContentTypeListJson; ContentTypeSummaryListJson]; [ContentTypeJson; ContentTypeSummaryJson]; [ContentTypeUpdatedEventJson]; [ContentTypeConfigJson]. LCC (Lack of Component Cohesion) = 0.56
xp,com.enonic.wem.admin.json,Feature Concentration,The tool detected the smell in this component because the component realizes more than one architectural concern/feature. Independent sets of related classes within this component are: [DateTimeSerializer]; [JsonErrorResult; JsonResult; JsonResultBuilder; JsonSerializable; ObjectMapperHelper]; [ChangeTraceableJson]; [ItemJson]. LCC (Lack of Component Cohesion) = 0.5
xp,com.enonic.wem.admin.json.content,Feature Concentration,The tool detected the smell in this component because the component realizes more than one architectural concern/feature. Independent sets of related classes within this component are: [GetActiveContentVersionsResultJson]; [ContentTypeFilterJson]; [ContentIdJson; ContentSummaryJson; ContentIdListJson; ContentListMetaDataJson; AbstractContentListJson; ContentThumbnailJson; ContentSummaryListJson; ContentListJson; ContentJson]; [ActiveContentVersionEntryJson; ContentVersionJson]; [CompareContentResultsJson]; [MetadataJson]; [CompareContentResultJson]; [ContentVersionsJson]; [GetContentVersionsResultJson]. LCC (Lack of Component Cohesion) = 0.5
xp,com.enonic.wem.admin.json.content.page,Cyclic Dependency,The tool detected the smell in this component because this component participates in a cyclic dependency. The participating components in the cycle are: com.enonic.wem.admin.json.content.page; com.enonic.wem.admin.json.content.page.region
xp,com.enonic.wem.admin.json.content.page,Feature Concentration,The tool detected the smell in this component because the component realizes more than one architectural concern/feature. Independent sets of related classes within this component are: [PageDescriptorListJson]; [PageComponentJsonSerializer; AbstractPageComponentJson; AbstractDescriptorBasedPageComponentJson]; [DescriptorJson]; [PageJson]; [PageDescriptorJson]. LCC (Lack of Component Cohesion) = 0.71
xp,com.enonic.wem.admin.json.content.page.region,Cyclic Dependency,The tool detected the smell in this component because this component participates in a cyclic dependency. The participating components in the cycle are: com.enonic.wem.admin.json.content.page.region; com.enonic.wem.admin.json.content.page
xp,com.enonic.wem.admin.json.content.page.region,Unstable Dependency,The tool detected the smell in this component because this component depends on other components that are less stable than itself. This component depends on following less stable component(s): com.enonic.wem.admin.json.content.page
xp,com.enonic.wem.launcher.home,Cyclic Dependency,The tool detected the smell in this component because this component participates in a cyclic dependency. The participating components in the cycle are: com.enonic.wem.launcher.home; com.enonic.wem.launcher.util
xp,com.enonic.wem.launcher.util,Cyclic Dependency,The tool detected the smell in this component because this component participates in a cyclic dependency. The participating components in the cycle are: com.enonic.wem.launcher.util; com.enonic.wem.launcher.home
xp,com.enonic.wem.api.data,Cyclic Dependency,The tool detected the smell in this component because this component participates in a cyclic dependency. The participating components in the cycle are: com.enonic.wem.api.data; com.enonic.wem.api.content.data
xp,com.enonic.wem.api.data,Cyclic Dependency,The tool detected the smell in this component because this component participates in a cyclic dependency. The participating components in the cycle are: com.enonic.wem.api.data; com.enonic.wem.api.data.type; com.enonic.wem.api.data.serializer
xp,com.enonic.wem.api.data,Cyclic Dependency,The tool detected the smell in this component because this component participates in a cyclic dependency. The participating components in the cycle are: com.enonic.wem.api.data; com.enonic.wem.api.data.type; com.enonic.wem.api.data.serializer; com.enonic.wem.api.support.serializer
xp,com.enonic.wem.api.data,Unstable Dependency,The tool detected the smell in this component because this component depends on other components that are less stable than itself. This component depends on following less stable component(s): com.enonic.wem.api.content.data; com.enonic.wem.api.data.type; com.enonic.wem.api.content
xp,com.enonic.wem.api.data.serializer,Cyclic Dependency,The tool detected the smell in this component because this component participates in a cyclic dependency. The participating components in the cycle are: com.enonic.wem.api.data.serializer; com.enonic.wem.api.data.type
xp,com.enonic.wem.api.data.serializer,Cyclic Dependency,The tool detected the smell in this component because this component participates in a cyclic dependency. The participating components in the cycle are: com.enonic.wem.api.data.serializer; com.enonic.wem.api.data; com.enonic.wem.api.data.type
xp,com.enonic.wem.api.data.serializer,Cyclic Dependency,The tool detected the smell in this component because this component participates in a cyclic dependency. The participating components in the cycle are: com.enonic.wem.api.data.serializer; com.enonic.wem.api.data; com.enonic.wem.api.content; com.enonic.wem.api.data.type
xp,com.enonic.wem.api.data.serializer,Feature Concentration,The tool detected the smell in this component because the component realizes more than one architectural concern/feature. Independent sets of related classes within this component are: [PropertyJsonSerializerTest; PropertyJsonSerializer; DataJsonSerializer; DataSetJsonSerializer]; [DataXmlSerializerTest; DataXmlSerializer]; [RootDataSetJsonSerializerTest; RootDataSetJsonSerializer]. LCC (Lack of Component Cohesion) = 0.38
xp,com.enonic.wem.api.schema.mixin,Cyclic Dependency,The tool detected the smell in this component because this component participates in a cyclic dependency. The participating components in the cycle are: com.enonic.wem.api.schema.mixin; com.enonic.wem.api.form
xp,com.enonic.wem.api.schema.mixin,Cyclic Dependency,The tool detected the smell in this component because this component participates in a cyclic dependency. The participating components in the cycle are: com.enonic.wem.api.schema.mixin; com.enonic.wem.api.form.inputtype; com.enonic.wem.api.form
xp,com.enonic.wem.api.schema.mixin,Unstable Dependency,The tool detected the smell in this component because this component depends on other components that are less stable than itself. This component depends on following less stable component(s): com.enonic.wem.api.form.inputtype
xp,com.enonic.wem.api.schema.relationship,Cyclic Dependency,The tool detected the smell in this component because this component participates in a cyclic dependency. The participating components in the cycle are: com.enonic.wem.api.schema.relationship; com.enonic.wem.api.schema.content; com.enonic.wem.api.form.inputtype
xp,com.enonic.wem.api.schema.relationship,Cyclic Dependency,The tool detected the smell in this component because this component participates in a cyclic dependency. The participating components in the cycle are: com.enonic.wem.api.schema.relationship; com.enonic.wem.api.schema.content; com.enonic.wem.api.form; com.enonic.wem.api.form.inputtype
xp,com.enonic.wem.api.schema.relationship,Cyclic Dependency,The tool detected the smell in this component because this component participates in a cyclic dependency. The participating components in the cycle are: com.enonic.wem.api.schema.relationship; com.enonic.wem.api.schema.content; com.enonic.wem.api.form; com.enonic.wem.api.schema.mixin; com.enonic.wem.api.form.inputtype
xp,com.enonic.wem.api.schema.relationship,Feature Concentration,The tool detected the smell in this component because the component realizes more than one architectural concern/feature. Independent sets of related classes within this component are: [RelationshipTypeTest; RelationshipType; Builder; RelationshipTypeNotFoundException; RelationshipTypeName; RelationshipTypes; ToNameFunction; RelationshipTypeService; RelationshipTypeRegistry; GetRelationshipTypeParams]; [RelationshipTypeNamesTest; RelationshipTypeNames; ParseFunction]; [RelationshipTypeProvider]. LCC (Lack of Component Cohesion) = 0.21
xp,com.enonic.wem.api.schema.content,Cyclic Dependency,The tool detected the smell in this component because this component participates in a cyclic dependency. The participating components in the cycle are: com.enonic.wem.api.schema.content; com.enonic.wem.api.form.inputtype; com.enonic.wem.api.schema.relationship
xp,com.enonic.wem.api.schema.content,Cyclic Dependency,The tool detected the smell in this component because this component participates in a cyclic dependency. The participating components in the cycle are: com.enonic.wem.api.schema.content; com.enonic.wem.api.form; com.enonic.wem.api.form.inputtype; com.enonic.wem.api.schema.relationship
xp,com.enonic.wem.api.schema.content,Cyclic Dependency,The tool detected the smell in this component because this component participates in a cyclic dependency. The participating components in the cycle are: com.enonic.wem.api.schema.content; com.enonic.wem.api.form; com.enonic.wem.api.form.inputtype; com.enonic.wem.api.data; com.enonic.wem.api.content
xp,com.enonic.wem.api.schema.content,Unstable Dependency,The tool detected the smell in this component because this component depends on other components that are less stable than itself. This component depends on following less stable component(s): com.enonic.wem.api.form; com.enonic.wem.api.form.inputtype
xp,com.enonic.wem.api.index,Cyclic Dependency,The tool detected the smell in this component because this component participates in a cyclic dependency. The participating components in the cycle are: com.enonic.wem.api.index; com.enonic.wem.api.data; com.enonic.wem.api.content
xp,com.enonic.wem.api.index,Cyclic Dependency,The tool detected the smell in this component because this component participates in a cyclic dependency. The participating components in the cycle are: com.enonic.wem.api.index; com.enonic.wem.api.data; com.enonic.wem.api.data.type; com.enonic.wem.api.content
xp,com.enonic.wem.api.index,Unstable Dependency,The tool detected the smell in this component because this component depends on other components that are less stable than itself. This component depends on following less stable component(s): com.enonic.wem.api.query.expr; com.enonic.wem.api.query.parser
xp,com.enonic.wem.api.form,God Component,The tool detected the smell in this component because the component contains high number of classes. Number of classes in the component are: 44
xp,com.enonic.wem.api.form,Cyclic Dependency,The tool detected the smell in this component because this component participates in a cyclic dependency. The participating components in the cycle are: com.enonic.wem.api.form; com.enonic.wem.api.form.inputtype
xp,com.enonic.wem.api.form,Cyclic Dependency,The tool detected the smell in this component because this component participates in a cyclic dependency. The participating components in the cycle are: com.enonic.wem.api.form; com.enonic.wem.api.form.inputtype; com.enonic.wem.api.content
xp,com.enonic.wem.api.form,Cyclic Dependency,The tool detected the smell in this component because this component participates in a cyclic dependency. The participating components in the cycle are: com.enonic.wem.api.form; com.enonic.wem.api.form.inputtype; com.enonic.wem.api.schema.relationship; com.enonic.wem.api.schema.content
xp,com.enonic.wem.api.form,Unstable Dependency,The tool detected the smell in this component because this component depends on other components that are less stable than itself. This component depends on following less stable component(s): com.enonic.wem.api.form.inputtype; com.enonic.wem.api.schema.mixin
xp,com.enonic.wem.api.form.inputtype,God Component,The tool detected the smell in this component because the component contains high number of classes. Number of classes in the component are: 73
xp,com.enonic.wem.api.form.inputtype,Cyclic Dependency,The tool detected the smell in this component because this component participates in a cyclic dependency. The participating components in the cycle are: com.enonic.wem.api.form.inputtype; com.enonic.wem.api.content
xp,com.enonic.wem.api.form.inputtype,Cyclic Dependency,The tool detected the smell in this component because this component participates in a cyclic dependency. The participating components in the cycle are: com.enonic.wem.api.form.inputtype; com.enonic.wem.api.schema.relationship; com.enonic.wem.api.schema.content
xp,com.enonic.wem.api.form.inputtype,Cyclic Dependency,The tool detected the smell in this component because this component participates in a cyclic dependency. The participating components in the cycle are: com.enonic.wem.api.form.inputtype; com.enonic.wem.api.schema.relationship; com.enonic.wem.api.schema.content; com.enonic.wem.api.form
xp,com.enonic.wem.api.form.inputtype,Cyclic Dependency,The tool detected the smell in this component because this component participates in a cyclic dependency. The participating components in the cycle are: com.enonic.wem.api.form.inputtype; com.enonic.wem.api.schema.relationship; com.enonic.wem.api.schema.content; com.enonic.wem.api.form; com.enonic.wem.api.schema.mixin
xp,com.enonic.wem.api.form.inputtype,Unstable Dependency,The tool detected the smell in this component because this component depends on other components that are less stable than itself. This component depends on following less stable component(s): com.acme
xp,com.enonic.wem.api.xml,Feature Concentration,The tool detected the smell in this component because the component realizes more than one architectural concern/feature. Independent sets of related classes within this component are: [XsdGeneratorTest; XsdGenerator; SchemaOutput; DomHelperTest; DomHelper; DomBuilderTest; DomBuilder]; [XmlException; XmlDomHelper]. LCC (Lack of Component Cohesion) = 0.22
xp,com.enonic.wem.api.security.auth,Cyclic Dependency,The tool detected the smell in this component because this component participates in a cyclic dependency. The participating components in the cycle are: com.enonic.wem.api.security.auth; com.enonic.wem.api.security
xp,com.enonic.wem.api.security.auth,Feature Concentration,The tool detected the smell in this component because the component realizes more than one architectural concern/feature. Independent sets of related classes within this component are: [AuthenticationInfoTest; AuthenticationInfo; Builder]; [AuthenticationException]; [PasswordAuthToken; UsernamePasswordAuthToken; EmailPasswordAuthToken; AuthenticationToken]. LCC (Lack of Component Cohesion) = 0.38
xp,com.enonic.wem.api.security,God Component,The tool detected the smell in this component because the component contains high number of classes. Number of classes in the component are: 41
xp,com.enonic.wem.api.security,Cyclic Dependency,The tool detected the smell in this component because this component participates in a cyclic dependency. The participating components in the cycle are: com.enonic.wem.api.security; com.enonic.wem.api.security.auth
xp,com.enonic.wem.api.security,Unstable Dependency,The tool detected the smell in this component because this component depends on other components that are less stable than itself. This component depends on following less stable component(s): com.enonic.wem.api.security.auth
xp,com.enonic.wem.api.relationship,Cyclic Dependency,The tool detected the smell in this component because this component participates in a cyclic dependency. The participating components in the cycle are: com.enonic.wem.api.relationship; com.enonic.wem.api.relationship.editor
xp,com.enonic.wem.api.relationship,Unstable Dependency,The tool detected the smell in this component because this component depends on other components that are less stable than itself. This component depends on following less stable component(s): com.enonic.wem.api.relationship.editor
xp,com.enonic.wem.api.relationship.editor,Cyclic Dependency,The tool detected the smell in this component because this component participates in a cyclic dependency. The participating components in the cycle are: com.enonic.wem.api.relationship.editor; com.enonic.wem.api.relationship
xp,com.enonic.wem.api.util,Feature Concentration,The tool detected the smell in this component because the component realizes more than one architectural concern/feature. Independent sets of related classes within this component are: [GeoPointTest; GeoPoint]; [ExceptionsTest; Exceptions; Builder]; [MediaTypes]. LCC (Lack of Component Cohesion) = 0.5
xp,com.enonic.wem.api,Feature Concentration,The tool detected the smell in this component because the component realizes more than one architectural concern/feature. Independent sets of related classes within this component are: [NameTest; Name]; [BasePath; Element; Builder]; [Version]; [Icon]; [BaseVersion]. LCC (Lack of Component Cohesion) = 0.63
xp,com.enonic.wem.api.support,Feature Concentration,The tool detected the smell in this component because the component realizes more than one architectural concern/feature. Independent sets of related classes within this component are: [SerializingTestHelper; XmlTestHelper; JsonTestHelper; ResourceTestHelper]; [AbstractImmutableEntitySetTest; MySet; AbstractImmutableEntitySet]; [AbstractEqualsTest]; [AbstractImmutableEntityListTest; MyList; AbstractImmutableEntityList]; [Editor]; [PossibleChange; Builder; Changes; Builder; EditBuilder; Change]; [ChangeTraceable]; [AbstractId]. LCC (Lack of Component Cohesion) = 0.4
xp,com.enonic.wem.api.content,God Component,The tool detected the smell in this component because the component contains high number of classes. Number of classes in the component are: 81
xp,com.enonic.wem.api.content,Cyclic Dependency,The tool detected the smell in this component because this component participates in a cyclic dependency. The participating components in the cycle are: com.enonic.wem.api.content; com.enonic.wem.api.data
xp,com.enonic.wem.api.content,Cyclic Dependency,The tool detected the smell in this component because this component participates in a cyclic dependency. The participating components in the cycle are: com.enonic.wem.api.content; com.enonic.wem.api.schema.content; com.enonic.wem.api.form.inputtype
xp,com.enonic.wem.api.content,Cyclic Dependency,The tool detected the smell in this component because this component participates in a cyclic dependency. The participating components in the cycle are: com.enonic.wem.api.content; com.enonic.wem.api.schema.content; com.enonic.wem.api.form; com.enonic.wem.api.form.inputtype
xp,com.enonic.wem.api.content,Cyclic Dependency,The tool detected the smell in this component because this component participates in a cyclic dependency. The participating components in the cycle are: com.enonic.wem.api.content; com.enonic.wem.api.schema.content; com.enonic.wem.api.form; com.enonic.wem.api.form.inputtype; com.enonic.wem.api.data
xp,com.enonic.wem.api.content,Unstable Dependency,The tool detected the smell in this component because this component depends on other components that are less stable than itself. This component depends on following less stable component(s): com.enonic.wem.api.form.inputtype; com.enonic.wem.api.content.page; com.enonic.wem.api.content.query; com.enonic.wem.api.security.acl; com.enonic.wem.api.content.site
xp,com.enonic.wem.api.content.site,Cyclic Dependency,The tool detected the smell in this component because this component participates in a cyclic dependency. The participating components in the cycle are: com.enonic.wem.api.content.site; com.enonic.wem.api.content
xp,com.enonic.wem.api.content.site,Cyclic Dependency,The tool detected the smell in this component because this component participates in a cyclic dependency. The participating components in the cycle are: com.enonic.wem.api.content.site; com.enonic.wem.api.data; com.enonic.wem.api.content
xp,com.enonic.wem.api.content.page,God Component,The tool detected the smell in this component because the component contains high number of classes. Number of classes in the component are: 59
xp,com.enonic.wem.api.content.page,Cyclic Dependency,The tool detected the smell in this component because this component participates in a cyclic dependency. The participating components in the cycle are: com.enonic.wem.api.content.page; com.enonic.wem.api.content.page.part
xp,com.enonic.wem.api.content.page,Cyclic Dependency,The tool detected the smell in this component because this component participates in a cyclic dependency. The participating components in the cycle are: com.enonic.wem.api.content.page; com.enonic.wem.api.content.page.layout; com.enonic.wem.api.content.page.region
xp,com.enonic.wem.api.content.page,Cyclic Dependency,The tool detected the smell in this component because this component participates in a cyclic dependency. The participating components in the cycle are: com.enonic.wem.api.content.page; com.enonic.wem.api.form; com.enonic.wem.api.form.inputtype; com.enonic.wem.api.content
xp,com.enonic.wem.api.content.page,Cyclic Dependency,The tool detected the smell in this component because this component participates in a cyclic dependency. The participating components in the cycle are: com.enonic.wem.api.content.page; com.enonic.wem.api.form; com.enonic.wem.api.form.inputtype; com.enonic.wem.api.data; com.enonic.wem.api.content
xp,com.enonic.wem.api.content.page,Unstable Dependency,The tool detected the smell in this component because this component depends on other components that are less stable than itself. This component depends on following less stable component(s): com.enonic.wem.api.content.page.part; com.enonic.wem.api.content.page.layout; com.enonic.wem.api.content.page.image; com.enonic.wem.api.content.page.text
xp,com.enonic.wem.api.content.page.text,Cyclic Dependency,The tool detected the smell in this component because this component participates in a cyclic dependency. The participating components in the cycle are: com.enonic.wem.api.content.page.text; com.enonic.wem.api.content.page
xp,com.enonic.wem.api.content.page.text,Cyclic Dependency,The tool detected the smell in this component because this component participates in a cyclic dependency. The participating components in the cycle are: com.enonic.wem.api.content.page.text; com.enonic.wem.api.data; com.enonic.wem.api.content; com.enonic.wem.api.content.page
xp,com.enonic.wem.api.content.page.text,Cyclic Dependency,The tool detected the smell in this component because this component participates in a cyclic dependency. The participating components in the cycle are: com.enonic.wem.api.content.page.text; com.enonic.wem.api.data; com.enonic.wem.api.data.type; com.enonic.wem.api.content; com.enonic.wem.api.content.page
xp,com.enonic.wem.api.context,Cyclic Dependency,The tool detected the smell in this component because this component participates in a cyclic dependency. The participating components in the cycle are: com.enonic.wem.api.context; com.enonic.wem.api.content
xp,com.enonic.wem.api.context,Cyclic Dependency,The tool detected the smell in this component because this component participates in a cyclic dependency. The participating components in the cycle are: com.enonic.wem.api.context; com.enonic.wem.api.workspace; com.enonic.wem.api.index; com.enonic.wem.api.data; com.enonic.wem.api.content
xp,com.enonic.wem.api.context,Unstable Dependency,The tool detected the smell in this component because this component depends on other components that are less stable than itself. This component depends on following less stable component(s): com.enonic.wem.api.content
xp,com.acme,Cyclic Dependency,The tool detected the smell in this component because this component participates in a cyclic dependency. The participating components in the cycle are: com.acme; com.enonic.wem.api.data; com.enonic.wem.api.content; com.enonic.wem.api.form.inputtype
xp,com.acme,Cyclic Dependency,The tool detected the smell in this component because this component participates in a cyclic dependency. The participating components in the cycle are: com.acme; com.enonic.wem.api.data; com.enonic.wem.api.data.type; com.enonic.wem.api.content; com.enonic.wem.api.form.inputtype
xp,com.enonic.wem.api.data.type,Cyclic Dependency,The tool detected the smell in this component because this component participates in a cyclic dependency. The participating components in the cycle are: com.enonic.wem.api.data.type; com.enonic.wem.api.data.serializer
xp,com.enonic.wem.api.data.type,Cyclic Dependency,The tool detected the smell in this component because this component participates in a cyclic dependency. The participating components in the cycle are: com.enonic.wem.api.data.type; com.enonic.wem.api.data.serializer; com.enonic.wem.api.data
xp,com.enonic.wem.api.data.type,Cyclic Dependency,The tool detected the smell in this component because this component participates in a cyclic dependency. The participating components in the cycle are: com.enonic.wem.api.data.type; com.enonic.wem.api.data.serializer; com.enonic.wem.api.data; com.enonic.wem.api.content
xp,com.enonic.wem.api.data.type,Unstable Dependency,The tool detected the smell in this component because this component depends on other components that are less stable than itself. This component depends on following less stable component(s): com.enonic.wem.api.data.serializer; com.enonic.wem.api.content
xp,com.enonic.wem.api.schema.metadata,Cyclic Dependency,The tool detected the smell in this component because this component participates in a cyclic dependency. The participating components in the cycle are: com.enonic.wem.api.schema.metadata; com.enonic.wem.api.form; com.enonic.wem.api.form.inputtype; com.enonic.wem.api.content
xp,com.enonic.wem.api.schema.metadata,Cyclic Dependency,The tool detected the smell in this component because this component participates in a cyclic dependency. The participating components in the cycle are: com.enonic.wem.api.schema.metadata; com.enonic.wem.api.form; com.enonic.wem.api.form.inputtype; com.enonic.wem.api.data; com.enonic.wem.api.content
xp,com.enonic.wem.api.schema.metadata,Unstable Dependency,The tool detected the smell in this component because this component depends on other components that are less stable than itself. This component depends on following less stable component(s): com.enonic.wem.api.form
xp,com.enonic.wem.api.aggregation,Feature Concentration,The tool detected the smell in this component because the component realizes more than one architectural concern/feature. Independent sets of related classes within this component are: [Bucket; Buckets; Builder; DateRangeBucket; BucketAggregation; Builder; Aggregation; Aggregations; Builder]; [Builder]. LCC (Lack of Component Cohesion) = 0.2
xp,com.enonic.wem.api.xml.model,Feature Concentration,The tool detected the smell in this component because the component realizes more than one architectural concern/feature. Independent sets of related classes within this component are: [XmlDataProperty; XmlDataPropertyType]; [XmlPartComponent]; [XmlPageRegion]; [XmlFieldSet; XmlFormItem; XmlFormItemSet; XmlOccurrence; XmlMixinReference; XmlFormItems; XmlPartDescriptor; XmlForm; XmlContentType; XmlMetadataSchema; XmlModule; XmlVendor; XmlMetadataSchemas; XmlInput; XmlImageDescriptor; XmlPageDescriptor; XmlMixin; XmlLayoutDescriptor]; [XmlDataSet; XmlNode]; [XmlPageRegions]; [XmlRelationshipType]; [XmlRegionDescriptor]. LCC (Lack of Component Cohesion) = 0.3
xp,com.enonic.wem.api.xml.mapper,Feature Concentration,The tool detected the smell in this component because the component realizes more than one architectural concern/feature. Independent sets of related classes within this component are: [XmlPartDescriptorMapper; XmlFormMapper; XmlMetadataSchemaMapper; XmlMixinMapper; XmlPageDescriptorMapper; XmlRegionDescriptorMapper; XmlLayoutDescriptorMapper; XmlContentTypeMapper]; [XmlRelationshipTypeMapper]. LCC (Lack of Component Cohesion) = 0.22
xp,com.enonic.wem.api.support.serializer,Cyclic Dependency,The tool detected the smell in this component because this component participates in a cyclic dependency. The participating components in the cycle are: com.enonic.wem.api.support.serializer; com.enonic.wem.api.data; com.enonic.wem.api.data.type; com.enonic.wem.api.data.serializer
xp,com.enonic.wem.api.support.serializer,Cyclic Dependency,The tool detected the smell in this component because this component participates in a cyclic dependency. The participating components in the cycle are: com.enonic.wem.api.support.serializer; com.enonic.wem.api.data; com.enonic.wem.api.content; com.enonic.wem.api.data.type; com.enonic.wem.api.data.serializer
xp,com.enonic.wem.api.support.serializer,Feature Concentration,The tool detected the smell in this component because the component realizes more than one architectural concern/feature. Independent sets of related classes within this component are: [AbstractJsonSerializer; JsonFactoryHolder; JsonSerializingException; SerializingException; XmlSerializingException]; [XmlParsingException; ParsingException; JsonParsingException]; [AbstractDataSetSerializer]; [AbstractDataListSerializer]; [JsonSerializerUtil]. LCC (Lack of Component Cohesion) = 0.45
xp,com.enonic.wem.api.content.data,Cyclic Dependency,The tool detected the smell in this component because this component participates in a cyclic dependency. The participating components in the cycle are: com.enonic.wem.api.content.data; com.enonic.wem.api.data
xp,com.enonic.wem.api.content.data,Cyclic Dependency,The tool detected the smell in this component because this component participates in a cyclic dependency. The participating components in the cycle are: com.enonic.wem.api.content.data; com.enonic.wem.api.data; com.enonic.wem.api.content
xp,com.enonic.wem.api.content.data,Cyclic Dependency,The tool detected the smell in this component because this component participates in a cyclic dependency. The participating components in the cycle are: com.enonic.wem.api.content.data; com.enonic.wem.api.data; com.enonic.wem.api.data.type; com.enonic.wem.api.content
xp,com.enonic.wem.api.content.page.region,Cyclic Dependency,The tool detected the smell in this component because this component participates in a cyclic dependency. The participating components in the cycle are: com.enonic.wem.api.content.page.region; com.enonic.wem.api.content.page
xp,com.enonic.wem.api.content.page.region,Cyclic Dependency,The tool detected the smell in this component because this component participates in a cyclic dependency. The participating components in the cycle are: com.enonic.wem.api.content.page.region; com.enonic.wem.api.content.page; com.enonic.wem.api.content.page.layout
xp,com.enonic.wem.api.content.page.region,Unstable Dependency,The tool detected the smell in this component because this component depends on other components that are less stable than itself. This component depends on following less stable component(s): com.enonic.wem.api.content.page; com.enonic.wem.api.content.page.layout
xp,com.enonic.wem.api.content.page.region,Feature Concentration,The tool detected the smell in this component because the component realizes more than one architectural concern/feature. Independent sets of related classes within this component are: [RegionPath; Region; Builder; RegionDataSerializer; RegionDescriptor; Builder; RegionDescriptors; Builder]; [RegionPlaceableComponent]. LCC (Lack of Component Cohesion) = 0.22
xp,com.enonic.wem.api.content.page.layout,Cyclic Dependency,The tool detected the smell in this component because this component participates in a cyclic dependency. The participating components in the cycle are: com.enonic.wem.api.content.page.layout; com.enonic.wem.api.content.page.region
xp,com.enonic.wem.api.content.page.layout,Cyclic Dependency,The tool detected the smell in this component because this component participates in a cyclic dependency. The participating components in the cycle are: com.enonic.wem.api.content.page.layout; com.enonic.wem.api.content.page.region; com.enonic.wem.api.content.page
xp,com.enonic.wem.api.content.page.image,Cyclic Dependency,The tool detected the smell in this component because this component participates in a cyclic dependency. The participating components in the cycle are: com.enonic.wem.api.content.page.image; com.enonic.wem.api.content.page
xp,com.enonic.wem.api.content.page.image,Cyclic Dependency,The tool detected the smell in this component because this component participates in a cyclic dependency. The participating components in the cycle are: com.enonic.wem.api.content.page.image; com.enonic.wem.api.content; com.enonic.wem.api.content.page
xp,com.enonic.wem.api.content.page.image,Cyclic Dependency,The tool detected the smell in this component because this component participates in a cyclic dependency. The participating components in the cycle are: com.enonic.wem.api.content.page.image; com.enonic.wem.api.data; com.enonic.wem.api.content; com.enonic.wem.api.content.page
xp,com.enonic.wem.api.content.page.image,Cyclic Dependency,The tool detected the smell in this component because this component participates in a cyclic dependency. The participating components in the cycle are: com.enonic.wem.api.content.page.image; com.enonic.wem.api.data; com.enonic.wem.api.data.type; com.enonic.wem.api.content; com.enonic.wem.api.content.page
xp,com.enonic.wem.api.content.page.part,Cyclic Dependency,The tool detected the smell in this component because this component participates in a cyclic dependency. The participating components in the cycle are: com.enonic.wem.api.content.page.part; com.enonic.wem.api.content.page
xp,com.enonic.wem.api.content.attachment,Cyclic Dependency,The tool detected the smell in this component because this component participates in a cyclic dependency. The participating components in the cycle are: com.enonic.wem.api.content.attachment; com.enonic.wem.api.content
xp,com.enonic.wem.api.content.attachment,Unstable Dependency,The tool detected the smell in this component because this component depends on other components that are less stable than itself. This component depends on following less stable component(s): com.enonic.wem.api.content
xp,com.enonic.wem.api.content.query,Cyclic Dependency,The tool detected the smell in this component because this component participates in a cyclic dependency. The participating components in the cycle are: com.enonic.wem.api.content.query; com.enonic.wem.api.content
xp,com.enonic.wem.api.query.parser,Cyclic Dependency,The tool detected the smell in this component because this component participates in a cyclic dependency. The participating components in the cycle are: com.enonic.wem.api.query.parser; com.enonic.wem.api.query.expr; com.enonic.wem.api.data; com.enonic.wem.api.content; com.enonic.wem.api.index
xp,com.enonic.wem.api.query.expr,Cyclic Dependency,The tool detected the smell in this component because this component participates in a cyclic dependency. The participating components in the cycle are: com.enonic.wem.api.query.expr; com.enonic.wem.api.data; com.enonic.wem.api.content
xp,com.enonic.wem.api.query.expr,Cyclic Dependency,The tool detected the smell in this component because this component participates in a cyclic dependency. The participating components in the cycle are: com.enonic.wem.api.query.expr; com.enonic.wem.api.data; com.enonic.wem.api.data.type; com.enonic.wem.api.content
xp,com.enonic.wem.api.query.filter,Cyclic Dependency,The tool detected the smell in this component because this component participates in a cyclic dependency. The participating components in the cycle are: com.enonic.wem.api.query.filter; com.enonic.wem.api.data; com.enonic.wem.api.content; com.enonic.wem.api.content.query
xp,com.enonic.wem.api.query.filter,Cyclic Dependency,The tool detected the smell in this component because this component participates in a cyclic dependency. The participating components in the cycle are: com.enonic.wem.api.query.filter; com.enonic.wem.api.data; com.enonic.wem.api.data.type; com.enonic.wem.api.content; com.enonic.wem.api.content.query
xp,com.enonic.wem.api.workspace,Cyclic Dependency,The tool detected the smell in this component because this component participates in a cyclic dependency. The participating components in the cycle are: com.enonic.wem.api.workspace; com.enonic.wem.api.index; com.enonic.wem.api.data; com.enonic.wem.api.content
xp,com.enonic.wem.api.workspace,Cyclic Dependency,The tool detected the smell in this component because this component participates in a cyclic dependency. The participating components in the cycle are: com.enonic.wem.api.workspace; com.enonic.wem.api.index; com.enonic.wem.api.data; com.enonic.wem.api.data.type; com.enonic.wem.api.content
xp,com.enonic.wem.api.workspace,Unstable Dependency,The tool detected the smell in this component because this component depends on other components that are less stable than itself. This component depends on following less stable component(s): com.enonic.wem.api.index
xp,com.enonic.wem.servlet.internal,Feature Concentration,The tool detected the smell in this component because the component realizes more than one architectural concern/feature. Independent sets of related classes within this component are: [JaxRsDispatcher; JaxRsServlet; RequestFactoryImpl; ResponseFactoryImpl; JaxRsApplication]; [JaxRsResourceFactory]. LCC (Lack of Component Cohesion) = 0.33
xp,com.enonic.wem.xslt.internal,Feature Concentration,The tool detected the smell in this component because the component realizes more than one architectural concern/feature. Independent sets of related classes within this component are: [XsltProcessorImplTest; XsltProcessorFactoryImpl]; [RenderViewScriptTest; RenderViewHandler]; [ContextDocBuilder; XsltProcessorImpl; XsltProcessorErrors]. LCC (Lack of Component Cohesion) = 0.43
xp,com.enonic.wem.script,Cyclic Dependency,The tool detected the smell in this component because this component participates in a cyclic dependency. The participating components in the cycle are: com.enonic.wem.script; com.enonic.wem.script.internal
xp,com.enonic.wem.script,Unstable Dependency,The tool detected the smell in this component because this component depends on other components that are less stable than itself. This component depends on following less stable component(s): com.enonic.wem.script.internal
xp,com.enonic.wem.script.internal,Cyclic Dependency,The tool detected the smell in this component because this component participates in a cyclic dependency. The participating components in the cycle are: com.enonic.wem.script.internal; com.enonic.wem.script
xp,com.enonic.wem.script.internal,Feature Concentration,The tool detected the smell in this component because the component realizes more than one architectural concern/feature. Independent sets of related classes within this component are: [ScriptServiceImplTest]; [TestCommandHandler; TestCommand; CommandHandlerTest]; [ScriptExecutor; ScriptServiceImpl; CommandInvokerImpl; ScriptExecutorImpl; ScriptModuleScope; ScriptExportsImpl]. LCC (Lack of Component Cohesion) = 0.3
xp,com.enonic.wem.thymeleaf.internal,Feature Concentration,The tool detected the smell in this component because the component realizes more than one architectural concern/feature. Independent sets of related classes within this component are: [ThymeleafProcessorImplTest; ThymeleafProcessorFactoryImpl]; [RenderViewScriptTest; RenderViewHandler]; [ThymeleafResourceResolver]; [ComponentProcessor]; [ThymeleafDialect]; [ThymeleafProcessorImpl]. LCC (Lack of Component Cohesion) = 0.75
