Project Name,Package Name,Type Name,Testability Smell,Cause of the Smell
xp,com.enonic.wem.core.schema.mixin,CreateMixinHandlerTest,Excessive Dependency,The tool detected the smell in this class because the class depends on too many dependencies. The total number of dependencies is: 9
xp,com.enonic.wem.core.schema.mixin,GetMixinsHandlerTest,Excessive Dependency,The tool detected the smell in this class because the class depends on too many dependencies. The total number of dependencies is: 8
xp,com.enonic.wem.core.schema.mixin,UpdateMixinHandlerTest,Excessive Dependency,The tool detected the smell in this class because the class depends on too many dependencies. The total number of dependencies is: 12
xp,com.enonic.wem.core.schema.mixin,MixinsInitializer,Excessive Dependency,The tool detected the smell in this class because the class depends on too many dependencies. The total number of dependencies is: 10
xp,com.enonic.wem.core.schema.mixin,CreateMixinHandler,Excessive Dependency,The tool detected the smell in this class because the class depends on too many dependencies. The total number of dependencies is: 8
xp,com.enonic.wem.core.schema.mixin.dao,MixinDaoImplTest,Excessive Dependency,The tool detected the smell in this class because the class depends on too many dependencies. The total number of dependencies is: 10
xp,com.enonic.wem.core.schema.mixin.dao,MixinDao,Global State,The tool detected the smell in this class because the class declares global variables. The detected global variables are: MIXINS_NODE; MIXINS_PATH
xp,com.enonic.wem.core.schema,GetSchemasHandlerTest,Excessive Dependency,The tool detected the smell in this class because the class depends on too many dependencies. The total number of dependencies is: 15
xp,com.enonic.wem.core.schema,GetSchemaTreeHandlerTest,Excessive Dependency,The tool detected the smell in this class because the class depends on too many dependencies. The total number of dependencies is: 15
xp,com.enonic.wem.core.schema,SchemaModule,Excessive Dependency,The tool detected the smell in this class because the class depends on too many dependencies. The total number of dependencies is: 29
xp,com.enonic.wem.core.schema,GetSchemaTreeHandler,Excessive Dependency,The tool detected the smell in this class because the class depends on too many dependencies. The total number of dependencies is: 8
xp,com.enonic.wem.core.schema,GetSchemasHandler,Excessive Dependency,The tool detected the smell in this class because the class depends on too many dependencies. The total number of dependencies is: 8
xp,com.enonic.wem.core.schema.relationship.dao,RelationshipTypeDaoImplTest,Excessive Dependency,The tool detected the smell in this class because the class depends on too many dependencies. The total number of dependencies is: 8
xp,com.enonic.wem.core.schema.relationship.dao,RelationshipTypeDao,Global State,The tool detected the smell in this class because the class declares global variables. The detected global variables are: RELATIONSHIP_TYPES_NODE; RELATIONSHIP_TYPES_PATH
xp,com.enonic.wem.core.schema.relationship,GetRelationshipTypesHandlerTest,Excessive Dependency,The tool detected the smell in this class because the class depends on too many dependencies. The total number of dependencies is: 8
xp,com.enonic.wem.core.schema.content,UpdateContentTypeHandlerTest,Excessive Dependency,The tool detected the smell in this class because the class depends on too many dependencies. The total number of dependencies is: 11
xp,com.enonic.wem.core.schema.content,CreateContentTypeHandlerTest,Excessive Dependency,The tool detected the smell in this class because the class depends on too many dependencies. The total number of dependencies is: 8
xp,com.enonic.wem.core.schema.content,GetContentTypeTreeHandlerTest,Excessive Dependency,The tool detected the smell in this class because the class depends on too many dependencies. The total number of dependencies is: 8
xp,com.enonic.wem.core.schema.content,ContentTypesInitializer,Excessive Dependency,The tool detected the smell in this class because the class depends on too many dependencies. The total number of dependencies is: 9
xp,com.enonic.wem.core.schema.content,GetContentTypesHandler,Excessive Dependency,The tool detected the smell in this class because the class depends on too many dependencies. The total number of dependencies is: 8
xp,com.enonic.wem.core.schema.content,UpdateContentTypeHandler,Excessive Dependency,The tool detected the smell in this class because the class depends on too many dependencies. The total number of dependencies is: 8
xp,com.enonic.wem.core.schema.content,DemoImagesInitializer,Excessive Dependency,The tool detected the smell in this class because the class depends on too many dependencies. The total number of dependencies is: 9
xp,com.enonic.wem.core.schema.content.dao,ContentTypeDaoImplTest,Excessive Dependency,The tool detected the smell in this class because the class depends on too many dependencies. The total number of dependencies is: 11
xp,com.enonic.wem.core.schema.content.serializer,AbstractContentTypeSerializerTest,Excessive Dependency,The tool detected the smell in this class because the class depends on too many dependencies. The total number of dependencies is: 20
xp,com.enonic.wem.core.schema.content.serializer,FormItemJsonSerializerTest,Excessive Dependency,The tool detected the smell in this class because the class depends on too many dependencies. The total number of dependencies is: 9
xp,com.enonic.wem.core.schema.content.serializer,FormItemXmlSerializer,Global State,The tool detected the smell in this class because the class declares global variables. The detected global variables are: NAME; TYPE; LABEL; IMMUTABLE; INDEXED; CUSTOM_TEXT; HELP_TEXT; REFERENCE; VALIDATION_REGEX
xp,com.enonic.wem.core.schema.content.serializer,FormItemXmlSerializer,Excessive Dependency,The tool detected the smell in this class because the class depends on too many dependencies. The total number of dependencies is: 13
xp,com.enonic.wem.core.schema.content.serializer,InputJsonSerializer,Global State,The tool detected the smell in this class because the class declares global variables. The detected global variables are: LABEL; IMMUTABLE; CUSTOM_TEXT; HELP_TEXT; OCCURRENCES; INDEXED; VALIDATION_REGEXP; CONFIG
xp,com.enonic.wem.core.schema.content.serializer,LayoutJsonSerializer,Global State,The tool detected the smell in this class because the class declares global variables. The detected global variables are: LABEL; ITEMS
xp,com.enonic.wem.core.schema.content.serializer,FormItemSetJsonSerializer,Global State,The tool detected the smell in this class because the class declares global variables. The detected global variables are: LABEL; IMMUTABLE; CUSTOM_TEXT; HELP_TEXT; OCCURRENCES; ITEMS
xp,com.enonic.wem.core.schema.content.serializer,MixinReferenceJsonSerializer,Global State,The tool detected the smell in this class because the class declares global variables. The detected global variables are: TYPE
xp,com.enonic.wem.core.index,IndexServiceImplTest,Excessive Dependency,The tool detected the smell in this class because the class depends on too many dependencies. The total number of dependencies is: 12
xp,com.enonic.wem.core.index,ReindexService,Excessive Dependency,The tool detected the smell in this class because the class depends on too many dependencies. The total number of dependencies is: 8
xp,com.enonic.wem.core.index,IndexConstants,Global State,The tool detected the smell in this class because the class declares global variables. The detected global variables are: WEM_INDEX; NODB_INDEX; FIELD_TYPE_SPERATATOR; NUMBER_FIELD_POSTFIX; DATE_FIELD_POSTFIX; ALL_USERDATA_BASE; ALL_USERDATA_STRING_FIELD; ALL_USERDATA_NUMBER_FIELD; ALL_USERDATA_DATE_FIELD
xp,com.enonic.wem.core.index,IndexService,Excessive Dependency,The tool detected the smell in this class because the class depends on too many dependencies. The total number of dependencies is: 14
xp,com.enonic.wem.core.index.indexdocument,Builder,Global State,The tool detected the smell in this class because the class can be accessed as a `global` state.
xp,com.enonic.wem.core.index.indexdocument,OrderbyValueResolver,Global State,The tool detected the smell in this class because the class declares global variables. The detected global variables are: ELASTICSEARCH_FULL_DATE_FORMAT
xp,com.enonic.wem.core.index.indexdocument,IndexDocumentItemFactory,Excessive Dependency,The tool detected the smell in this class because the class depends on too many dependencies. The total number of dependencies is: 10
xp,com.enonic.wem.core.index.elastic.indexsource,IndexSourceEntryFactory,Global State,The tool detected the smell in this class because the class declares global variables. The detected global variables are: ORDERBY_FIELD_POSTFIX; NUMERIC_FIELD_POSTFIX; DATE_FIELD_POSTFIX; FIELD_TYPE_SEPARATOR; DEFAULT_EMPTY_STRING_VALUE
xp,com.enonic.wem.core.index.elastic,ElasticsearchIndexServiceImpl,Global State,The tool detected the smell in this class because the class declares global variables. The detected global variables are: CLUSTER_NOWAIT_TIMEOUT
xp,com.enonic.wem.core.index.elastic,ElasticsearchIndexServiceImpl,Excessive Dependency,The tool detected the smell in this class because the class depends on too many dependencies. The total number of dependencies is: 15
xp,com.enonic.wem.core.index.elastic,ElasticsearchFormatter,Global State,The tool detected the smell in this class because the class declares global variables. The detected global variables are: ELASTICSEARCH_WITHOUT_ISO_DATE_FORMAT_WITHOUT_MS
xp,com.enonic.wem.core.index.content,ContentIndexDocumentsFactory,Excessive Dependency,The tool detected the smell in this class because the class depends on too many dependencies. The total number of dependencies is: 9
xp,com.enonic.wem.core.index.content,ContentIndexField,Global State,The tool detected the smell in this class because the class declares global variables. The detected global variables are: FIELD_SEPARATOR; TYPE_SEPARATOR; KEY; DISPLAY_NAME; LAST_MODIFIED; CREATED; CONTENT_TYPE; OWNER; MODIFIER; CONTENT_DATA_PREFIX; PATH; SPACE; NAME
xp,com.enonic.wem.core.account,DeleteAccountHandlerTest,Excessive Dependency,The tool detected the smell in this class because the class depends on too many dependencies. The total number of dependencies is: 9
xp,com.enonic.wem.core.account,UpdateAccountsHandlerTest,Excessive Dependency,The tool detected the smell in this class because the class depends on too many dependencies. The total number of dependencies is: 19
xp,com.enonic.wem.core.account,GetAccountsHandlerTest,Excessive Dependency,The tool detected the smell in this class because the class depends on too many dependencies. The total number of dependencies is: 16
xp,com.enonic.wem.core.account,CreateAccountHandlerTest,Excessive Dependency,The tool detected the smell in this class because the class depends on too many dependencies. The total number of dependencies is: 13
xp,com.enonic.wem.core.account,FindAccountsHandlerTest,Excessive Dependency,The tool detected the smell in this class because the class depends on too many dependencies. The total number of dependencies is: 15
xp,com.enonic.wem.core.account,FindMembershipsHandlerTest,Excessive Dependency,The tool detected the smell in this class because the class depends on too many dependencies. The total number of dependencies is: 12
xp,com.enonic.wem.core.account,FindMembersHandlerTest,Excessive Dependency,The tool detected the smell in this class because the class depends on too many dependencies. The total number of dependencies is: 9
xp,com.enonic.wem.core.account,AccountModule,Excessive Dependency,The tool detected the smell in this class because the class depends on too many dependencies. The total number of dependencies is: 12
xp,com.enonic.wem.core.account,FindAccountsHandler,Excessive Dependency,The tool detected the smell in this class because the class depends on too many dependencies. The total number of dependencies is: 16
xp,com.enonic.wem.core.account.dao,AccountDaoImplTest,Excessive Dependency,The tool detected the smell in this class because the class depends on too many dependencies. The total number of dependencies is: 18
xp,com.enonic.wem.core.account.dao,AccountDaoImpl,Excessive Dependency,The tool detected the smell in this class because the class depends on too many dependencies. The total number of dependencies is: 17
xp,com.enonic.wem.core.account.dao,AccountDaoConstants,Global State,The tool detected the smell in this class because the class declares global variables. The detected global variables are: ROOT_NODE; GROUPS_NODE; ROLES_NODE; USERS_NODE
xp,com.enonic.wem.core.account.dao,AccountJcrMapping,Excessive Dependency,The tool detected the smell in this class because the class depends on too many dependencies. The total number of dependencies is: 11
xp,com.enonic.wem.core.account.dao,AccountDao,Excessive Dependency,The tool detected the smell in this class because the class depends on too many dependencies. The total number of dependencies is: 10
xp,com.enonic.wem.core.item.index,NodeIndexDocumentFactoryTest,Excessive Dependency,The tool detected the smell in this class because the class depends on too many dependencies. The total number of dependencies is: 14
xp,com.enonic.wem.core.item.index,NodeIndexDocumentFactory,Excessive Dependency,The tool detected the smell in this class because the class depends on too many dependencies. The total number of dependencies is: 9
xp,com.enonic.wem.core.item.dao,NodeJcrMapper,Excessive Dependency,The tool detected the smell in this class because the class depends on too many dependencies. The total number of dependencies is: 10
xp,com.enonic.wem.core.item.dao,Builder,Global State,The tool detected the smell in this class because the class can be accessed as a `global` state.
xp,com.enonic.wem.core.item.dao,Builder,Global State,The tool detected the smell in this class because the class can be accessed as a `global` state.
xp,com.enonic.wem.core.relationship,SyncRelationshipsTest,Excessive Dependency,The tool detected the smell in this class because the class depends on too many dependencies. The total number of dependencies is: 12
xp,com.enonic.wem.core.relationship,RelationshipServiceImplTest,Excessive Dependency,The tool detected the smell in this class because the class depends on too many dependencies. The total number of dependencies is: 21
xp,com.enonic.wem.core.relationship,SyncRelationships,Excessive Dependency,The tool detected the smell in this class because the class depends on too many dependencies. The total number of dependencies is: 14
xp,com.enonic.wem.core.relationship,RelationshipModule,Excessive Dependency,The tool detected the smell in this class because the class depends on too many dependencies. The total number of dependencies is: 9
xp,com.enonic.wem.core.relationship.dao,RelationshipDaoImplTest,Excessive Dependency,The tool detected the smell in this class because the class depends on too many dependencies. The total number of dependencies is: 12
xp,com.enonic.wem.core.relationship.dao,RelationshipDao,Global State,The tool detected the smell in this class because the class declares global variables. The detected global variables are: RELATIONSHIPS_NODE; TO_CONTENT_NODE_PREFIX; MANAGING_DATA_NODE
xp,com.enonic.wem.core.relationship.dao,RelationshipDaoImpl,Excessive Dependency,The tool detected the smell in this class because the class depends on too many dependencies. The total number of dependencies is: 11
xp,com.enonic.wem.core.relationship.dao,AbstractRelationshipDaoHandler,Hard-wired Dependency,The tool detected the smell in this class because the class creates objects of concrete classes and uses them. Following concrete classes are instantiated and used: com.enonic.wem.core.relationship.dao.ContentDaoHandler
xp,com.enonic.wem.core.relationship.dao,AbstractRelationshipDaoHandler,Excessive Dependency,The tool detected the smell in this class because the class depends on too many dependencies. The total number of dependencies is: 10
xp,com.enonic.wem.core.userstore,UpdateUserStoreHandlerTest,Excessive Dependency,The tool detected the smell in this class because the class depends on too many dependencies. The total number of dependencies is: 9
xp,com.enonic.wem.core.userstore,CreateUserStoreHandlerTest,Excessive Dependency,The tool detected the smell in this class because the class depends on too many dependencies. The total number of dependencies is: 8
xp,com.enonic.wem.core.module,ModuleXmlSerializerTest,Excessive Dependency,The tool detected the smell in this class because the class depends on too many dependencies. The total number of dependencies is: 10
xp,com.enonic.wem.core.module,CreateModuleHandlerTest,Excessive Dependency,The tool detected the smell in this class because the class depends on too many dependencies. The total number of dependencies is: 11
xp,com.enonic.wem.core.module,ModuleExporterTest,Excessive Dependency,The tool detected the smell in this class because the class depends on too many dependencies. The total number of dependencies is: 11
xp,com.enonic.wem.core.module,ModuleImporterTest,Excessive Dependency,The tool detected the smell in this class because the class depends on too many dependencies. The total number of dependencies is: 12
xp,com.enonic.wem.core.image.filter,ImageFilterBuilder,Excessive Dependency,The tool detected the smell in this class because the class depends on too many dependencies. The total number of dependencies is: 8
xp,com.enonic.wem.core.content,ValidateContentDataHandlerTest,Excessive Dependency,The tool detected the smell in this class because the class depends on too many dependencies. The total number of dependencies is: 11
xp,com.enonic.wem.core.content,CreateContentHandlerTest,Excessive Dependency,The tool detected the smell in this class because the class depends on too many dependencies. The total number of dependencies is: 20
xp,com.enonic.wem.core.content,FindContentHandlerTest,Excessive Dependency,The tool detected the smell in this class because the class depends on too many dependencies. The total number of dependencies is: 8
xp,com.enonic.wem.core.content,RenameContentHandlerTest,Excessive Dependency,The tool detected the smell in this class because the class depends on too many dependencies. The total number of dependencies is: 9
xp,com.enonic.wem.core.content,UpdateContentHandlerTest,Excessive Dependency,The tool detected the smell in this class because the class depends on too many dependencies. The total number of dependencies is: 22
xp,com.enonic.wem.core.content,ContentPathNameGeneratorTest,Global State,The tool detected the smell in this class because the class declares global variables. The detected global variables are: NORWEGIAN; CHINESE; AEC_ALL
xp,com.enonic.wem.core.content,SpecialCharacterTestStrings,Global State,The tool detected the smell in this class because the class declares global variables. The detected global variables are: NORWEGIAN; CHINESE; AEC_ALL
xp,com.enonic.wem.core.content,GetRootContentHandlerTest,Excessive Dependency,The tool detected the smell in this class because the class depends on too many dependencies. The total number of dependencies is: 11
xp,com.enonic.wem.core.content,ContentModule,Excessive Dependency,The tool detected the smell in this class because the class depends on too many dependencies. The total number of dependencies is: 28
xp,com.enonic.wem.core.content,JsonFactoryHolder,Global State,The tool detected the smell in this class because the class declares global variables. The detected global variables are: DEFAULT_FACTORY
xp,com.enonic.wem.core.content,CreateContentHandler,Excessive Dependency,The tool detected the smell in this class because the class depends on too many dependencies. The total number of dependencies is: 20
xp,com.enonic.wem.core.content,UpdateContentHandler,Excessive Dependency,The tool detected the smell in this class because the class depends on too many dependencies. The total number of dependencies is: 21
xp,com.enonic.wem.core.content.dao,ContentDaoImplTest,Excessive Dependency,The tool detected the smell in this class because the class depends on too many dependencies. The total number of dependencies is: 11
xp,com.enonic.wem.core.content.dao,ContentJcrMapper,Excessive Dependency,The tool detected the smell in this class because the class depends on too many dependencies. The total number of dependencies is: 11
xp,com.enonic.wem.core.content.dao,ContentDao,Global State,The tool detected the smell in this class because the class declares global variables. The detected global variables are: SPACES_NODE; SPACES_PATH; SPACE_CONTENT_ROOT_NODE; NON_CONTENT_NODE_PREFIX; CONTENT_VERSION_HISTORY_NODE; CONTENT_VERSION_PREFIX; CONTENT_EMBEDDED_NODE; CONTENT_ATTACHMENTS_NODE; CONTENT_NEXT_VERSION_PROPERTY
xp,com.enonic.wem.core.content.dao,ContentDao,Excessive Dependency,The tool detected the smell in this class because the class depends on too many dependencies. The total number of dependencies is: 8
xp,com.enonic.wem.core.content.dao,ContentDaoImpl,Excessive Dependency,The tool detected the smell in this class because the class depends on too many dependencies. The total number of dependencies is: 9
xp,com.enonic.wem.core.content.attachment.dao,AttachmentDaoImplTest,Excessive Dependency,The tool detected the smell in this class because the class depends on too many dependencies. The total number of dependencies is: 10
xp,com.enonic.wem.core.content.attachment,GetAttachmentHandlerTest,Excessive Dependency,The tool detected the smell in this class because the class depends on too many dependencies. The total number of dependencies is: 8
xp,com.enonic.wem.core.content.attachment,CreateAttachmentHandlerTest,Excessive Dependency,The tool detected the smell in this class because the class depends on too many dependencies. The total number of dependencies is: 8
xp,com.enonic.wem.core.content.binary.dao,AbstractBinaryDaoHandler,Global State,The tool detected the smell in this class because the class declares global variables. The detected global variables are: BINARIES_NODE; BINARIES_PATH; DATA_PROPERTY
xp,com.enonic.wem.core.content.serializer,AbstractContentSerializerTest,Excessive Dependency,The tool detected the smell in this class because the class depends on too many dependencies. The total number of dependencies is: 18
xp,com.enonic.wem.core.space,CreateSpaceHandlerTest,Excessive Dependency,The tool detected the smell in this class because the class depends on too many dependencies. The total number of dependencies is: 10
xp,com.enonic.wem.core.space,GetSpacesHandlerTest,Excessive Dependency,The tool detected the smell in this class because the class depends on too many dependencies. The total number of dependencies is: 9
xp,com.enonic.wem.core.space,SpaceModule,Excessive Dependency,The tool detected the smell in this class because the class depends on too many dependencies. The total number of dependencies is: 10
xp,com.enonic.wem.core.space,CreateSpaceHandler,Excessive Dependency,The tool detected the smell in this class because the class depends on too many dependencies. The total number of dependencies is: 8
xp,com.enonic.wem.core.space.dao,SpaceDaoImplTest,Excessive Dependency,The tool detected the smell in this class because the class depends on too many dependencies. The total number of dependencies is: 11
xp,com.enonic.wem.migrate.account,AccountMigrateTask,Excessive Dependency,The tool detected the smell in this class because the class depends on too many dependencies. The total number of dependencies is: 26
xp,com.enonic.wem.core.index.account,AccountIndexDocumentFactory,Excessive Dependency,The tool detected the smell in this class because the class depends on too many dependencies. The total number of dependencies is: 9
xp,com.enonic.wem.core.index.account,AccountSearchService,Excessive Dependency,The tool detected the smell in this class because the class depends on too many dependencies. The total number of dependencies is: 9
xp,com.enonic.wem.core.support.dao,IconJcrMapper,Global State,The tool detected the smell in this class because the class declares global variables. The detected global variables are: ICON_PROPERTY; ICON_MIME_TYPE_PROPERTY
xp,com.enonic.wem.core.support.serializer,JsonSerializerUtil,Global State,The tool detected the smell in this class because the class declares global variables. The detected global variables are: isoDateTimeFormatter
xp,com.enonic.wem.core.jcr,JcrConstants,Global State,The tool detected the smell in this class because the class declares global variables. The detected global variables are: WEM_NS; WEM_NS_PREFIX; ROOT_NODE; USER_STORES_NODE; USER_STORES_TYPE; USER_STORE_TYPE; USER_STORE_ADMINISTRATORS_PROPERTY; GROUPS_NODE; GROUPS_TYPE; GROUP_TYPE; MEMBERS_NODE; MEMBERS_PROPERTY; MEMBER_NODE; USERS_NODE; USERS_TYPE; USER_TYPE; USER_PROFILE_TYPE; USER_PROFILE_NODE; ROLES_NODE; ROLES_TYPE; ROLE_TYPE; ACCOUNT_TYPE; CONTENT_NODETYPE; RELATIONSHIP_NODETYPE; BINARY_NODETYPE; SPACE_TYPE; ITEM_NODETYPE; USER_STORES_PATH; USER_STORES_ABSOLUTE_PATH
xp,com.enonic.wem.portal,PortalModule,Excessive Dependency,The tool detected the smell in this class because the class depends on too many dependencies. The total number of dependencies is: 12
xp,com.enonic.wem.admin.rpc.schema.mixin,CreateOrUpdateMixinRpcHandlerTest,Excessive Dependency,The tool detected the smell in this class because the class depends on too many dependencies. The total number of dependencies is: 11
xp,com.enonic.wem.admin.rpc.schema.mixin,GetMixinRpcHandlerTest,Excessive Dependency,The tool detected the smell in this class because the class depends on too many dependencies. The total number of dependencies is: 8
xp,com.enonic.wem.admin.rpc.schema.mixin,CreateOrUpdateMixinRpcHandler,Excessive Dependency,The tool detected the smell in this class because the class depends on too many dependencies. The total number of dependencies is: 12
xp,com.enonic.wem.admin.rpc.schema.mixin,GetMixinRpcHandler,Global State,The tool detected the smell in this class because the class declares global variables. The detected global variables are: FORMAT_XML; FORMAT_JSON
xp,com.enonic.wem.admin.rpc.schema.relationship,CreateOrUpdateRelationshipTypeRpcHandlerTest,Excessive Dependency,The tool detected the smell in this class because the class depends on too many dependencies. The total number of dependencies is: 10
xp,com.enonic.wem.admin.rpc.schema.relationship,GetRelationshipTypeRpcHandlerTest,Excessive Dependency,The tool detected the smell in this class because the class depends on too many dependencies. The total number of dependencies is: 8
xp,com.enonic.wem.admin.rpc.schema.relationship,CreateOrUpdateRelationshipTypeRpcHandler,Excessive Dependency,The tool detected the smell in this class because the class depends on too many dependencies. The total number of dependencies is: 14
xp,com.enonic.wem.admin.rpc.schema.relationship,GetRelationshipTypeRpcHandler,Global State,The tool detected the smell in this class because the class declares global variables. The detected global variables are: FORMAT_XML; FORMAT_JSON
xp,com.enonic.wem.admin.rpc.schema.content,GetContentTypeTreeRpcHandlerTest,Excessive Dependency,The tool detected the smell in this class because the class depends on too many dependencies. The total number of dependencies is: 9
xp,com.enonic.wem.admin.rpc.schema.content,GetContentTypeRpcHandlerTest,Excessive Dependency,The tool detected the smell in this class because the class depends on too many dependencies. The total number of dependencies is: 10
xp,com.enonic.wem.admin.rpc.schema.content,ListContentTypesRpcHandlerTest,Excessive Dependency,The tool detected the smell in this class because the class depends on too many dependencies. The total number of dependencies is: 8
xp,com.enonic.wem.admin.rpc.schema.content,CreateOrUpdateContentTypeRpcHandlerTest,Excessive Dependency,The tool detected the smell in this class because the class depends on too many dependencies. The total number of dependencies is: 10
xp,com.enonic.wem.admin.rpc.schema.content,GetContentTypeRpcHandler,Global State,The tool detected the smell in this class because the class declares global variables. The detected global variables are: FORMAT_XML; FORMAT_JSON
xp,com.enonic.wem.admin.rpc.schema.content,CreateOrUpdateContentTypeRpcHandler,Excessive Dependency,The tool detected the smell in this class because the class depends on too many dependencies. The total number of dependencies is: 13
xp,com.enonic.wem.admin.rpc.account,AbstractAccountRpcHandlerTest,Excessive Dependency,The tool detected the smell in this class because the class depends on too many dependencies. The total number of dependencies is: 11
xp,com.enonic.wem.admin.rpc.account,CreateOrUpdateAccountRpcHandlerTest,Excessive Dependency,The tool detected the smell in this class because the class depends on too many dependencies. The total number of dependencies is: 14
xp,com.enonic.wem.admin.rpc.account,GetAccountRpcHandlerTest,Excessive Dependency,The tool detected the smell in this class because the class depends on too many dependencies. The total number of dependencies is: 11
xp,com.enonic.wem.admin.rpc.account,FindAccountsRpcHandlerTest,Excessive Dependency,The tool detected the smell in this class because the class depends on too many dependencies. The total number of dependencies is: 11
xp,com.enonic.wem.admin.rpc.account,CreateOrUpdateAccountRpcHandler,Excessive Dependency,The tool detected the smell in this class because the class depends on too many dependencies. The total number of dependencies is: 19
xp,com.enonic.wem.admin.rpc.relationship,CreateRelationshipJsonResult,Law of Demeter violation,The tool detected the smell in this method (created) because the method voilates the law of Demeter. The long chain of method invocations is : com.enonic.wem.admin.rpc.relationship.CreateRelationshipJsonResult.newBuilder; com.enonic.wem.admin.rpc.relationship.Builder.relationship
xp,com.enonic.wem.admin.rpc.relationship,Builder,Global State,The tool detected the smell in this class because the class can be accessed as a `global` state.
xp,com.enonic.wem.admin.rpc.relationship,Builder,Global State,The tool detected the smell in this class because the class can be accessed as a `global` state.
xp,com.enonic.wem.admin.rpc.userstore,GetAllUserStoresRpcHandlerTest,Excessive Dependency,The tool detected the smell in this class because the class depends on too many dependencies. The total number of dependencies is: 8
xp,com.enonic.wem.admin.rpc.userstore,CreateOrUpdateUserStoresRpcHandlerTest,Excessive Dependency,The tool detected the smell in this class because the class depends on too many dependencies. The total number of dependencies is: 9
xp,com.enonic.wem.admin.rpc.userstore,CreateOrUpdateUserStoreRpcHandler,Excessive Dependency,The tool detected the smell in this class because the class depends on too many dependencies. The total number of dependencies is: 11
xp,com.enonic.wem.admin.rpc.content,ContentDataParserTest,Excessive Dependency,The tool detected the smell in this class because the class depends on too many dependencies. The total number of dependencies is: 14
xp,com.enonic.wem.admin.rpc.content,FindContentRpcHandlerTest,Excessive Dependency,The tool detected the smell in this class because the class depends on too many dependencies. The total number of dependencies is: 12
xp,com.enonic.wem.admin.rpc.content,ValidateContentDataRpcHandlerTest,Excessive Dependency,The tool detected the smell in this class because the class depends on too many dependencies. The total number of dependencies is: 9
xp,com.enonic.wem.admin.rpc.content,GetContentTreeRpcHandlerTest,Excessive Dependency,The tool detected the smell in this class because the class depends on too many dependencies. The total number of dependencies is: 10
xp,com.enonic.wem.admin.rpc.content,GetContentRpcHandlerTest,Excessive Dependency,The tool detected the smell in this class because the class depends on too many dependencies. The total number of dependencies is: 12
xp,com.enonic.wem.admin.rpc.content,CreateOrUpdateContentRpcHandlerTest,Excessive Dependency,The tool detected the smell in this class because the class depends on too many dependencies. The total number of dependencies is: 16
xp,com.enonic.wem.admin.rpc.content,CreateAttachmentRpcHandler,Excessive Dependency,The tool detected the smell in this class because the class depends on too many dependencies. The total number of dependencies is: 10
xp,com.enonic.wem.admin.rpc.content,FindContentRpcHandler,Excessive Dependency,The tool detected the smell in this class because the class depends on too many dependencies. The total number of dependencies is: 9
xp,com.enonic.wem.admin.rpc.content,GetContentRpcHandler,Excessive Dependency,The tool detected the smell in this class because the class depends on too many dependencies. The total number of dependencies is: 10
xp,com.enonic.wem.admin.rpc.content,CreateOrUpdateContentRpcHandler,Hard-wired Dependency,The tool detected the smell in this class because the class creates objects of concrete classes and uses them. Following concrete classes are instantiated and used: com.enonic.wem.admin.rpc.content.HandleUpdateContent; com.enonic.wem.admin.rpc.content.HandleCreateContent
xp,com.enonic.wem.admin.rpc.content,CreateOrUpdateContentRpcHandler,Excessive Dependency,The tool detected the smell in this class because the class depends on too many dependencies. The total number of dependencies is: 23
xp,com.enonic.wem.admin.rpc.content,HandleCreateContent,Excessive Dependency,The tool detected the smell in this class because the class depends on too many dependencies. The total number of dependencies is: 10
xp,com.enonic.wem.admin.rpc.content,HandleUpdateContent,Excessive Dependency,The tool detected the smell in this class because the class depends on too many dependencies. The total number of dependencies is: 10
xp,com.enonic.wem.admin.rpc.content,ValidateContentDataRpcHandler,Excessive Dependency,The tool detected the smell in this class because the class depends on too many dependencies. The total number of dependencies is: 10
xp,com.enonic.wem.admin.rpc.content,FindContentJsonResult,Excessive Dependency,The tool detected the smell in this class because the class depends on too many dependencies. The total number of dependencies is: 11
xp,com.enonic.wem.admin.rpc.content,Builder,Global State,The tool detected the smell in this class because the class can be accessed as a `global` state.
xp,com.enonic.wem.admin.rpc.space,CreateOrUpdateSpaceRpcHandlerTest,Excessive Dependency,The tool detected the smell in this class because the class depends on too many dependencies. The total number of dependencies is: 11
xp,com.enonic.wem.admin.rest.resource.schema.mixin,MixinResourceTest,Excessive Dependency,The tool detected the smell in this class because the class depends on too many dependencies. The total number of dependencies is: 15
xp,com.enonic.wem.admin.rest.resource.schema.mixin,MixinResource,Excessive Dependency,The tool detected the smell in this class because the class depends on too many dependencies. The total number of dependencies is: 17
xp,com.enonic.wem.admin.rest.resource.schema,SchemaImageResourceTest,Excessive Dependency,The tool detected the smell in this class because the class depends on too many dependencies. The total number of dependencies is: 17
xp,com.enonic.wem.admin.rest.resource.schema,SchemaResourceTest,Excessive Dependency,The tool detected the smell in this class because the class depends on too many dependencies. The total number of dependencies is: 12
xp,com.enonic.wem.admin.rest.resource.schema,SchemaImageResource,Excessive Dependency,The tool detected the smell in this class because the class depends on too many dependencies. The total number of dependencies is: 13
xp,com.enonic.wem.admin.rest.resource.schema.relationship,RelationshipTypeResourceTest,Excessive Dependency,The tool detected the smell in this class because the class depends on too many dependencies. The total number of dependencies is: 16
xp,com.enonic.wem.admin.rest.resource.schema.relationship,RelationshipTypeResource,Global State,The tool detected the smell in this class because the class declares global variables. The detected global variables are: FORMAT_XML; FORMAT_JSON
xp,com.enonic.wem.admin.rest.resource.schema.relationship,RelationshipTypeResource,Excessive Dependency,The tool detected the smell in this class because the class depends on too many dependencies. The total number of dependencies is: 16
xp,com.enonic.wem.admin.rest.resource.schema.content,ContentTypeResourceTest,Excessive Dependency,The tool detected the smell in this class because the class depends on too many dependencies. The total number of dependencies is: 12
xp,com.enonic.wem.admin.rest.resource.schema.content,ContentTypeResource,Excessive Dependency,The tool detected the smell in this class because the class depends on too many dependencies. The total number of dependencies is: 18
xp,com.enonic.wem.admin.rest.resource.account,AccountImageResourceTest,Excessive Dependency,The tool detected the smell in this class because the class depends on too many dependencies. The total number of dependencies is: 8
xp,com.enonic.wem.admin.rest.resource.account,AccountExportResourceTest,Excessive Dependency,The tool detected the smell in this class because the class depends on too many dependencies. The total number of dependencies is: 19
xp,com.enonic.wem.admin.rest.resource.account,AccountExportResource,Excessive Dependency,The tool detected the smell in this class because the class depends on too many dependencies. The total number of dependencies is: 8
xp,com.enonic.wem.admin.rest.resource.relationship,RelationshipResourceTest,Excessive Dependency,The tool detected the smell in this class because the class depends on too many dependencies. The total number of dependencies is: 11
xp,com.enonic.wem.admin.rest.resource.relationship,RelationshipResource,Excessive Dependency,The tool detected the smell in this class because the class depends on too many dependencies. The total number of dependencies is: 12
xp,com.enonic.wem.admin.rest.resource.content,ContentResourceTest,Excessive Dependency,The tool detected the smell in this class because the class depends on too many dependencies. The total number of dependencies is: 40
xp,com.enonic.wem.admin.rest.resource.content,ContentAttachmentResource,Excessive Dependency,The tool detected the smell in this class because the class depends on too many dependencies. The total number of dependencies is: 8
xp,com.enonic.wem.admin.rest.resource.content,ContentImageResource,Excessive Dependency,The tool detected the smell in this class because the class depends on too many dependencies. The total number of dependencies is: 15
xp,com.enonic.wem.admin.rest.resource.content,ContentResource,Excessive Dependency,The tool detected the smell in this class because the class depends on too many dependencies. The total number of dependencies is: 43
xp,com.enonic.wem.admin.rest.resource.space,SpaceResourceTest,Excessive Dependency,The tool detected the smell in this class because the class depends on too many dependencies. The total number of dependencies is: 9
xp,com.enonic.wem.admin.rest.resource.space,SpaceResource,Excessive Dependency,The tool detected the smell in this class because the class depends on too many dependencies. The total number of dependencies is: 13
xp,com.enonic.wem.admin.rest,RestServlet,Excessive Dependency,The tool detected the smell in this class because the class depends on too many dependencies. The total number of dependencies is: 25
xp,com.enonic.wem.admin.rest,RestModule,Excessive Dependency,The tool detected the smell in this class because the class depends on too many dependencies. The total number of dependencies is: 53
xp,com.enonic.wem.admin.json,JsonResultBuilder,Global State,The tool detected the smell in this class because the class can be accessed as a `global` state.
xp,com.enonic.wem.api.data,DataSetTest,Excessive Dependency,The tool detected the smell in this class because the class depends on too many dependencies. The total number of dependencies is: 9
xp,com.enonic.wem.api.data,Property,Hard-wired Dependency,The tool detected the smell in this class because the class creates objects of concrete classes and uses them. Following concrete classes are instantiated and used: com.enonic.wem.api.data.Builder
xp,com.enonic.wem.api.data,Property,Excessive Dependency,The tool detected the smell in this class because the class depends on too many dependencies. The total number of dependencies is: 36
xp,com.enonic.wem.api.data,Property,Law of Demeter violation,The tool detected the smell in this method (copy) because the method voilates the law of Demeter. The long chain of method invocations is : com.enonic.wem.api.data.Property.newProperty; com.enonic.wem.api.data.Builder.build
xp,com.enonic.wem.api.data,NameBuilder,Global State,The tool detected the smell in this class because the class can be accessed as a `global` state.
xp,com.enonic.wem.api.data,TypeBuilder,Global State,The tool detected the smell in this class because the class can be accessed as a `global` state.
xp,com.enonic.wem.api.data,ValueBuilder,Global State,The tool detected the smell in this class because the class can be accessed as a `global` state.
xp,com.enonic.wem.api.data,Builder,Global State,The tool detected the smell in this class because the class can be accessed as a `global` state.
xp,com.enonic.wem.api.data,AbstractNameBuilder,Global State,The tool detected the smell in this class because the class can be accessed as a `global` state.
xp,com.enonic.wem.api.data,AbstractBaseBuilder,Global State,The tool detected the smell in this class because the class can be accessed as a `global` state.
xp,com.enonic.wem.api.data,ContentId,Global State,The tool detected the smell in this class because the class can be accessed as a `global` state.
xp,com.enonic.wem.api.data,Builder,Global State,The tool detected the smell in this class because the class can be accessed as a `global` state.
xp,com.enonic.wem.api.data,BinaryId,Global State,The tool detected the smell in this class because the class can be accessed as a `global` state.
xp,com.enonic.wem.api.data,Builder,Global State,The tool detected the smell in this class because the class can be accessed as a `global` state.
xp,com.enonic.wem.api.data,AttachmentName,Global State,The tool detected the smell in this class because the class can be accessed as a `global` state.
xp,com.enonic.wem.api.data,Builder,Global State,The tool detected the smell in this class because the class can be accessed as a `global` state.
xp,com.enonic.wem.api.data,GeographicCoordinate,Global State,The tool detected the smell in this class because the class can be accessed as a `global` state.
xp,com.enonic.wem.api.data,GeographicCoordinateBuilder,Global State,The tool detected the smell in this class because the class can be accessed as a `global` state.
xp,com.enonic.wem.api.data,GeographicCoordinateValueBuilder,Global State,The tool detected the smell in this class because the class can be accessed as a `global` state.
xp,com.enonic.wem.api.data,Date,Global State,The tool detected the smell in this class because the class can be accessed as a `global` state.
xp,com.enonic.wem.api.data,DateBuilder,Global State,The tool detected the smell in this class because the class can be accessed as a `global` state.
xp,com.enonic.wem.api.data,DateValueBuilder,Global State,The tool detected the smell in this class because the class can be accessed as a `global` state.
xp,com.enonic.wem.api.data,Double,Global State,The tool detected the smell in this class because the class can be accessed as a `global` state.
xp,com.enonic.wem.api.data,DoubleBuilder,Global State,The tool detected the smell in this class because the class can be accessed as a `global` state.
xp,com.enonic.wem.api.data,DoubleValueBuilder,Global State,The tool detected the smell in this class because the class can be accessed as a `global` state.
xp,com.enonic.wem.api.data,HtmlPart,Global State,The tool detected the smell in this class because the class can be accessed as a `global` state.
xp,com.enonic.wem.api.data,HtmlPartBuilder,Global State,The tool detected the smell in this class because the class can be accessed as a `global` state.
xp,com.enonic.wem.api.data,HtmlPartValueBuilder,Global State,The tool detected the smell in this class because the class can be accessed as a `global` state.
xp,com.enonic.wem.api.data,String,Global State,The tool detected the smell in this class because the class can be accessed as a `global` state.
xp,com.enonic.wem.api.data,StringBuilder,Global State,The tool detected the smell in this class because the class can be accessed as a `global` state.
xp,com.enonic.wem.api.data,StringValueBuilder,Global State,The tool detected the smell in this class because the class can be accessed as a `global` state.
xp,com.enonic.wem.api.data,Long,Global State,The tool detected the smell in this class because the class can be accessed as a `global` state.
xp,com.enonic.wem.api.data,LongBuilder,Global State,The tool detected the smell in this class because the class can be accessed as a `global` state.
xp,com.enonic.wem.api.data,LongValueBuilder,Global State,The tool detected the smell in this class because the class can be accessed as a `global` state.
xp,com.enonic.wem.api.data,Xml,Global State,The tool detected the smell in this class because the class can be accessed as a `global` state.
xp,com.enonic.wem.api.data,XmlBuilder,Global State,The tool detected the smell in this class because the class can be accessed as a `global` state.
xp,com.enonic.wem.api.data,XmlValueBuilder,Global State,The tool detected the smell in this class because the class can be accessed as a `global` state.
xp,com.enonic.wem.api.data,Builder,Global State,The tool detected the smell in this class because the class can be accessed as a `global` state.
xp,com.enonic.wem.api.data,DataPath,Global State,The tool detected the smell in this class because the class declares global variables. The detected global variables are: ROOT; ELEMENT_DIVIDER
xp,com.enonic.wem.api.data,Element,Global State,The tool detected the smell in this class because the class can be accessed as a `global` state.
xp,com.enonic.wem.api.data,Builder,Global State,The tool detected the smell in this class because the class can be accessed as a `global` state.
xp,com.enonic.wem.api.data,DateMidnight,Global State,The tool detected the smell in this class because the class can be accessed as a `global` state.
xp,com.enonic.wem.api.data,DateTime,Global State,The tool detected the smell in this class because the class can be accessed as a `global` state.
xp,com.enonic.wem.api.data,Long,Global State,The tool detected the smell in this class because the class can be accessed as a `global` state.
xp,com.enonic.wem.api.data,Double,Global State,The tool detected the smell in this class because the class can be accessed as a `global` state.
xp,com.enonic.wem.api.data,String,Global State,The tool detected the smell in this class because the class can be accessed as a `global` state.
xp,com.enonic.wem.api.data,Xml,Global State,The tool detected the smell in this class because the class can be accessed as a `global` state.
xp,com.enonic.wem.api.data,HtmlPart,Global State,The tool detected the smell in this class because the class can be accessed as a `global` state.
xp,com.enonic.wem.api.data,GeographicCoordinate,Global State,The tool detected the smell in this class because the class can be accessed as a `global` state.
xp,com.enonic.wem.api.data,ContentId,Global State,The tool detected the smell in this class because the class can be accessed as a `global` state.
xp,com.enonic.wem.api.data,AttachmentName,Global State,The tool detected the smell in this class because the class can be accessed as a `global` state.
xp,com.enonic.wem.api.data,BinaryId,Global State,The tool detected the smell in this class because the class can be accessed as a `global` state.
xp,com.enonic.wem.api.data,DataSet,Hard-wired Dependency,The tool detected the smell in this class because the class creates objects of concrete classes and uses them. Following concrete classes are instantiated and used: com.enonic.wem.api.data.Builder
xp,com.enonic.wem.api.data,DataSet,Excessive Dependency,The tool detected the smell in this class because the class depends on too many dependencies. The total number of dependencies is: 11
xp,com.enonic.wem.api.data,DataSet,Law of Demeter violation,The tool detected the smell in this method (copy) because the method voilates the law of Demeter. The long chain of method invocations is : com.enonic.wem.api.data.DataSet.newDataSet; com.enonic.wem.api.data.Builder.build
xp,com.enonic.wem.api.data,Builder,Global State,The tool detected the smell in this class because the class can be accessed as a `global` state.
xp,com.enonic.wem.api.data.type,ValueTypes,Global State,The tool detected the smell in this class because the class declares global variables. The detected global variables are: STRING; BINARY_ID; HTML_PART; XML; DATE_MIDNIGHT; DATE_TIME; CONTENT_ID; LONG; DOUBLE; GEOGRAPHIC_COORDINATE; ATTACHMENT_NAME
xp,com.enonic.wem.api.data.type,ValueTypes,Excessive Dependency,The tool detected the smell in this class because the class depends on too many dependencies. The total number of dependencies is: 9
xp,com.enonic.wem.api.data.type,JavaTypeConverter,Global State,The tool detected the smell in this class because the class declares global variables. The detected global variables are: GET; GET; GET; GET; GET; GET; GET
xp,com.enonic.wem.api.data.type,JavaTypeConverter,Excessive Dependency,The tool detected the smell in this class because the class depends on too many dependencies. The total number of dependencies is: 9
xp,com.enonic.wem.api.data.type,String,Global State,The tool detected the smell in this class because the class can be accessed as a `global` state.
xp,com.enonic.wem.api.data.type,String,Global State,The tool detected the smell in this class because the class declares global variables. The detected global variables are: GET
xp,com.enonic.wem.api.data.type,Long,Global State,The tool detected the smell in this class because the class can be accessed as a `global` state.
xp,com.enonic.wem.api.data.type,Long,Global State,The tool detected the smell in this class because the class declares global variables. The detected global variables are: GET
xp,com.enonic.wem.api.data.type,Double,Global State,The tool detected the smell in this class because the class can be accessed as a `global` state.
xp,com.enonic.wem.api.data.type,Double,Global State,The tool detected the smell in this class because the class declares global variables. The detected global variables are: GET
xp,com.enonic.wem.api.data.type,DateMidnight,Global State,The tool detected the smell in this class because the class can be accessed as a `global` state.
xp,com.enonic.wem.api.data.type,DateMidnight,Global State,The tool detected the smell in this class because the class declares global variables. The detected global variables are: GET
xp,com.enonic.wem.api.data.type,DateTime,Global State,The tool detected the smell in this class because the class can be accessed as a `global` state.
xp,com.enonic.wem.api.data.type,DateTime,Global State,The tool detected the smell in this class because the class declares global variables. The detected global variables are: GET
xp,com.enonic.wem.api.data.type,ContentId,Global State,The tool detected the smell in this class because the class can be accessed as a `global` state.
xp,com.enonic.wem.api.data.type,ContentId,Global State,The tool detected the smell in this class because the class declares global variables. The detected global variables are: GET
xp,com.enonic.wem.api.data.type,BinaryId,Global State,The tool detected the smell in this class because the class can be accessed as a `global` state.
xp,com.enonic.wem.api.data.type,BinaryId,Global State,The tool detected the smell in this class because the class declares global variables. The detected global variables are: GET
xp,com.enonic.wem.api,Path,Hard-wired Dependency,The tool detected the smell in this class because the class creates objects of concrete classes and uses them. Following concrete classes are instantiated and used: com.enonic.wem.api.Builder
xp,com.enonic.wem.api,Path,Law of Demeter violation,The tool detected the smell in this method (Path) because the method voilates the law of Demeter. The long chain of method invocations is : com.enonic.wem.api.Path.newPath; com.enonic.wem.api.Builder.elementDivider
xp,com.enonic.wem.api,Path,Law of Demeter violation,The tool detected the smell in this method (trimTrailingDivider) because the method voilates the law of Demeter. The long chain of method invocations is : com.enonic.wem.api.Path.newPath; com.enonic.wem.api.Builder.trailingDivider; com.enonic.wem.api.Builder.build
xp,com.enonic.wem.api,Path,Law of Demeter violation,The tool detected the smell in this method (newPath) because the method voilates the law of Demeter. The long chain of method invocations is : com.enonic.wem.api.Builder.absolute; com.enonic.wem.api.Builder.trailingDivider
xp,com.enonic.wem.api,Element,Global State,The tool detected the smell in this class because the class can be accessed as a `global` state.
xp,com.enonic.wem.api.schema.mixin,Mixin,Excessive Dependency,The tool detected the smell in this class because the class depends on too many dependencies. The total number of dependencies is: 8
xp,com.enonic.wem.api.schema.mixin,Builder,Global State,The tool detected the smell in this class because the class can be accessed as a `global` state.
xp,com.enonic.wem.api.schema.relationship,Builder,Global State,The tool detected the smell in this class because the class can be accessed as a `global` state.
xp,com.enonic.wem.api.schema.relationship,QualifiedRelationshipTypeName,Global State,The tool detected the smell in this class because the class declares global variables. The detected global variables are: DEFAULT; PARENT; LINK; LIKE
xp,com.enonic.wem.api.schema.content,Builder,Global State,The tool detected the smell in this class because the class can be accessed as a `global` state.
xp,com.enonic.wem.api.schema.content,Builder,Global State,The tool detected the smell in this class because the class can be accessed as a `global` state.
xp,com.enonic.wem.api.schema.content,Builder,Global State,The tool detected the smell in this class because the class can be accessed as a `global` state.
xp,com.enonic.wem.api.schema.content.validator,OccurrenceValidatorTest,Excessive Dependency,The tool detected the smell in this class because the class depends on too many dependencies. The total number of dependencies is: 9
xp,com.enonic.wem.api.schema.content.validator,Builder,Global State,The tool detected the smell in this class because the class can be accessed as a `global` state.
xp,com.enonic.wem.api.schema.content.validator,Builder,Global State,The tool detected the smell in this class because the class can be accessed as a `global` state.
xp,com.enonic.wem.api.schema.content.editor,Builder,Global State,The tool detected the smell in this class because the class can be accessed as a `global` state.
xp,com.enonic.wem.api.form,FieldSet,Law of Demeter violation,The tool detected the smell in this method (copy) because the method voilates the law of Demeter. The long chain of method invocations is : com.enonic.wem.api.form.FieldSet.newFieldSet; com.enonic.wem.api.form.Builder.build
xp,com.enonic.wem.api.form,Builder,Global State,The tool detected the smell in this class because the class can be accessed as a `global` state.
xp,com.enonic.wem.api.form,Input,Excessive Dependency,The tool detected the smell in this class because the class depends on too many dependencies. The total number of dependencies is: 8
xp,com.enonic.wem.api.form,Input,Law of Demeter violation,The tool detected the smell in this method (copy) because the method voilates the law of Demeter. The long chain of method invocations is : com.enonic.wem.api.form.Input.newInput; com.enonic.wem.api.form.Builder.build
xp,com.enonic.wem.api.form,Builder,Global State,The tool detected the smell in this class because the class can be accessed as a `global` state.
xp,com.enonic.wem.api.form,FormItemSet,Excessive Dependency,The tool detected the smell in this class because the class depends on too many dependencies. The total number of dependencies is: 8
xp,com.enonic.wem.api.form,FormItemSet,Law of Demeter violation,The tool detected the smell in this method (copy) because the method voilates the law of Demeter. The long chain of method invocations is : com.enonic.wem.api.form.FormItemSet.newFormItemSet; com.enonic.wem.api.form.Builder.build
xp,com.enonic.wem.api.form,Builder,Global State,The tool detected the smell in this class because the class can be accessed as a `global` state.
xp,com.enonic.wem.api.form,Form,Law of Demeter violation,The tool detected the smell in this method (copy) because the method voilates the law of Demeter. The long chain of method invocations is : com.enonic.wem.api.form.Form.newForm; com.enonic.wem.api.form.Builder.build
xp,com.enonic.wem.api.form,Builder,Global State,The tool detected the smell in this class because the class can be accessed as a `global` state.
xp,com.enonic.wem.api.form,Builder,Global State,The tool detected the smell in this class because the class can be accessed as a `global` state.
xp,com.enonic.wem.api.form,FormItemPath,Global State,The tool detected the smell in this class because the class declares global variables. The detected global variables are: ROOT
xp,com.enonic.wem.api.form,Builder,Global State,The tool detected the smell in this class because the class can be accessed as a `global` state.
xp,com.enonic.wem.api.form.inputtype,ImageSelectorConfigJsonSerializer,Global State,The tool detected the smell in this class because the class declares global variables. The detected global variables are: DEFAULT
xp,com.enonic.wem.api.form.inputtype,TextAreaConfigJsonSerializer,Global State,The tool detected the smell in this class because the class declares global variables. The detected global variables are: DEFAULT
xp,com.enonic.wem.api.form.inputtype,Option,Global State,The tool detected the smell in this class because the class can be accessed as a `global` state.
xp,com.enonic.wem.api.form.inputtype,Builder,Global State,The tool detected the smell in this class because the class can be accessed as a `global` state.
xp,com.enonic.wem.api.form.inputtype,Color,Hard-wired Dependency,The tool detected the smell in this class because the class creates objects of concrete classes and uses them. Following concrete classes are instantiated and used: com.enonic.wem.api.form.inputtype.ValueHolder
xp,com.enonic.wem.api.form.inputtype,RelationshipConfigJsonSerializer,Global State,The tool detected the smell in this class because the class declares global variables. The detected global variables are: DEFAULT
xp,com.enonic.wem.api.form.inputtype,Builder,Global State,The tool detected the smell in this class because the class can be accessed as a `global` state.
xp,com.enonic.wem.api.form.inputtype,InputTypes,Global State,The tool detected the smell in this class because the class declares global variables. The detected global variables are: COLOR; COMBO_BOX; DATE; DECIMAL_NUMBER; GEO_LOCATION; HTML_AREA; IMAGE; IMAGE_SELECTOR; MONEY; PHONE; RELATIONSHIP; SINGLE_SELECTOR; TAGS; TEXT_LINE; TEXT_AREA; WHOLE_NUMBER; XML
xp,com.enonic.wem.api.form.inputtype,SingleSelectorConfigJsonSerializer,Global State,The tool detected the smell in this class because the class declares global variables. The detected global variables are: DEFAULT
xp,com.enonic.wem.api.form.inputtype,Builder,Global State,The tool detected the smell in this class because the class can be accessed as a `global` state.
xp,com.enonic.wem.api.form.inputtype,RelationshipConfigXmlSerializer,Global State,The tool detected the smell in this class because the class declares global variables. The detected global variables are: DEFAULT
xp,com.enonic.wem.api.form.inputtype,Builder,Global State,The tool detected the smell in this class because the class can be accessed as a `global` state.
xp,com.enonic.wem.api.form.inputtype,Builder,Global State,The tool detected the smell in this class because the class can be accessed as a `global` state.
xp,com.enonic.wem.api.form.inputtype,TextAreaConfigXmlSerializer,Global State,The tool detected the smell in this class because the class declares global variables. The detected global variables are: DEFAULT
xp,com.enonic.wem.api.form.inputtype,ImageSelectorConfigXmlSerializer,Global State,The tool detected the smell in this class because the class declares global variables. The detected global variables are: DEFAULT
xp,com.enonic.wem.api.form.inputtype,Option,Global State,The tool detected the smell in this class because the class can be accessed as a `global` state.
xp,com.enonic.wem.api.form.inputtype,Builder,Global State,The tool detected the smell in this class because the class can be accessed as a `global` state.
xp,com.enonic.wem.api.form.inputtype,ComboBoxConfigJsonSerializer,Global State,The tool detected the smell in this class because the class declares global variables. The detected global variables are: DEFAULT
xp,com.enonic.wem.api.form.inputtype,ComboBoxConfigXmlSerializer,Global State,The tool detected the smell in this class because the class declares global variables. The detected global variables are: DEFAULT
xp,com.enonic.wem.api.form.inputtype,SingleSelectorConfigXmlSerializer,Global State,The tool detected the smell in this class because the class declares global variables. The detected global variables are: DEFAULT
xp,com.enonic.wem.api.command.account,AccountCommandsTest,Excessive Dependency,The tool detected the smell in this class because the class depends on too many dependencies. The total number of dependencies is: 9
xp,com.enonic.wem.api.command.account,AccountCommands,Excessive Dependency,The tool detected the smell in this class because the class depends on too many dependencies. The total number of dependencies is: 9
xp,com.enonic.wem.api.command,Commands,Excessive Dependency,The tool detected the smell in this class because the class depends on too many dependencies. The total number of dependencies is: 18
xp,com.enonic.wem.api.entity,Relationship,Excessive Dependency,The tool detected the smell in this class because the class depends on too many dependencies. The total number of dependencies is: 9
xp,com.enonic.wem.api.entity,Builder,Global State,The tool detected the smell in this class because the class can be accessed as a `global` state.
xp,com.enonic.wem.api.entity,Builder,Global State,The tool detected the smell in this class because the class can be accessed as a `global` state.
xp,com.enonic.wem.api.entity,Builder,Global State,The tool detected the smell in this class because the class can be accessed as a `global` state.
xp,com.enonic.wem.api.entity,NodePath,Hard-wired Dependency,The tool detected the smell in this class because the class creates objects of concrete classes and uses them. Following concrete classes are instantiated and used: com.enonic.wem.api.entity.Builder
xp,com.enonic.wem.api.entity,NodePath,Global State,The tool detected the smell in this class because the class declares global variables. The detected global variables are: ROOT
xp,com.enonic.wem.api.entity,Element,Global State,The tool detected the smell in this class because the class can be accessed as a `global` state.
xp,com.enonic.wem.api.entity,Builder,Global State,The tool detected the smell in this class because the class can be accessed as a `global` state.
xp,com.enonic.wem.api.entity,Builder,Global State,The tool detected the smell in this class because the class can be accessed as a `global` state.
xp,com.enonic.wem.api.entity,QualifiedRelationshipTypeName,Global State,The tool detected the smell in this class because the class declares global variables. The detected global variables are: DEFAULT; PARENT; LINK; LIKE
xp,com.enonic.wem.api.entity,Builder,Global State,The tool detected the smell in this class because the class can be accessed as a `global` state.
xp,com.enonic.wem.api.entity,Node,Excessive Dependency,The tool detected the smell in this class because the class depends on too many dependencies. The total number of dependencies is: 10
xp,com.enonic.wem.api.entity,Builder,Global State,The tool detected the smell in this class because the class can be accessed as a `global` state.
xp,com.enonic.wem.api.entity,Builder,Excessive Dependency,The tool detected the smell in this class because the class depends on too many dependencies. The total number of dependencies is: 10
xp,com.enonic.wem.api.entity,Builder,Global State,The tool detected the smell in this class because the class can be accessed as a `global` state.
xp,com.enonic.wem.api.entity,Builder,Global State,The tool detected the smell in this class because the class can be accessed as a `global` state.
xp,com.enonic.wem.api.relationship,Failure,Global State,The tool detected the smell in this class because the class can be accessed as a `global` state.
xp,com.enonic.wem.api.relationship,Builder,Global State,The tool detected the smell in this class because the class can be accessed as a `global` state.
xp,com.enonic.wem.api.relationship,Builder,Global State,The tool detected the smell in this class because the class can be accessed as a `global` state.
xp,com.enonic.wem.api.relationship,Relationship,Excessive Dependency,The tool detected the smell in this class because the class depends on too many dependencies. The total number of dependencies is: 9
xp,com.enonic.wem.api.relationship,Builder,Global State,The tool detected the smell in this class because the class can be accessed as a `global` state.
xp,com.enonic.wem.api.relationship,Builder,Excessive Dependency,The tool detected the smell in this class because the class depends on too many dependencies. The total number of dependencies is: 8
xp,com.enonic.wem.api.relationship,Builder,Global State,The tool detected the smell in this class because the class can be accessed as a `global` state.
xp,com.enonic.wem.api.relationship,Builder,Global State,The tool detected the smell in this class because the class can be accessed as a `global` state.
xp,com.enonic.wem.api.relationship,Builder,Global State,The tool detected the smell in this class because the class can be accessed as a `global` state.
xp,com.enonic.wem.api.relationship.editor,CompositeBuilder,Global State,The tool detected the smell in this class because the class can be accessed as a `global` state.
xp,com.enonic.wem.api.relationship.editor,SetBuilder,Global State,The tool detected the smell in this class because the class can be accessed as a `global` state.
xp,com.enonic.wem.api.support,SerializerForFormItemToDataTest,Excessive Dependency,The tool detected the smell in this class because the class depends on too many dependencies. The total number of dependencies is: 12
xp,com.enonic.wem.api.support,SerializerForFormItemToData,Excessive Dependency,The tool detected the smell in this class because the class depends on too many dependencies. The total number of dependencies is: 11
xp,com.enonic.wem.api.module,ModuleTest,Excessive Dependency,The tool detected the smell in this class because the class depends on too many dependencies. The total number of dependencies is: 10
xp,com.enonic.wem.api.module,Builder,Global State,The tool detected the smell in this class because the class can be accessed as a `global` state.
xp,com.enonic.wem.api.module,Module,Global State,The tool detected the smell in this class because the class declares global variables. The detected global variables are: MODULE_XML
xp,com.enonic.wem.api.module,Module,Excessive Dependency,The tool detected the smell in this class because the class depends on too many dependencies. The total number of dependencies is: 9
xp,com.enonic.wem.api.module,Builder,Global State,The tool detected the smell in this class because the class can be accessed as a `global` state.
xp,com.enonic.wem.api.content,ContentTest,Excessive Dependency,The tool detected the smell in this class because the class depends on too many dependencies. The total number of dependencies is: 17
xp,com.enonic.wem.api.content,ContentFactoryTest,Excessive Dependency,The tool detected the smell in this class because the class depends on too many dependencies. The total number of dependencies is: 8
xp,com.enonic.wem.api.content,Content,Excessive Dependency,The tool detected the smell in this class because the class depends on too many dependencies. The total number of dependencies is: 12
xp,com.enonic.wem.api.content,Builder,Global State,The tool detected the smell in this class because the class can be accessed as a `global` state.
xp,com.enonic.wem.api.content,Builder,Excessive Dependency,The tool detected the smell in this class because the class depends on too many dependencies. The total number of dependencies is: 9
xp,com.enonic.wem.api.content,ContentPath,Global State,The tool detected the smell in this class because the class declares global variables. The detected global variables are: ROOT
xp,com.enonic.wem.api.content,ContentPath,Law of Demeter violation,The tool detected the smell in this method (from) because the method voilates the law of Demeter. The long chain of method invocations is : com.enonic.wem.api.content.ContentPath.newPath; com.enonic.wem.api.content.Builder.build
xp,com.enonic.wem.api.content,Builder,Global State,The tool detected the smell in this class because the class can be accessed as a `global` state.
xp,com.enonic.wem.api.content,Builder,Global State,The tool detected the smell in this class because the class can be accessed as a `global` state.
xp,com.enonic.wem.api.rendering,RendererTest,Excessive Dependency,The tool detected the smell in this class because the class depends on too many dependencies. The total number of dependencies is: 9
xp,com.enonic.wem.api.rendering,Builder,Global State,The tool detected the smell in this class because the class can be accessed as a `global` state.
xp,com.enonic.wem.query,StringValue,Global State,The tool detected the smell in this class because the class can be accessed as a `global` state.
xp,com.enonic.wem.query,NumberValue,Global State,The tool detected the smell in this class because the class can be accessed as a `global` state.
xp,com.enonic.wem.query,DateValue,Global State,The tool detected the smell in this class because the class can be accessed as a `global` state.
xp,com.enonic.wem.query,GeoCoordinateValue,Global State,The tool detected the smell in this class because the class can be accessed as a `global` state.
xp,com.enonic.wem.api.resource,Builder,Global State,The tool detected the smell in this class because the class can be accessed as a `global` state.
xp,com.enonic.wem.api.schema,Builder,Global State,The tool detected the smell in this class because the class can be accessed as a `global` state.
xp,com.enonic.wem.api.schema.mixin.editor,Builder,Global State,The tool detected the smell in this class because the class can be accessed as a `global` state.
xp,com.enonic.wem.api.schema.relationship.editor,Builder,Global State,The tool detected the smell in this class because the class can be accessed as a `global` state.
xp,com.enonic.wem.api.command.content,UpdateContentResult,Global State,The tool detected the smell in this class because the class declares global variables. The detected global variables are: SUCCESS
xp,com.enonic.wem.api.command.content,ContentCommands,Excessive Dependency,The tool detected the smell in this class because the class depends on too many dependencies. The total number of dependencies is: 13
xp,com.enonic.wem.api.command.content,CreateContent,Global State,The tool detected the smell in this class because the class declares global variables. The detected global variables are: THUMBNAIL_NAME
xp,com.enonic.wem.api.content.versioning,Builder,Global State,The tool detected the smell in this class because the class can be accessed as a `global` state.
xp,com.enonic.wem.api.content.page,Builder,Global State,The tool detected the smell in this class because the class can be accessed as a `global` state.
xp,com.enonic.wem.api.content.page,Builder,Global State,The tool detected the smell in this class because the class can be accessed as a `global` state.
xp,com.enonic.wem.api.content.page,Builder,Global State,The tool detected the smell in this class because the class can be accessed as a `global` state.
xp,com.enonic.wem.api.content.page,Builder,Global State,The tool detected the smell in this class because the class can be accessed as a `global` state.
xp,com.enonic.wem.api.content.page,Builder,Global State,The tool detected the smell in this class because the class can be accessed as a `global` state.
xp,com.enonic.wem.api.content.page,Builder,Global State,The tool detected the smell in this class because the class can be accessed as a `global` state.
xp,com.enonic.wem.api.content.page,Builder,Global State,The tool detected the smell in this class because the class can be accessed as a `global` state.
xp,com.enonic.wem.api.content.page,Builder,Global State,The tool detected the smell in this class because the class can be accessed as a `global` state.
xp,com.enonic.wem.api.content.page,Builder,Global State,The tool detected the smell in this class because the class can be accessed as a `global` state.
xp,com.enonic.wem.api.content.page.rendering,PageComponentType,Excessive Dependency,The tool detected the smell in this class because the class depends on too many dependencies. The total number of dependencies is: 15
xp,com.enonic.wem.api.content.attachment,Builder,Global State,The tool detected the smell in this class because the class can be accessed as a `global` state.
xp,com.enonic.wem.api.space,Builder,Global State,The tool detected the smell in this class because the class can be accessed as a `global` state.
xp,com.enonic.wem.query.function,ScoreOrder,Global State,The tool detected the smell in this class because the class declares global variables. The detected global variables are: NAME
xp,com.enonic.wem.query.function,GeoLocationOrder,Global State,The tool detected the smell in this class because the class declares global variables. The detected global variables are: NAME
xp,com.enonic.wem.query.function,GeoDistance,Global State,The tool detected the smell in this class because the class declares global variables. The detected global variables are: NAME
