Project Name,Package Name,Type Name,NOF,NOPF,NOM,NOPM,LOC,WMC,NC,DIT,LCOM,FANIN,FANOUT,File path,Line no
myrobotlab,SimpleOpenNI,SimpleOpenNI,44,1,77,49,730,122,0,0,0.2597402597402597,1,4,/temp/myrobotlab/src/SimpleOpenNI/SimpleOpenNI.java,43
myrobotlab,(default package),PeerDiscovery,14,6,10,7,206,18,0,0,0.6,0,0,/temp/myrobotlab/src/PeerDiscovery.java,15
myrobotlab,(default package),Peer,2,2,2,1,21,2,0,0,0.0,0,0,/temp/myrobotlab/src/PeerDiscovery.java,191
myrobotlab,(default package),ExceptionHandler,0,0,1,1,13,1,0,0,-1.0,0,0,/temp/myrobotlab/src/PeerDiscovery.java,218
myrobotlab,(default package),SampleAsyncCallback,19,0,26,23,330,45,0,0,0.19230769230769232,0,0,/temp/myrobotlab/src/SampleAsyncCallback.java,27
myrobotlab,(default package),MqttConnector,0,0,5,5,38,5,0,0,-1.0,0,0,/temp/myrobotlab/src/SampleAsyncCallback.java,314
myrobotlab,(default package),Publisher,0,0,4,4,38,4,0,0,-1.0,0,0,/temp/myrobotlab/src/SampleAsyncCallback.java,365
myrobotlab,(default package),Subscriber,0,0,4,4,36,4,0,0,-1.0,0,0,/temp/myrobotlab/src/SampleAsyncCallback.java,414
myrobotlab,(default package),Disconnector,0,0,4,4,36,4,0,0,-1.0,0,0,/temp/myrobotlab/src/SampleAsyncCallback.java,457
myrobotlab,(default package),Sample,7,0,9,7,0,40,0,0,0.5555555555555556,0,0,/temp/myrobotlab/src/Sample.java,29
myrobotlab,(default package),ArduinoChaosTest,0,0,1,1,96,5,0,0,-1.0,0,8,/temp/myrobotlab/test/ArduinoChaosTest.java,18
myrobotlab,(default package),ArduinoMotorPotTest,23,2,7,4,175,20,0,0,0.7142857142857143,0,6,/temp/myrobotlab/test/ArduinoMotorPotTest.java,20
myrobotlab,org.myrobotlab.arduino,AckLock,8,1,34,24,229,54,0,0,0.5,2,6,/temp/myrobotlab/src/resource/Arduino/generate/Msg.template.java,85
myrobotlab,org.myrobotlab.arduino,Msg,76,61,71,61,0,287,0,0,0.08450704225352113,5,8,/temp/myrobotlab/src/org/myrobotlab/arduino/Msg.java,55
myrobotlab,org.myrobotlab.arduino,AckLock,1,0,0,0,3,0,0,0,-1.0,0,0,/temp/myrobotlab/src/org/myrobotlab/arduino/Msg.java,85
myrobotlab,org.myrobotlab.arduino,BoardStatus,3,3,1,1,13,1,0,0,0.0,0,0,/temp/myrobotlab/src/org/myrobotlab/arduino/BoardStatus.java,3
myrobotlab,org.myrobotlab.arduino,BoardInfo,11,1,16,16,0,27,0,0,0.125,7,1,/temp/myrobotlab/src/org/myrobotlab/arduino/BoardInfo.java,7
myrobotlab,org.myrobotlab.arduino,VirtualMsg,76,61,46,36,0,226,0,0,0.10869565217391304,8,7,/temp/myrobotlab/src/org/myrobotlab/arduino/VirtualMsg.java,55
myrobotlab,org.myrobotlab.arduino,AckLock,1,0,0,0,3,0,0,0,-1.0,0,0,/temp/myrobotlab/src/org/myrobotlab/arduino/VirtualMsg.java,85
myrobotlab,org.myrobotlab.arduino,ArduinoMsgGenerator,4,1,10,9,504,66,0,0,0.2,0,4,/temp/myrobotlab/src/org/myrobotlab/arduino/ArduinoMsgGenerator.java,24
myrobotlab,org.myrobotlab.arduino,ArduinoUtils,6,4,6,5,141,19,0,0,0.0,3,2,/temp/myrobotlab/src/org/myrobotlab/arduino/ArduinoUtils.java,15
myrobotlab,org.myrobotlab.arduino,DeviceSummary,5,0,1,1,13,1,0,0,0.0,1,0,/temp/myrobotlab/src/org/myrobotlab/arduino/DeviceSummary.java,5
myrobotlab,org.myrobotlab.boofcv,ObjectTracker,12,0,13,11,131,21,0,0,0.38461538461538464,1,3,/temp/myrobotlab/src/org/myrobotlab/boofcv/ObjectTracker.java,28
myrobotlab,org.myrobotlab.boofcv,KinectStreamer,6,0,6,4,70,11,0,0,0.0,0,0,/temp/myrobotlab/src/org/myrobotlab/boofcv/KinectStreamer.java,26
myrobotlab,org.myrobotlab.boofcv,KinectRGBDepth,4,0,3,3,36,4,0,0,0.0,0,0,/temp/myrobotlab/src/org/myrobotlab/boofcv/KinectRGBDepth.java,38
myrobotlab,org.myrobotlab.service,DocumentPipeline,4,0,12,12,102,17,0,2,0.5,1,11,/temp/myrobotlab/src/org/myrobotlab/service/DocumentPipeline.java,17
myrobotlab,org.myrobotlab.service,WiiBot,10,1,5,5,107,16,0,2,0.6,0,10,/temp/myrobotlab/src/org/myrobotlab/service/WiiBot.java,38
myrobotlab,org.myrobotlab.service,VirtualArduino,14,1,29,28,180,33,0,2,0.13793103448275862,18,13,/temp/myrobotlab/src/org/myrobotlab/service/VirtualArduino.java,22
myrobotlab,org.myrobotlab.service,InoScriptRunner,3,0,2,1,27,3,0,0,0.0,1,2,/temp/myrobotlab/src/org/myrobotlab/service/VirtualArduino.java,67
myrobotlab,org.myrobotlab.service,AdafruitIna219,19,16,27,26,227,37,0,3,0.07407407407407407,1,7,/temp/myrobotlab/src/org/myrobotlab/service/AdafruitIna219.java,21
myrobotlab,org.myrobotlab.service,Arm,9,2,4,4,39,4,0,2,0.75,1,3,/temp/myrobotlab/src/org/myrobotlab/service/Arm.java,34
myrobotlab,org.myrobotlab.service,TopCodes,3,1,5,5,62,7,0,2,0.8,0,7,/temp/myrobotlab/src/org/myrobotlab/service/TopCodes.java,22
myrobotlab,org.myrobotlab.service,AndroidSpeechRecognition,11,1,20,17,195,33,0,2,0.35,0,8,/temp/myrobotlab/src/org/myrobotlab/service/AndroidSpeechRecognition.java,22
myrobotlab,org.myrobotlab.service,ClientHandler,4,0,4,4,43,5,0,0,0.0,2,1,/temp/myrobotlab/src/org/myrobotlab/service/AndroidSpeechRecognition.java,28
myrobotlab,org.myrobotlab.service,NewConnectionHandler,1,0,2,2,21,3,0,0,0.0,1,2,/temp/myrobotlab/src/org/myrobotlab/service/AndroidSpeechRecognition.java,76
myrobotlab,org.myrobotlab.service,SwingGui,11,1,55,55,472,104,0,2,0.2545454545454545,105,15,/temp/myrobotlab/src/org/myrobotlab/service/SwingGui.java,84
myrobotlab,org.myrobotlab.service,JavaFxGui,3,1,4,4,35,5,0,2,1.0,0,6,/temp/myrobotlab/src/org/myrobotlab/service/JavaFxGui.java,14
myrobotlab,org.myrobotlab.service,NeoPixel,32,28,37,33,0,77,0,3,0.08108108108108109,3,11,/temp/myrobotlab/src/org/myrobotlab/service/NeoPixel.java,50
myrobotlab,org.myrobotlab.service,PixelColor,5,5,3,1,27,4,0,0,0.0,1,0,/temp/myrobotlab/src/org/myrobotlab/service/NeoPixel.java,58
myrobotlab,org.myrobotlab.service,Log,5,2,34,34,227,52,0,2,0.7647058823529411,2,8,/temp/myrobotlab/src/org/myrobotlab/service/Log.java,55
myrobotlab,org.myrobotlab.service,InMoovGestureCreator,81,8,30,30,1600,281,0,2,0.1,0,16,/temp/myrobotlab/src/org/myrobotlab/service/InMoovGestureCreator.java,25
myrobotlab,org.myrobotlab.service,FrameItemHolder,59,0,0,0,17,0,0,0,-1.0,1,0,/temp/myrobotlab/src/org/myrobotlab/service/InMoovGestureCreator.java,34
myrobotlab,org.myrobotlab.service,PythonItemHolder,4,0,0,0,6,0,0,0,-1.0,1,0,/temp/myrobotlab/src/org/myrobotlab/service/InMoovGestureCreator.java,52
myrobotlab,org.myrobotlab.service,ServoItemHolder,7,7,0,0,9,0,0,0,-1.0,1,0,/temp/myrobotlab/src/org/myrobotlab/service/InMoovGestureCreator.java,59
myrobotlab,org.myrobotlab.service,WebGui,26,5,61,60,593,109,0,2,0.3442622950819672,7,21,/temp/myrobotlab/src/org/myrobotlab/service/WebGui.java,57
myrobotlab,org.myrobotlab.service,Panel,10,0,2,2,21,2,0,0,0.0,1,0,/temp/myrobotlab/src/org/myrobotlab/service/WebGui.java,89
myrobotlab,org.myrobotlab.service,LiveVideoStreamHandler,0,0,1,1,20,1,0,0,-1.0,1,2,/temp/myrobotlab/src/org/myrobotlab/service/WebGui.java,123
myrobotlab,org.myrobotlab.service,SSLContextListener,1,0,2,2,17,2,0,0,-1.0,1,0,/temp/myrobotlab/src/org/myrobotlab/service/WebGui.java,1023
myrobotlab,org.myrobotlab.service,Node,4,1,4,4,54,7,0,2,1.0,1,5,/temp/myrobotlab/src/org/myrobotlab/service/Node.java,19
myrobotlab,org.myrobotlab.service,Pingdar,12,6,23,23,158,25,0,3,0.391304347826087,0,9,/temp/myrobotlab/src/org/myrobotlab/service/Pingdar.java,14
myrobotlab,org.myrobotlab.service,Point,2,2,1,1,8,1,0,0,0.0,7,0,/temp/myrobotlab/src/org/myrobotlab/service/Pingdar.java,22
myrobotlab,org.myrobotlab.service,Lidar,22,14,20,20,221,41,0,3,0.25,0,7,/temp/myrobotlab/src/org/myrobotlab/service/Lidar.java,16
myrobotlab,org.myrobotlab.service,Sweety,91,20,29,28,638,93,0,2,0.10344827586206896,0,19,/temp/myrobotlab/src/org/myrobotlab/service/Sweety.java,15
myrobotlab,org.myrobotlab.service,SensorMonitor,5,4,15,15,118,24,0,2,0.5333333333333333,0,8,/temp/myrobotlab/src/org/myrobotlab/service/SensorMonitor.java,44
myrobotlab,org.myrobotlab.service,Blocks,2,1,3,3,28,3,0,2,1.0,0,5,/temp/myrobotlab/src/org/myrobotlab/service/Blocks.java,11
myrobotlab,org.myrobotlab.service,InMoovTorso,6,5,20,20,195,31,0,2,0.1,2,10,/temp/myrobotlab/src/org/myrobotlab/service/InMoovTorso.java,11
myrobotlab,org.myrobotlab.service,OculusDIY,19,3,12,12,137,18,0,2,0.4166666666666667,0,10,/temp/myrobotlab/src/org/myrobotlab/service/OculusDIY.java,16
myrobotlab,org.myrobotlab.service,MyoThalmic,18,2,35,35,233,46,0,2,0.2857142857142857,2,9,/temp/myrobotlab/src/org/myrobotlab/service/MyoThalmic.java,29
myrobotlab,org.myrobotlab.service,HubThread,2,1,2,2,13,3,0,0,1.0,1,1,/temp/myrobotlab/src/org/myrobotlab/service/MyoThalmic.java,66
myrobotlab,org.myrobotlab.service,ImapEmailConnector,8,0,23,19,307,44,0,3,0.21739130434782608,0,6,/temp/myrobotlab/src/org/myrobotlab/service/ImapEmailConnector.java,29
myrobotlab,org.myrobotlab.service,CsvConnector,10,0,18,18,153,29,0,3,0.2222222222222222,0,5,/temp/myrobotlab/src/org/myrobotlab/service/CsvConnector.java,17
myrobotlab,org.myrobotlab.service,InMoov,42,20,111,108,1247,255,0,2,0.05405405405405406,8,28,/temp/myrobotlab/src/org/myrobotlab/service/InMoov.java,27
myrobotlab,org.myrobotlab.service,InverseKinematics,3,1,11,11,62,11,0,2,0.2727272727272727,1,5,/temp/myrobotlab/src/org/myrobotlab/service/InverseKinematics.java,11
myrobotlab,org.myrobotlab.service,Joystick,21,8,20,20,214,36,0,2,0.4,5,10,/temp/myrobotlab/src/org/myrobotlab/service/Joystick.java,44
myrobotlab,org.myrobotlab.service,Component,7,6,2,2,19,2,0,0,0.0,3,0,/temp/myrobotlab/src/org/myrobotlab/service/Joystick.java,89
myrobotlab,org.myrobotlab.service,InputPollingThread,1,1,2,2,40,8,0,0,1.0,1,1,/temp/myrobotlab/src/org/myrobotlab/service/Joystick.java,113
myrobotlab,org.myrobotlab.service,Database,7,1,8,8,53,8,0,2,0.5,0,5,/temp/myrobotlab/src/org/myrobotlab/service/Database.java,17
myrobotlab,org.myrobotlab.service,RSSConnector,3,0,8,8,79,10,0,3,0.5,1,6,/temp/myrobotlab/src/org/myrobotlab/service/RSSConnector.java,20
myrobotlab,org.myrobotlab.service,BeagleBoardBlack,2,1,3,3,32,3,0,2,1.0,0,5,/temp/myrobotlab/src/org/myrobotlab/service/BeagleBoardBlack.java,11
myrobotlab,org.myrobotlab.service,LeapMotion,5,2,23,23,130,24,0,2,0.43478260869565216,2,8,/temp/myrobotlab/src/org/myrobotlab/service/LeapMotion.java,25
myrobotlab,org.myrobotlab.service,MobilePlatform,42,29,26,25,219,33,0,2,0.3076923076923077,1,7,/temp/myrobotlab/src/org/myrobotlab/service/MobilePlatform.java,36
myrobotlab,org.myrobotlab.service,PIDThread,5,0,2,1,32,6,0,0,1.0,1,0,/temp/myrobotlab/src/org/myrobotlab/service/MobilePlatform.java,57
myrobotlab,org.myrobotlab.service,GoogleCloud,5,0,17,16,179,28,0,2,0.35294117647058826,0,4,/temp/myrobotlab/src/org/myrobotlab/service/GoogleCloud.java,49
myrobotlab,org.myrobotlab.service,Tracking,40,25,43,43,0,76,0,2,0.13953488372093023,4,19,/temp/myrobotlab/src/org/myrobotlab/service/Tracking.java,63
myrobotlab,org.myrobotlab.service,AudioFile,10,4,34,34,281,48,0,2,0.17647058823529413,6,9,/temp/myrobotlab/src/org/myrobotlab/service/AudioFile.java,46
myrobotlab,org.myrobotlab.service,Esp8266_01,13,4,21,20,215,27,0,3,0.23809523809523808,0,9,/temp/myrobotlab/src/org/myrobotlab/service/Esp8266_01.java,29
myrobotlab,org.myrobotlab.service,I2CDeviceMap,3,3,0,0,5,0,0,0,-1.0,4,1,/temp/myrobotlab/src/org/myrobotlab/service/Esp8266_01.java,39
myrobotlab,org.myrobotlab.service,i2cParms,4,0,8,8,30,8,0,0,0.5,1,0,/temp/myrobotlab/src/org/myrobotlab/service/Esp8266_01.java,45
myrobotlab,org.myrobotlab.service,MimicSpeech,4,0,22,22,111,24,0,2,0.5909090909090909,0,7,/temp/myrobotlab/src/org/myrobotlab/service/MimicSpeech.java,17
myrobotlab,org.myrobotlab.service,EddieControlBoard,18,1,36,36,325,64,0,3,0.3611111111111111,1,16,/temp/myrobotlab/src/org/myrobotlab/service/EddieControlBoard.java,20
myrobotlab,org.myrobotlab.service,SensorPoller,1,0,1,1,21,3,0,0,0.0,1,1,/temp/myrobotlab/src/org/myrobotlab/service/EddieControlBoard.java,27
myrobotlab,org.myrobotlab.service,Simulator,0,0,1,1,6,2,0,0,-1.0,0,0,/temp/myrobotlab/src/org/myrobotlab/service/EddieControlBoard.java,51
myrobotlab,org.myrobotlab.service,Blender,14,2,18,17,207,28,0,2,0.4444444444444444,1,12,/temp/myrobotlab/src/org/myrobotlab/service/Blender.java,22
myrobotlab,org.myrobotlab.service,ControlHandler,3,0,2,2,33,4,0,0,0.0,1,2,/temp/myrobotlab/src/org/myrobotlab/service/Blender.java,40
myrobotlab,org.myrobotlab.service,GoPro,6,2,10,10,76,13,0,2,0.3,0,6,/temp/myrobotlab/src/org/myrobotlab/service/GoPro.java,11
myrobotlab,org.myrobotlab.service,XMLConnector,5,0,13,13,83,13,0,3,0.38461538461538464,1,5,/temp/myrobotlab/src/org/myrobotlab/service/XMLConnector.java,21
myrobotlab,org.myrobotlab.service,TextTransform,2,1,6,6,35,6,0,2,1.0,0,6,/temp/myrobotlab/src/org/myrobotlab/service/TextTransform.java,13
myrobotlab,org.myrobotlab.service,Sphinx,18,5,34,32,395,70,0,2,0.2647058823529412,1,13,/temp/myrobotlab/src/org/myrobotlab/service/Sphinx.java,64
myrobotlab,org.myrobotlab.service,Command,3,3,1,0,13,1,0,0,0.0,3,0,/temp/myrobotlab/src/org/myrobotlab/service/Sphinx.java,72
myrobotlab,org.myrobotlab.service,SpeechProcessor,2,1,2,2,100,16,0,0,0.0,1,2,/temp/myrobotlab/src/org/myrobotlab/service/Sphinx.java,89
myrobotlab,org.myrobotlab.service,ThingSpeak,6,1,14,14,95,18,0,2,0.42857142857142855,1,6,/temp/myrobotlab/src/org/myrobotlab/service/ThingSpeak.java,17
myrobotlab,org.myrobotlab.service,Android,5,4,8,8,51,8,0,2,0.75,0,6,/temp/myrobotlab/src/org/myrobotlab/service/Android.java,11
myrobotlab,org.myrobotlab.service,Motion,3,3,1,1,10,1,0,0,0.0,1,0,/temp/myrobotlab/src/org/myrobotlab/service/Android.java,20
myrobotlab,org.myrobotlab.service,JMonkeyEngine,5,1,9,9,81,12,0,2,0.4444444444444444,0,10,/temp/myrobotlab/src/org/myrobotlab/service/JMonkeyEngine.java,23
myrobotlab,org.myrobotlab.service,Chassis,8,1,16,16,101,18,0,2,0.1875,0,10,/temp/myrobotlab/src/org/myrobotlab/service/Chassis.java,15
myrobotlab,org.myrobotlab.service,WolframAlpha,3,1,11,10,122,27,0,2,0.45454545454545453,1,5,/temp/myrobotlab/src/org/myrobotlab/service/WolframAlpha.java,19
myrobotlab,org.myrobotlab.service,ChessGameManager,5,1,3,3,33,3,0,2,1.0,0,8,/temp/myrobotlab/src/org/myrobotlab/service/ChessGameManager.java,13
myrobotlab,org.myrobotlab.service,AudioCapture,10,1,11,10,133,15,0,2,0.2727272727272727,0,5,/temp/myrobotlab/src/org/myrobotlab/service/AudioCapture.java,56
myrobotlab,org.myrobotlab.service,CaptureThread,1,0,1,1,20,3,0,0,0.0,0,0,/temp/myrobotlab/src/org/myrobotlab/service/AudioCapture.java,62
myrobotlab,org.myrobotlab.service,PlayThread,1,0,1,1,18,3,0,0,0.0,0,0,/temp/myrobotlab/src/org/myrobotlab/service/AudioCapture.java,92
myrobotlab,org.myrobotlab.service,Gps,21,8,59,51,596,103,0,3,0.2033898305084746,0,14,/temp/myrobotlab/src/org/myrobotlab/service/Gps.java,21
myrobotlab,org.myrobotlab.service,Circle,3,0,5,5,26,5,0,0,0.0,1,0,/temp/myrobotlab/src/org/myrobotlab/service/Gps.java,43
myrobotlab,org.myrobotlab.service,GpsData,5,3,0,0,7,0,0,0,-1.0,1,0,/temp/myrobotlab/src/org/myrobotlab/service/Gps.java,84
myrobotlab,org.myrobotlab.service,Line,2,0,3,3,14,3,0,0,0.0,1,1,/temp/myrobotlab/src/org/myrobotlab/service/Gps.java,94
myrobotlab,org.myrobotlab.service,Point,2,0,3,3,14,3,0,0,0.0,0,0,/temp/myrobotlab/src/org/myrobotlab/service/Gps.java,116
myrobotlab,org.myrobotlab.service,Polygon,1,0,2,2,9,2,0,0,0.0,1,0,/temp/myrobotlab/src/org/myrobotlab/service/Gps.java,136
myrobotlab,org.myrobotlab.service,Clock,8,5,14,13,140,22,0,2,0.5,2,12,/temp/myrobotlab/src/org/myrobotlab/service/Clock.java,43
myrobotlab,org.myrobotlab.service,ClockThread,1,1,2,1,31,6,0,0,1.0,2,1,/temp/myrobotlab/src/org/myrobotlab/service/Clock.java,50
myrobotlab,org.myrobotlab.service,Pir,7,1,11,11,88,16,0,3,0.6363636363636364,2,7,/temp/myrobotlab/src/org/myrobotlab/service/Pir.java,16
myrobotlab,org.myrobotlab.service,WebkitSpeechRecognition,8,5,25,24,135,29,0,2,0.6,1,9,/temp/myrobotlab/src/org/myrobotlab/service/WebkitSpeechRecognition.java,18
myrobotlab,org.myrobotlab.service,Command,3,3,1,0,13,1,0,0,0.0,0,0,/temp/myrobotlab/src/org/myrobotlab/service/WebkitSpeechRecognition.java,26
myrobotlab,org.myrobotlab.service,Wii,14,4,34,34,222,44,0,2,0.29411764705882354,1,7,/temp/myrobotlab/src/org/myrobotlab/service/Wii.java,58
myrobotlab,org.myrobotlab.service,IRData,3,2,2,2,12,2,0,0,0.0,4,0,/temp/myrobotlab/src/org/myrobotlab/service/Wii.java,70
myrobotlab,org.myrobotlab.service,Blah,3,1,0,0,5,0,0,0,-1.0,0,0,/temp/myrobotlab/src/org/myrobotlab/service/Wii.java,98
myrobotlab,org.myrobotlab.service,InverseKinematics3D,7,1,24,24,213,39,0,2,0.2916666666666667,2,12,/temp/myrobotlab/src/org/myrobotlab/service/InverseKinematics3D.java,22
myrobotlab,org.myrobotlab.service,InputTrackingThread,1,0,4,4,36,6,0,0,0.5,1,1,/temp/myrobotlab/src/org/myrobotlab/service/InverseKinematics3D.java,70
myrobotlab,org.myrobotlab.service,Pid,25,6,23,23,222,45,0,2,0.13043478260869565,7,6,/temp/myrobotlab/src/org/myrobotlab/service/Pid.java,50
myrobotlab,org.myrobotlab.service,PidData,18,0,0,0,17,0,0,0,-1.0,1,0,/temp/myrobotlab/src/org/myrobotlab/service/Pid.java,60
myrobotlab,org.myrobotlab.service,BoofCv,2,1,5,5,38,5,0,2,1.0,1,6,/temp/myrobotlab/src/org/myrobotlab/service/BoofCv.java,19
myrobotlab,org.myrobotlab.service,Servo,37,10,75,74,583,106,0,4,0.05333333333333334,31,14,/temp/myrobotlab/src/org/myrobotlab/service/Servo.java,48
myrobotlab,org.myrobotlab.service,Sweeper,0,0,2,2,32,4,0,0,-1.0,2,0,/temp/myrobotlab/src/org/myrobotlab/service/Servo.java,71
myrobotlab,org.myrobotlab.service,IKData,5,5,0,0,7,0,0,0,-1.0,5,0,/temp/myrobotlab/src/org/myrobotlab/service/Servo.java,226
myrobotlab,org.myrobotlab.service,WiiDar,34,15,28,24,233,41,0,2,0.39285714285714285,1,10,/temp/myrobotlab/src/org/myrobotlab/service/WiiDar.java,43
myrobotlab,org.myrobotlab.service,Point,8,7,7,3,42,9,0,0,0.0,0,2,/temp/myrobotlab/src/org/myrobotlab/service/WiiDar.java,45
myrobotlab,org.myrobotlab.service,SweepMonolith,1,1,1,1,47,6,0,0,0.0,1,1,/temp/myrobotlab/src/org/myrobotlab/service/WiiDar.java,103
myrobotlab,org.myrobotlab.service,Adafruit16CServoDriver,48,26,47,44,572,91,0,3,0.1276595744680851,4,17,/temp/myrobotlab/src/org/myrobotlab/service/Adafruit16CServoDriver.java,40
myrobotlab,org.myrobotlab.service,SpeedControl,5,0,2,2,74,11,0,0,0.0,2,1,/temp/myrobotlab/src/org/myrobotlab/service/Adafruit16CServoDriver.java,51
myrobotlab,org.myrobotlab.service,ServoData,10,0,0,0,16,0,0,0,-1.0,2,1,/temp/myrobotlab/src/org/myrobotlab/service/Adafruit16CServoDriver.java,246
myrobotlab,org.myrobotlab.service,InMoovHead,8,7,23,23,251,42,0,2,0.08695652173913043,3,5,/temp/myrobotlab/src/org/myrobotlab/service/InMoovHead.java,8
myrobotlab,org.myrobotlab.service,AcapelaSpeech,8,3,27,27,351,39,0,2,0.2962962962962963,0,10,/temp/myrobotlab/src/org/myrobotlab/service/AcapelaSpeech.java,63
myrobotlab,org.myrobotlab.service,Keyboard,6,2,31,31,173,31,0,2,0.2903225806451613,3,9,/temp/myrobotlab/src/org/myrobotlab/service/Keyboard.java,20
myrobotlab,org.myrobotlab.service,MouseEvent,1,1,0,0,3,0,0,0,-1.0,2,1,/temp/myrobotlab/src/org/myrobotlab/service/Keyboard.java,37
myrobotlab,org.myrobotlab.service,NativeKeyboard,0,0,9,9,43,9,0,0,-1.0,1,0,/temp/myrobotlab/src/org/myrobotlab/service/Keyboard.java,41
myrobotlab,org.myrobotlab.service,Mail,2,1,7,5,83,7,0,2,1.0,0,5,/temp/myrobotlab/src/org/myrobotlab/service/Mail.java,21
myrobotlab,org.myrobotlab.service,VideoStreamer,5,3,12,12,95,15,0,4,0.5,2,9,/temp/myrobotlab/src/org/myrobotlab/service/VideoStreamer.java,19
myrobotlab,org.myrobotlab.service,MultiWii,4,3,3,3,32,3,0,2,1.0,0,6,/temp/myrobotlab/src/org/myrobotlab/service/MultiWii.java,12
myrobotlab,org.myrobotlab.service,CleverBot,8,1,6,6,78,7,0,2,0.3333333333333333,0,3,/temp/myrobotlab/src/org/myrobotlab/service/CleverBot.java,15
myrobotlab,org.myrobotlab.service,TesseractOcr,4,1,11,11,95,13,0,2,0.9090909090909091,1,8,/temp/myrobotlab/src/org/myrobotlab/service/TesseractOcr.java,21
myrobotlab,org.myrobotlab.service,Environment,2,0,5,5,37,7,0,0,0.8,1,1,/temp/myrobotlab/src/org/myrobotlab/service/TesseractOcr.java,112
myrobotlab,org.myrobotlab.service,LinuxLibC,0,0,2,2,4,2,0,0,-1.0,0,0,/temp/myrobotlab/src/org/myrobotlab/service/TesseractOcr.java,113
myrobotlab,org.myrobotlab.service,POSIX,1,0,2,2,27,4,0,0,0.0,2,0,/temp/myrobotlab/src/org/myrobotlab/service/TesseractOcr.java,119
myrobotlab,org.myrobotlab.service,WinLibC,0,0,1,1,3,1,0,0,-1.0,0,0,/temp/myrobotlab/src/org/myrobotlab/service/TesseractOcr.java,147
myrobotlab,org.myrobotlab.service,Solr,5,3,21,20,234,29,0,2,0.19047619047619047,2,7,/temp/myrobotlab/src/org/myrobotlab/service/Solr.java,25
myrobotlab,org.myrobotlab.service,DatabaseConnector,10,0,25,21,177,32,0,3,0.2,0,4,/temp/myrobotlab/src/org/myrobotlab/service/DatabaseConnector.java,16
myrobotlab,org.myrobotlab.service,Picaxe,9,8,20,19,140,31,0,2,0.4,0,6,/temp/myrobotlab/src/org/myrobotlab/service/Picaxe.java,35
myrobotlab,org.myrobotlab.service,PICAXEThread,2,2,2,1,32,7,0,0,1.0,1,1,/temp/myrobotlab/src/org/myrobotlab/service/Picaxe.java,54
myrobotlab,org.myrobotlab.service,PulseDataType,0,0,0,0,1,0,0,0,-1.0,2,0,/temp/myrobotlab/src/org/myrobotlab/service/Picaxe.java,88
myrobotlab,org.myrobotlab.service,VirtualArduinoTest,0,0,24,24,71,24,0,0,-1.0,0,0,/temp/myrobotlab/src/org/myrobotlab/service/VirtualArduinoTest.java,10
myrobotlab,org.myrobotlab.service,Roomba,9,1,69,69,471,88,0,2,0.043478260869565216,1,8,/temp/myrobotlab/src/org/myrobotlab/service/Roomba.java,38
myrobotlab,org.myrobotlab.service,HtmlParser,2,1,3,3,28,3,0,2,1.0,0,5,/temp/myrobotlab/src/org/myrobotlab/service/HtmlParser.java,11
myrobotlab,org.myrobotlab.service,RasPi,10,5,14,14,171,21,0,3,0.2857142857142857,2,11,/temp/myrobotlab/src/org/myrobotlab/service/RasPi.java,31
myrobotlab,org.myrobotlab.service,I2CDeviceMap,3,3,0,0,5,0,0,0,-1.0,0,1,/temp/myrobotlab/src/org/myrobotlab/service/RasPi.java,42
myrobotlab,org.myrobotlab.service,TestCatcher,7,4,24,24,195,37,0,3,0.5,3,8,/temp/myrobotlab/src/org/myrobotlab/service/TestCatcher.java,45
myrobotlab,org.myrobotlab.service,Motor,17,2,36,36,231,44,1,3,0.25,13,12,/temp/myrobotlab/src/org/myrobotlab/service/Motor.java,51
myrobotlab,org.myrobotlab.service,Incubator,3,1,17,17,250,37,0,2,0.6470588235294118,0,15,/temp/myrobotlab/src/org/myrobotlab/service/Incubator.java,29
myrobotlab,org.myrobotlab.service,IpCamera,32,27,12,12,141,18,0,2,0.5,2,6,/temp/myrobotlab/src/org/myrobotlab/service/IpCamera.java,20
myrobotlab,org.myrobotlab.service,VideoProcess,0,0,1,1,18,3,0,0,-1.0,0,0,/temp/myrobotlab/src/org/myrobotlab/service/IpCamera.java,29
myrobotlab,org.myrobotlab.service,UltrasonicSensor,14,2,24,23,170,32,0,4,0.25,5,9,/temp/myrobotlab/src/org/myrobotlab/service/UltrasonicSensor.java,20
myrobotlab,org.myrobotlab.service,OpenNi,33,6,45,42,567,83,0,2,0.15555555555555556,5,13,/temp/myrobotlab/src/org/myrobotlab/service/OpenNi.java,30
myrobotlab,org.myrobotlab.service,Worker,2,2,2,2,31,6,0,0,0.0,2,1,/temp/myrobotlab/src/org/myrobotlab/service/OpenNi.java,53
myrobotlab,org.myrobotlab.service,Test,49,10,32,31,531,60,0,2,0.3125,3,22,/temp/myrobotlab/src/org/myrobotlab/service/Test.java,38
myrobotlab,org.myrobotlab.service,Progress,9,6,1,1,23,2,0,0,0.0,2,1,/temp/myrobotlab/src/org/myrobotlab/service/Test.java,82
myrobotlab,org.myrobotlab.service,TestMatrix,11,1,0,0,16,0,0,0,-1.0,1,2,/temp/myrobotlab/src/org/myrobotlab/service/Test.java,107
myrobotlab,org.myrobotlab.service,TestResults,5,0,0,0,7,0,0,0,-1.0,1,1,/temp/myrobotlab/src/org/myrobotlab/service/Test.java,128
myrobotlab,org.myrobotlab.service,TestResult,6,1,1,1,13,1,0,0,0.0,1,1,/temp/myrobotlab/src/org/myrobotlab/service/Test.java,136
myrobotlab,org.myrobotlab.service,StatusLock,1,1,0,0,3,0,0,0,-1.0,1,1,/temp/myrobotlab/src/org/myrobotlab/service/Test.java,153
myrobotlab,org.myrobotlab.service,Tester,1,0,2,2,11,2,0,0,0.0,1,1,/temp/myrobotlab/src/org/myrobotlab/service/Test.java,452
myrobotlab,org.myrobotlab.service,RemoteAdapter,13,3,39,39,256,47,0,2,0.46153846153846156,9,12,/temp/myrobotlab/src/org/myrobotlab/service/RemoteAdapter.java,66
myrobotlab,org.myrobotlab.service,Cron,11,7,12,12,101,14,0,2,0.25,3,7,/temp/myrobotlab/src/org/myrobotlab/service/Cron.java,17
myrobotlab,org.myrobotlab.service,Task,6,4,3,3,22,3,0,0,0.0,1,1,/temp/myrobotlab/src/org/myrobotlab/service/Cron.java,29
myrobotlab,org.myrobotlab.service,SegmentDisplay,2,1,3,3,28,3,0,2,1.0,0,5,/temp/myrobotlab/src/org/myrobotlab/service/SegmentDisplay.java,11
myrobotlab,org.myrobotlab.service,ServoOrchestrator,23,12,55,54,592,121,0,2,0.14545454545454545,0,10,/temp/myrobotlab/src/org/myrobotlab/service/ServoOrchestrator.java,30
myrobotlab,org.myrobotlab.service,ClockThread,1,1,2,1,19,3,0,0,1.0,0,1,/temp/myrobotlab/src/org/myrobotlab/service/ServoOrchestrator.java,36
myrobotlab,org.myrobotlab.service,SettingsItemHolder,7,7,0,0,9,0,0,0,-1.0,1,0,/temp/myrobotlab/src/org/myrobotlab/service/ServoOrchestrator.java,58
myrobotlab,org.myrobotlab.service,Mpu6050,368,362,313,32,3126,374,0,3,0.022364217252396165,2,9,/temp/myrobotlab/src/org/myrobotlab/service/Mpu6050.java,56
myrobotlab,org.myrobotlab.service,OrientationPublisher,1,1,1,1,10,2,0,0,0.0,1,0,/temp/myrobotlab/src/org/myrobotlab/service/Mpu6050.java,531
myrobotlab,org.myrobotlab.service,JavaScript,4,1,7,7,54,9,0,2,0.42857142857142855,0,5,/temp/myrobotlab/src/org/myrobotlab/service/JavaScript.java,15
myrobotlab,org.myrobotlab.service,Python,22,2,46,43,544,75,0,2,0.1956521739130435,14,16,/temp/myrobotlab/src/org/myrobotlab/service/Python.java,39
myrobotlab,org.myrobotlab.service,InputQueueThread,1,0,2,2,51,7,0,0,0.0,1,3,/temp/myrobotlab/src/org/myrobotlab/service/Python.java,51
myrobotlab,org.myrobotlab.service,PIThread,3,1,3,1,46,6,0,0,0.0,1,2,/temp/myrobotlab/src/org/myrobotlab/service/Python.java,139
myrobotlab,org.myrobotlab.service,Script,3,0,5,5,30,6,0,0,0.0,4,0,/temp/myrobotlab/src/org/myrobotlab/service/Python.java,191
myrobotlab,org.myrobotlab.service,OculusRift,31,18,45,44,353,69,0,2,0.15555555555555556,3,12,/temp/myrobotlab/src/org/myrobotlab/service/OculusRift.java,26
myrobotlab,org.myrobotlab.service,RiftFrame,2,2,0,0,4,0,0,0,-1.0,3,1,/temp/myrobotlab/src/org/myrobotlab/service/OculusRift.java,88
myrobotlab,org.myrobotlab.service,MouthControl,11,7,17,17,166,32,0,2,0.23529411764705882,1,9,/temp/myrobotlab/src/org/myrobotlab/service/MouthControl.java,12
myrobotlab,org.myrobotlab.service,Piston,2,1,3,3,29,3,0,2,1.0,0,6,/temp/myrobotlab/src/org/myrobotlab/service/Piston.java,11
myrobotlab,org.myrobotlab.service,ImageDisplay,8,1,24,22,142,26,0,2,0.2916666666666667,1,6,/temp/myrobotlab/src/org/myrobotlab/service/ImageDisplay.java,21
myrobotlab,org.myrobotlab.service,VoiceRss,10,5,31,31,339,52,0,2,0.22580645161290322,0,10,/temp/myrobotlab/src/org/myrobotlab/service/VoiceRss.java,69
myrobotlab,org.myrobotlab.service,Serial,33,12,80,79,868,139,0,3,0.1375,21,15,/temp/myrobotlab/src/org/myrobotlab/service/Serial.java,41
myrobotlab,org.myrobotlab.service,SerialRelay,5,1,22,22,115,29,0,3,0.5454545454545454,1,8,/temp/myrobotlab/src/org/myrobotlab/service/SerialRelay.java,21
myrobotlab,org.myrobotlab.service,Bno055,69,61,81,66,0,228,0,3,0.08641975308641975,0,22,/temp/myrobotlab/src/org/myrobotlab/service/Bno055.java,32
myrobotlab,org.myrobotlab.service,register,3,3,1,0,9,1,0,0,0.0,1,0,/temp/myrobotlab/src/org/myrobotlab/service/Bno055.java,73
myrobotlab,org.myrobotlab.service,Device,2,2,1,0,7,1,0,0,0.0,1,0,/temp/myrobotlab/src/org/myrobotlab/service/Bno055.java,197
myrobotlab,org.myrobotlab.service,PowerMode,2,2,1,0,7,1,0,0,0.0,1,0,/temp/myrobotlab/src/org/myrobotlab/service/Bno055.java,209
myrobotlab,org.myrobotlab.service,OperationMode,2,2,1,0,7,1,0,0,0.0,1,0,/temp/myrobotlab/src/org/myrobotlab/service/Bno055.java,221
myrobotlab,org.myrobotlab.service,AccelerometerConfig,4,4,1,0,11,1,0,0,0.0,1,0,/temp/myrobotlab/src/org/myrobotlab/service/Bno055.java,243
myrobotlab,org.myrobotlab.service,GyroscopeConfig,5,5,1,0,13,1,0,0,0.0,1,0,/temp/myrobotlab/src/org/myrobotlab/service/Bno055.java,274
myrobotlab,org.myrobotlab.service,MagnetometerConfig,4,4,1,0,11,1,0,0,0.0,1,0,/temp/myrobotlab/src/org/myrobotlab/service/Bno055.java,307
myrobotlab,org.myrobotlab.service,AxisMapConfig,4,4,1,0,11,1,0,0,0.0,1,0,/temp/myrobotlab/src/org/myrobotlab/service/Bno055.java,336
myrobotlab,org.myrobotlab.service,Unit,4,4,1,0,11,1,0,0,0.0,2,0,/temp/myrobotlab/src/org/myrobotlab/service/Bno055.java,352
myrobotlab,org.myrobotlab.service,CalibStat,4,4,1,0,11,1,0,0,0.0,0,0,/temp/myrobotlab/src/org/myrobotlab/service/Bno055.java,377
myrobotlab,org.myrobotlab.service,InterruptType,2,2,1,0,7,1,0,0,0.0,1,0,/temp/myrobotlab/src/org/myrobotlab/service/Bno055.java,394
myrobotlab,org.myrobotlab.service,Bno055Data,10,9,0,0,12,0,0,0,-1.0,1,1,/temp/myrobotlab/src/org/myrobotlab/service/Bno055.java,419
myrobotlab,org.myrobotlab.service,Bno055Event,6,6,0,0,10,0,0,0,-1.0,1,1,/temp/myrobotlab/src/org/myrobotlab/service/Bno055.java,432
myrobotlab,org.myrobotlab.service,Orientation,3,3,0,0,5,0,0,0,-1.0,2,0,/temp/myrobotlab/src/org/myrobotlab/service/Bno055.java,435
myrobotlab,org.myrobotlab.service,TarsosDsp,2,1,3,3,28,3,0,2,1.0,0,5,/temp/myrobotlab/src/org/myrobotlab/service/TarsosDsp.java,11
myrobotlab,org.myrobotlab.service,AzureTranslator,4,1,11,11,73,12,0,2,0.6363636363636364,0,6,/temp/myrobotlab/src/org/myrobotlab/service/AzureTranslator.java,24
myrobotlab,org.myrobotlab.service,MarySpeech,4,1,26,26,218,39,0,2,0.2692307692307692,2,10,/temp/myrobotlab/src/org/myrobotlab/service/MarySpeech.java,36
myrobotlab,org.myrobotlab.service,MRLAudioPlayer,1,0,2,2,25,2,0,0,0.0,1,0,/temp/myrobotlab/src/org/myrobotlab/service/MarySpeech.java,46
myrobotlab,org.myrobotlab.service,Plantoid,31,8,36,35,397,44,0,2,0.1388888888888889,1,14,/temp/myrobotlab/src/org/myrobotlab/service/Plantoid.java,18
myrobotlab,org.myrobotlab.service,Scanner,7,0,2,2,27,4,0,0,0.0,3,2,/temp/myrobotlab/src/org/myrobotlab/service/Plantoid.java,35
myrobotlab,org.myrobotlab.service,SendReport,1,0,2,1,9,2,0,0,1.0,0,1,/temp/myrobotlab/src/org/myrobotlab/service/Plantoid.java,68
myrobotlab,org.myrobotlab.service,Agent,18,1,37,37,654,123,1,2,0.08108108108108109,1,16,/temp/myrobotlab/src/org/myrobotlab/service/Agent.java,37
myrobotlab,org.myrobotlab.service,JFugue,3,2,7,7,45,7,0,2,0.42857142857142855,1,4,/temp/myrobotlab/src/org/myrobotlab/service/JFugue.java,37
myrobotlab,org.myrobotlab.service,Xmpp,28,10,44,44,312,56,0,2,0.4318181818181818,5,15,/temp/myrobotlab/src/org/myrobotlab/service/Xmpp.java,52
myrobotlab,org.myrobotlab.service,Contact,5,5,1,1,10,1,0,0,0.0,1,0,/temp/myrobotlab/src/org/myrobotlab/service/Xmpp.java,63
myrobotlab,org.myrobotlab.service,XmppMsg,4,4,1,1,15,2,0,0,0.0,2,1,/temp/myrobotlab/src/org/myrobotlab/service/Xmpp.java,75
myrobotlab,org.myrobotlab.service,WikiDataFetcher,4,1,25,21,0,57,0,2,0.28,0,5,/temp/myrobotlab/src/org/myrobotlab/service/WikiDataFetcher.java,28
myrobotlab,org.myrobotlab.service,VirtualDevice,5,1,21,21,156,26,0,3,0.09523809523809523,5,12,/temp/myrobotlab/src/org/myrobotlab/service/VirtualDevice.java,23
myrobotlab,org.myrobotlab.service,Security,20,8,28,24,314,51,0,2,0.07142857142857142,2,11,/temp/myrobotlab/src/org/myrobotlab/service/Security.java,41
myrobotlab,org.myrobotlab.service,Group,3,3,0,0,5,0,0,0,-1.0,1,0,/temp/myrobotlab/src/org/myrobotlab/service/Security.java,43
myrobotlab,org.myrobotlab.service,User,3,3,0,0,5,0,0,0,-1.0,1,0,/temp/myrobotlab/src/org/myrobotlab/service/Security.java,51
myrobotlab,org.myrobotlab.service,OpenCV,33,31,68,68,492,93,0,4,0.38235294117647056,18,17,/temp/myrobotlab/src/org/myrobotlab/service/OpenCV.java,96
myrobotlab,org.myrobotlab.service,Sprinkler,7,1,15,15,153,16,0,2,0.3333333333333333,0,7,/temp/myrobotlab/src/org/myrobotlab/service/Sprinkler.java,14
myrobotlab,org.myrobotlab.service,ProgramAB,15,5,51,47,462,85,0,2,0.17647058823529413,4,11,/temp/myrobotlab/src/org/myrobotlab/service/ProgramAB.java,33
myrobotlab,org.myrobotlab.service,Response,4,4,2,2,15,2,0,0,0.0,4,0,/temp/myrobotlab/src/org/myrobotlab/service/ProgramAB.java,46
myrobotlab,org.myrobotlab.service,YahooFinanceStockQuote,3,1,6,6,55,6,0,3,0.5,0,1,/temp/myrobotlab/src/org/myrobotlab/service/YahooFinanceStockQuote.java,14
myrobotlab,org.myrobotlab.service,AdafruitMotorShield,29,17,20,20,151,23,0,3,0.45,1,10,/temp/myrobotlab/src/org/myrobotlab/service/AdafruitMotorShield.java,28
myrobotlab,org.myrobotlab.service,HtmlFilter,4,0,14,14,89,15,0,2,0.35714285714285715,2,5,/temp/myrobotlab/src/org/myrobotlab/service/HtmlFilter.java,10
myrobotlab,org.myrobotlab.service,Esp8266,2,1,3,3,29,3,0,2,1.0,0,5,/temp/myrobotlab/src/org/myrobotlab/service/Esp8266.java,11
myrobotlab,org.myrobotlab.service,Twitter,7,5,12,12,108,12,0,2,0.4166666666666667,1,7,/temp/myrobotlab/src/org/myrobotlab/service/Twitter.java,24
myrobotlab,org.myrobotlab.service,OpenWeatherMap,5,1,10,10,83,11,0,3,0.3,0,1,/temp/myrobotlab/src/org/myrobotlab/service/OpenWeatherMap.java,14
myrobotlab,org.myrobotlab.service,ChessGame,8,1,11,11,152,34,0,2,0.7272727272727273,0,6,/temp/myrobotlab/src/org/myrobotlab/service/ChessGame.java,37
myrobotlab,org.myrobotlab.service,InMoovArm,8,6,32,32,308,55,0,2,0.09375,6,8,/temp/myrobotlab/src/org/myrobotlab/service/InMoovArm.java,16
myrobotlab,org.myrobotlab.service,Ads1115,89,15,54,48,604,96,0,3,0.14814814814814814,1,13,/temp/myrobotlab/src/org/myrobotlab/service/Ads1115.java,28
myrobotlab,org.myrobotlab.service,Publisher,0,0,3,2,49,9,0,0,-1.0,2,2,/temp/myrobotlab/src/org/myrobotlab/service/Ads1115.java,70
myrobotlab,org.myrobotlab.service,DiyServo,47,13,70,69,532,98,0,4,0.15714285714285714,2,16,/temp/myrobotlab/src/org/myrobotlab/service/DiyServo.java,55
myrobotlab,org.myrobotlab.service,Sweeper,0,0,2,2,41,9,0,0,-1.0,0,0,/temp/myrobotlab/src/org/myrobotlab/service/DiyServo.java,82
myrobotlab,org.myrobotlab.service,MotorUpdater,2,0,2,2,38,7,0,0,0.0,1,1,/temp/myrobotlab/src/org/myrobotlab/service/DiyServo.java,138
myrobotlab,org.myrobotlab.service,_TemplateService,2,1,3,3,29,3,0,2,1.0,4,5,/temp/myrobotlab/src/org/myrobotlab/service/_TemplateService.java,11
myrobotlab,org.myrobotlab.service,OledSsd1306,60,55,45,26,685,126,0,3,0.06666666666666667,1,7,/temp/myrobotlab/src/org/myrobotlab/service/OledSsd1306.java,28
myrobotlab,org.myrobotlab.service,InMoovHand,11,9,44,44,440,69,0,2,0.045454545454545456,3,12,/temp/myrobotlab/src/org/myrobotlab/service/InMoovHand.java,14
myrobotlab,org.myrobotlab.service,MotorPulse,3,1,6,6,39,6,0,4,0.8333333333333334,2,5,/temp/myrobotlab/src/org/myrobotlab/service/MotorPulse.java,36
myrobotlab,org.myrobotlab.service,Ros,2,1,4,4,31,4,0,2,1.0,0,4,/temp/myrobotlab/src/org/myrobotlab/service/Ros.java,11
myrobotlab,org.myrobotlab.service,Mqtt,15,3,25,23,178,30,0,2,0.12,1,4,/temp/myrobotlab/src/org/myrobotlab/service/Mqtt.java,23
myrobotlab,org.myrobotlab.service,MqttMsg,2,2,1,0,8,1,0,0,0.0,2,0,/temp/myrobotlab/src/org/myrobotlab/service/Mqtt.java,42
myrobotlab,org.myrobotlab.service,Shoutbox,29,12,29,27,304,45,0,2,0.20689655172413793,0,14,/temp/myrobotlab/src/org/myrobotlab/service/Shoutbox.java,30
myrobotlab,org.myrobotlab.service,DefaultNameProvider,0,0,1,1,5,1,0,1,-1.0,0,0,/temp/myrobotlab/src/org/myrobotlab/service/Shoutbox.java,35
myrobotlab,org.myrobotlab.service,NameProvider,0,0,1,0,3,1,3,0,-1.0,5,0,/temp/myrobotlab/src/org/myrobotlab/service/Shoutbox.java,42
myrobotlab,org.myrobotlab.service,Shout,8,7,0,0,13,0,0,0,-1.0,1,0,/temp/myrobotlab/src/org/myrobotlab/service/Shoutbox.java,46
myrobotlab,org.myrobotlab.service,Sabertooth,20,11,33,32,0,51,0,3,0.2727272727272727,0,14,/temp/myrobotlab/src/org/myrobotlab/service/Sabertooth.java,24
myrobotlab,org.myrobotlab.service,MotorData,3,0,0,0,5,0,0,0,-1.0,1,1,/temp/myrobotlab/src/org/myrobotlab/service/Sabertooth.java,38
myrobotlab,org.myrobotlab.service,Pcf8574,23,9,45,41,398,73,0,3,0.2222222222222222,1,12,/temp/myrobotlab/src/org/myrobotlab/service/Pcf8574.java,27
myrobotlab,org.myrobotlab.service,Publisher,0,0,3,2,50,9,0,0,-1.0,0,2,/temp/myrobotlab/src/org/myrobotlab/service/Pcf8574.java,40
myrobotlab,org.myrobotlab.service,Tutorial,2,1,3,3,28,3,0,2,1.0,0,5,/temp/myrobotlab/src/org/myrobotlab/service/Tutorial.java,11
myrobotlab,org.myrobotlab.service,HttpClient,4,1,18,18,158,28,2,2,0.2777777777777778,4,7,/temp/myrobotlab/src/org/myrobotlab/service/HttpClient.java,60
myrobotlab,org.myrobotlab.service,Runtime,22,1,119,118,1623,246,0,2,0.2857142857142857,182,20,/temp/myrobotlab/src/org/myrobotlab/service/Runtime.java,62
myrobotlab,org.myrobotlab.service,SlamBad,4,1,12,12,85,16,0,2,0.5833333333333334,1,7,/temp/myrobotlab/src/org/myrobotlab/service/SlamBad.java,19
myrobotlab,org.myrobotlab.service,MyEnv,0,0,1,1,5,1,0,0,-1.0,1,0,/temp/myrobotlab/src/org/myrobotlab/service/SlamBad.java,31
myrobotlab,org.myrobotlab.service,MyRobot,0,0,3,3,17,5,0,3,-1.0,0,0,/temp/myrobotlab/src/org/myrobotlab/service/SlamBad.java,40
myrobotlab,org.myrobotlab.service,IntegratedMovement,14,4,49,47,520,71,0,2,0.16326530612244897,3,24,/temp/myrobotlab/src/org/myrobotlab/service/IntegratedMovement.java,37
myrobotlab,org.myrobotlab.service,ObjectPointLocation,2,2,1,0,7,1,0,0,0.0,4,0,/temp/myrobotlab/src/org/myrobotlab/service/IntegratedMovement.java,65
myrobotlab,org.myrobotlab.service,I2cMux,12,7,28,27,198,35,0,3,0.17857142857142858,1,10,/temp/myrobotlab/src/org/myrobotlab/service/I2cMux.java,24
myrobotlab,org.myrobotlab.service,Cli,25,9,23,22,383,68,0,2,0.21739130434782608,4,12,/temp/myrobotlab/src/org/myrobotlab/service/Cli.java,24
myrobotlab,org.myrobotlab.service,Decoder,6,0,2,2,112,18,0,0,0.0,2,7,/temp/myrobotlab/src/org/myrobotlab/service/Cli.java,73
myrobotlab,org.myrobotlab.service,Pipe,3,3,1,1,10,1,0,0,0.0,1,0,/temp/myrobotlab/src/org/myrobotlab/service/Cli.java,350
myrobotlab,org.myrobotlab.service,FileConnector,4,1,11,11,71,13,0,3,0.6363636363636364,1,4,/temp/myrobotlab/src/org/myrobotlab/service/FileConnector.java,20
myrobotlab,org.myrobotlab.service,TestThrower,8,4,12,10,74,16,0,2,0.4166666666666667,1,2,/temp/myrobotlab/src/org/myrobotlab/service/TestThrower.java,35
myrobotlab,org.myrobotlab.service,RapidThrower,3,0,3,1,19,4,0,0,0.0,0,1,/temp/myrobotlab/src/org/myrobotlab/service/TestThrower.java,48
myrobotlab,org.myrobotlab.service,NaturalReaderSpeech,8,3,27,27,249,37,0,2,0.37037037037037035,1,10,/temp/myrobotlab/src/org/myrobotlab/service/NaturalReaderSpeech.java,33
myrobotlab,org.myrobotlab.service,PickToLight,36,16,71,71,0,133,0,2,0.09859154929577464,0,17,/temp/myrobotlab/src/org/myrobotlab/service/PickToLight.java,54
myrobotlab,org.myrobotlab.service,Worker,4,1,2,2,0,20,0,0,0.0,0,0,/temp/myrobotlab/src/org/myrobotlab/service/PickToLight.java,75
myrobotlab,org.myrobotlab.service,Webcam,7,1,10,10,65,10,0,2,0.2,1,5,/temp/myrobotlab/src/org/myrobotlab/service/Webcam.java,21
myrobotlab,org.myrobotlab.service,StreamFrameListenerIMPL,1,0,1,1,7,1,0,0,0.0,0,0,/temp/myrobotlab/src/org/myrobotlab/service/Webcam.java,36
myrobotlab,org.myrobotlab.service,Arduino,58,32,132,126,0,225,0,3,0.12121212121212122,43,39,/temp/myrobotlab/src/org/myrobotlab/service/Arduino.java,62
myrobotlab,org.myrobotlab.service,I2CDeviceMap,3,3,0,0,5,0,0,0,-1.0,0,1,/temp/myrobotlab/src/org/myrobotlab/service/Arduino.java,68
myrobotlab,org.myrobotlab.service,Sketch,3,2,1,1,9,1,0,0,0.0,3,0,/temp/myrobotlab/src/org/myrobotlab/service/Arduino.java,74
myrobotlab,org.myrobotlab.service,AudioFileTest,0,0,1,1,31,1,0,0,-1.0,0,2,/temp/myrobotlab/test/org/myrobotlab/service/AudioFileTest.java,8
myrobotlab,org.myrobotlab.service,InMoovTest,6,1,9,9,64,12,0,3,0.6666666666666666,0,8,/temp/myrobotlab/test/org/myrobotlab/service/InMoovTest.java,20
myrobotlab,org.myrobotlab.service,ArduinoPinArrayControlTest,1,1,20,20,85,22,0,0,0.8,0,7,/temp/myrobotlab/test/org/myrobotlab/service/ArduinoPinArrayControlTest.java,18
myrobotlab,org.myrobotlab.service,Adafruit16CServoDriverTest,4,0,29,29,99,30,0,0,0.9655172413793104,0,8,/temp/myrobotlab/test/org/myrobotlab/service/Adafruit16CServoDriverTest.java,17
myrobotlab,org.myrobotlab.service,InMoovTorsoTest,0,0,24,24,50,24,0,0,-1.0,0,0,/temp/myrobotlab/test/org/myrobotlab/service/InMoovTorsoTest.java,9
myrobotlab,org.myrobotlab.service,SerialTest,8,1,89,89,393,96,0,0,0.8089887640449438,0,10,/temp/myrobotlab/test/org/myrobotlab/service/SerialTest.java,31
myrobotlab,org.myrobotlab.service,FileConnectorTest,0,0,3,3,13,3,0,0,-1.0,0,3,/temp/myrobotlab/test/org/myrobotlab/service/FileConnectorTest.java,7
myrobotlab,org.myrobotlab.service,RuntimeTest,0,0,7,7,41,7,0,0,-1.0,0,2,/temp/myrobotlab/test/org/myrobotlab/service/RuntimeTest.java,14
myrobotlab,org.myrobotlab.service,ServiceInterfaceTest,1,1,7,3,245,33,0,0,0.0,0,5,/temp/myrobotlab/test/org/myrobotlab/service/ServiceInterfaceTest.java,25
myrobotlab,org.myrobotlab.service,MotorTest,3,1,37,37,112,37,0,0,0.9459459459459459,0,6,/temp/myrobotlab/test/org/myrobotlab/service/MotorTest.java,18
myrobotlab,org.myrobotlab.service,KeyboardTest,0,0,17,17,36,17,0,0,-1.0,0,0,/temp/myrobotlab/test/org/myrobotlab/service/KeyboardTest.java,9
myrobotlab,org.myrobotlab.service,UltrasonicSensorTest,11,1,27,27,105,29,0,0,0.9259259259259259,0,10,/temp/myrobotlab/test/org/myrobotlab/service/UltrasonicSensorTest.java,22
myrobotlab,org.myrobotlab.service,MqttTest,0,0,20,20,42,20,0,0,-1.0,0,0,/temp/myrobotlab/test/org/myrobotlab/service/MqttTest.java,9
myrobotlab,org.myrobotlab.service,InverseKinematics3DTest,0,0,2,2,25,4,0,0,-1.0,0,4,/temp/myrobotlab/test/org/myrobotlab/service/InverseKinematics3DTest.java,7
myrobotlab,org.myrobotlab.service,_TemplateServiceTest,2,1,5,5,14,5,0,0,1.0,0,0,/temp/myrobotlab/test/org/myrobotlab/service/_TemplateServiceTest.java,11
myrobotlab,org.myrobotlab.service,ArduinoTest,11,1,136,135,515,145,0,3,0.7720588235294118,1,15,/temp/myrobotlab/test/org/myrobotlab/service/ArduinoTest.java,37
myrobotlab,org.myrobotlab.service,JUnitListener,0,0,7,7,23,7,0,0,-1.0,0,0,/temp/myrobotlab/test/org/myrobotlab/service/ArduinoTest.java,965
myrobotlab,org.myrobotlab.service,MRLCommTest,1,1,11,11,41,11,0,0,1.0,0,5,/temp/myrobotlab/test/org/myrobotlab/service/MRLCommTest.java,18
myrobotlab,org.myrobotlab.service,AcapelaSpeechTest,2,1,36,36,98,36,0,0,0.9444444444444444,0,5,/temp/myrobotlab/test/org/myrobotlab/service/AcapelaSpeechTest.java,18
myrobotlab,org.myrobotlab.service,TrackingTest,0,0,48,48,98,48,0,0,-1.0,0,0,/temp/myrobotlab/test/org/myrobotlab/service/TrackingTest.java,9
myrobotlab,org.myrobotlab.service,InMoovHandTest,0,0,48,48,98,48,0,0,-1.0,0,0,/temp/myrobotlab/test/org/myrobotlab/service/InMoovHandTest.java,9
myrobotlab,org.myrobotlab.service,IKInMoovArmTest,1,0,2,2,18,2,0,0,0.0,0,1,/temp/myrobotlab/test/org/myrobotlab/service/IKInMoovArmTest.java,8
myrobotlab,org.myrobotlab.service,ProgramABTest,5,1,13,13,111,16,0,0,0.0,0,3,/temp/myrobotlab/test/org/myrobotlab/service/ProgramABTest.java,17
myrobotlab,org.myrobotlab.service,ServoTest,1,1,45,45,190,46,0,0,0.9333333333333333,0,7,/temp/myrobotlab/test/org/myrobotlab/service/ServoTest.java,17
myrobotlab,org.myrobotlab.service,OpenCVTest,0,0,67,67,136,67,0,0,-1.0,0,0,/temp/myrobotlab/test/org/myrobotlab/service/OpenCVTest.java,9
myrobotlab,org.myrobotlab.service,JFugueTest,2,1,15,15,44,15,0,0,0.8666666666666667,0,5,/temp/myrobotlab/test/org/myrobotlab/service/JFugueTest.java,14
myrobotlab,org.myrobotlab.service,PidTest,0,0,19,19,69,21,0,0,-1.0,0,2,/temp/myrobotlab/test/org/myrobotlab/service/PidTest.java,8
myrobotlab,org.myrobotlab.service,HtmlFilterTest,0,0,1,1,9,1,0,0,-1.0,0,2,/temp/myrobotlab/test/org/myrobotlab/service/HtmlFilterTest.java,7
myrobotlab,org.myrobotlab.service,InMoovArmTest,1,0,3,3,15,3,0,0,1.0,0,2,/temp/myrobotlab/test/org/myrobotlab/service/InMoovArmTest.java,10
myrobotlab,org.myrobotlab.service,EddieControlBoardTest,1,0,41,41,85,41,0,0,1.0,0,1,/temp/myrobotlab/test/org/myrobotlab/service/EddieControlBoardTest.java,11
myrobotlab,org.myrobotlab.service.interfaces,PortListener,0,0,2,2,4,2,5,1,-1.0,0,0,/temp/myrobotlab/src/org/myrobotlab/service/interfaces/PortListener.java,3
myrobotlab,org.myrobotlab.service.interfaces,PortPublisher,0,0,5,5,7,5,4,1,-1.0,1,0,/temp/myrobotlab/src/org/myrobotlab/service/interfaces/PortPublisher.java,5
myrobotlab,org.myrobotlab.service.interfaces,RangingControl,0,0,4,4,6,4,2,2,-1.0,0,0,/temp/myrobotlab/src/org/myrobotlab/service/interfaces/RangingControl.java,3
myrobotlab,org.myrobotlab.service.interfaces,AudioPublisher,0,0,2,2,4,2,0,0,-1.0,0,1,/temp/myrobotlab/src/org/myrobotlab/service/interfaces/AudioPublisher.java,5
myrobotlab,org.myrobotlab.service.interfaces,RangeListener,0,0,1,1,3,1,2,1,-1.0,0,0,/temp/myrobotlab/src/org/myrobotlab/service/interfaces/RangeListener.java,3
myrobotlab,org.myrobotlab.service.interfaces,SerialRelayListener,0,0,1,1,3,1,1,0,-1.0,1,1,/temp/myrobotlab/src/org/myrobotlab/service/interfaces/SerialRelayListener.java,7
myrobotlab,org.myrobotlab.service.interfaces,Gateway,0,0,11,11,30,11,3,0,-1.0,1,3,/temp/myrobotlab/src/org/myrobotlab/service/interfaces/Gateway.java,37
myrobotlab,org.myrobotlab.service.interfaces,IKJointAngleListener,0,0,2,2,4,2,1,0,-1.0,0,0,/temp/myrobotlab/src/org/myrobotlab/service/interfaces/IKJointAngleListener.java,5
myrobotlab,org.myrobotlab.service.interfaces,DeviceControl,0,0,4,4,25,4,9,1,-1.0,10,1,/temp/myrobotlab/src/org/myrobotlab/service/interfaces/DeviceControl.java,5
myrobotlab,org.myrobotlab.service.interfaces,OrientationListener,0,0,2,2,4,2,1,0,-1.0,2,1,/temp/myrobotlab/src/org/myrobotlab/service/interfaces/OrientationListener.java,5
myrobotlab,org.myrobotlab.service.interfaces,LeapDataPublisher,0,0,2,2,4,2,1,0,-1.0,0,1,/temp/myrobotlab/src/org/myrobotlab/service/interfaces/LeapDataPublisher.java,5
myrobotlab,org.myrobotlab.service.interfaces,HttpDataListener,0,0,1,1,3,1,1,0,-1.0,0,1,/temp/myrobotlab/src/org/myrobotlab/service/interfaces/HttpDataListener.java,5
myrobotlab,org.myrobotlab.service.interfaces,MotorControl,0,0,18,4,54,18,1,2,-1.0,7,2,/temp/myrobotlab/src/org/myrobotlab/service/interfaces/MotorControl.java,31
myrobotlab,org.myrobotlab.service.interfaces,NameProvider,0,0,1,1,3,1,12,0,-1.0,4,0,/temp/myrobotlab/src/org/myrobotlab/service/interfaces/NameProvider.java,3
myrobotlab,org.myrobotlab.service.interfaces,RepoInstallListener,0,0,1,1,3,1,0,0,-1.0,1,1,/temp/myrobotlab/src/org/myrobotlab/service/interfaces/RepoInstallListener.java,5
myrobotlab,org.myrobotlab.service.interfaces,OrientationPublisher,0,0,6,6,14,6,1,0,-1.0,0,2,/temp/myrobotlab/src/org/myrobotlab/service/interfaces/OrientationPublisher.java,5
myrobotlab,org.myrobotlab.service.interfaces,ArduinoShield,0,0,2,0,4,2,1,0,-1.0,0,1,/temp/myrobotlab/src/org/myrobotlab/service/interfaces/ArduinoShield.java,5
myrobotlab,org.myrobotlab.service.interfaces,NameTypeProvider,0,0,0,0,2,0,1,1,-1.0,1,0,/temp/myrobotlab/src/org/myrobotlab/service/interfaces/NameTypeProvider.java,3
myrobotlab,org.myrobotlab.service.interfaces,Point2DfPublisher,0,0,2,2,4,2,1,0,-1.0,0,1,/temp/myrobotlab/src/org/myrobotlab/service/interfaces/Point2DfPublisher.java,5
myrobotlab,org.myrobotlab.service.interfaces,StatusListener,0,0,1,1,8,1,1,1,-1.0,0,1,/temp/myrobotlab/src/org/myrobotlab/service/interfaces/StatusListener.java,5
myrobotlab,org.myrobotlab.service.interfaces,LoggingSink,0,0,5,5,7,5,1,0,-1.0,5,1,/temp/myrobotlab/src/org/myrobotlab/service/interfaces/LoggingSink.java,5
myrobotlab,org.myrobotlab.service.interfaces,PinListener,0,0,1,1,3,1,3,2,-1.0,6,1,/temp/myrobotlab/src/org/myrobotlab/service/interfaces/PinListener.java,5
myrobotlab,org.myrobotlab.service.interfaces,AbsolutePositionControl,0,0,1,1,7,1,1,0,-1.0,0,0,/temp/myrobotlab/src/org/myrobotlab/service/interfaces/AbsolutePositionControl.java,3
myrobotlab,org.myrobotlab.service.interfaces,AudioListener,0,0,2,2,4,2,3,0,-1.0,0,1,/temp/myrobotlab/src/org/myrobotlab/service/interfaces/AudioListener.java,5
myrobotlab,org.myrobotlab.service.interfaces,TextListener,0,0,2,2,4,2,9,0,-1.0,8,0,/temp/myrobotlab/src/org/myrobotlab/service/interfaces/TextListener.java,3
myrobotlab,org.myrobotlab.service.interfaces,PinArrayListener,0,0,1,1,3,1,2,2,-1.0,4,0,/temp/myrobotlab/src/org/myrobotlab/service/interfaces/PinArrayListener.java,5
myrobotlab,org.myrobotlab.service.interfaces,Invoker,0,0,4,4,6,4,0,0,-1.0,1,1,/temp/myrobotlab/src/org/myrobotlab/service/interfaces/Invoker.java,5
myrobotlab,org.myrobotlab.service.interfaces,MessageSubscriber,0,0,6,6,8,6,1,0,-1.0,0,1,/temp/myrobotlab/src/org/myrobotlab/service/interfaces/MessageSubscriber.java,3
myrobotlab,org.myrobotlab.service.interfaces,VideoSource,0,0,3,3,11,3,1,3,-1.0,2,2,/temp/myrobotlab/src/org/myrobotlab/service/interfaces/VideoSource.java,5
myrobotlab,org.myrobotlab.service.interfaces,RangePublisher,0,0,1,0,3,1,1,0,-1.0,0,0,/temp/myrobotlab/src/org/myrobotlab/service/interfaces/RangePublisher.java,3
myrobotlab,org.myrobotlab.service.interfaces,MotorEncoder,0,0,1,1,3,1,0,0,-1.0,1,0,/temp/myrobotlab/src/org/myrobotlab/service/interfaces/MotorEncoder.java,3
myrobotlab,org.myrobotlab.service.interfaces,UltrasonicSensorController,0,0,5,5,7,5,1,2,-1.0,2,1,/temp/myrobotlab/src/org/myrobotlab/service/interfaces/UltrasonicSensorController.java,3
myrobotlab,org.myrobotlab.service.interfaces,Ads1115Control,0,0,8,8,10,8,0,2,-1.0,0,0,/temp/myrobotlab/src/org/myrobotlab/service/interfaces/Ads1115Control.java,28
myrobotlab,org.myrobotlab.service.interfaces,DocumentConnector,0,0,3,3,5,3,1,0,-1.0,0,1,/temp/myrobotlab/src/org/myrobotlab/service/interfaces/DocumentConnector.java,5
myrobotlab,org.myrobotlab.service.interfaces,UltrasonicSensorControl,0,0,2,2,4,2,1,3,-1.0,2,1,/temp/myrobotlab/src/org/myrobotlab/service/interfaces/UltrasonicSensorControl.java,3
myrobotlab,org.myrobotlab.service.interfaces,SpeechSynthesis,0,0,16,16,48,16,5,1,-1.0,13,2,/temp/myrobotlab/src/org/myrobotlab/service/interfaces/SpeechSynthesis.java,8
myrobotlab,org.myrobotlab.service.interfaces,ServiceQueue,0,0,5,5,11,5,1,0,-1.0,0,1,/temp/myrobotlab/src/org/myrobotlab/service/interfaces/ServiceQueue.java,8
myrobotlab,org.myrobotlab.service.interfaces,MyoDataListener,0,0,2,2,4,2,1,0,-1.0,0,1,/temp/myrobotlab/src/org/myrobotlab/service/interfaces/MyoDataListener.java,5
myrobotlab,org.myrobotlab.service.interfaces,PinDefinition,15,0,22,22,119,28,0,0,0.13636363636363635,8,0,/temp/myrobotlab/src/org/myrobotlab/service/interfaces/PinDefinition.java,5
myrobotlab,org.myrobotlab.service.interfaces,DocumentListener,0,0,4,4,6,4,3,0,-1.0,3,2,/temp/myrobotlab/src/org/myrobotlab/service/interfaces/DocumentListener.java,8
myrobotlab,org.myrobotlab.service.interfaces,KeyListener,0,0,1,1,3,1,1,0,-1.0,0,0,/temp/myrobotlab/src/org/myrobotlab/service/interfaces/KeyListener.java,3
myrobotlab,org.myrobotlab.service.interfaces,QueueSource,0,0,2,0,4,2,1,0,-1.0,0,0,/temp/myrobotlab/src/org/myrobotlab/service/interfaces/QueueSource.java,5
myrobotlab,org.myrobotlab.service.interfaces,PointsListener,0,0,2,2,4,2,1,0,-1.0,0,0,/temp/myrobotlab/src/org/myrobotlab/service/interfaces/PointsListener.java,7
myrobotlab,org.myrobotlab.service.interfaces,ServiceInterface,0,0,31,31,46,31,3,2,-1.0,44,3,/temp/myrobotlab/src/org/myrobotlab/service/interfaces/ServiceInterface.java,14
myrobotlab,org.myrobotlab.service.interfaces,MyoDataPublisher,0,0,2,2,4,2,1,0,-1.0,0,1,/temp/myrobotlab/src/org/myrobotlab/service/interfaces/MyoDataPublisher.java,5
myrobotlab,org.myrobotlab.service.interfaces,VideoSink,0,0,5,5,27,7,1,3,-1.0,2,4,/temp/myrobotlab/src/org/myrobotlab/service/interfaces/VideoSink.java,5
myrobotlab,org.myrobotlab.service.interfaces,RelativePositionControl,0,0,1,0,7,1,1,0,-1.0,0,0,/temp/myrobotlab/src/org/myrobotlab/service/interfaces/RelativePositionControl.java,3
myrobotlab,org.myrobotlab.service.interfaces,ServoController,0,0,10,0,15,10,2,2,-1.0,5,1,/temp/myrobotlab/src/org/myrobotlab/service/interfaces/ServoController.java,28
myrobotlab,org.myrobotlab.service.interfaces,SpeechRecognizer,0,0,11,11,19,11,2,1,-1.0,7,1,/temp/myrobotlab/src/org/myrobotlab/service/interfaces/SpeechRecognizer.java,3
myrobotlab,org.myrobotlab.service.interfaces,Point2DfListener,0,0,2,2,4,2,1,0,-1.0,0,1,/temp/myrobotlab/src/org/myrobotlab/service/interfaces/Point2DfListener.java,5
myrobotlab,org.myrobotlab.service.interfaces,Listener,0,0,1,1,7,1,2,1,-1.0,0,0,/temp/myrobotlab/src/org/myrobotlab/service/interfaces/Listener.java,3
myrobotlab,org.myrobotlab.service.interfaces,NeoPixelControl,0,0,12,12,37,12,1,2,-1.0,0,1,/temp/myrobotlab/src/org/myrobotlab/service/interfaces/NeoPixelControl.java,28
myrobotlab,org.myrobotlab.service.interfaces,VideoGUISource,0,0,1,1,3,1,4,0,-1.0,0,1,/temp/myrobotlab/src/org/myrobotlab/service/interfaces/VideoGUISource.java,30
myrobotlab,org.myrobotlab.service.interfaces,I2CBusControl,0,0,0,0,2,0,1,2,-1.0,1,0,/temp/myrobotlab/src/org/myrobotlab/service/interfaces/I2CBusControl.java,28
myrobotlab,org.myrobotlab.service.interfaces,NeoPixelController,0,0,3,3,5,3,1,2,-1.0,2,1,/temp/myrobotlab/src/org/myrobotlab/service/interfaces/NeoPixelController.java,32
myrobotlab,org.myrobotlab.service.interfaces,I2CBusController,0,0,1,1,3,1,1,2,-1.0,1,0,/temp/myrobotlab/src/org/myrobotlab/service/interfaces/I2CBusController.java,28
myrobotlab,org.myrobotlab.service.interfaces,DocumentPublisher,0,0,3,3,5,3,3,0,-1.0,0,2,/temp/myrobotlab/src/org/myrobotlab/service/interfaces/DocumentPublisher.java,5
myrobotlab,org.myrobotlab.service.interfaces,QueueReporter,0,0,2,2,4,2,2,0,-1.0,0,1,/temp/myrobotlab/src/org/myrobotlab/service/interfaces/QueueReporter.java,5
myrobotlab,org.myrobotlab.service.interfaces,JoystickListener,0,0,2,2,4,2,2,0,-1.0,0,1,/temp/myrobotlab/src/org/myrobotlab/service/interfaces/JoystickListener.java,5
myrobotlab,org.myrobotlab.service.interfaces,SerialDataListener,0,0,1,1,3,1,8,2,-1.0,1,0,/temp/myrobotlab/src/org/myrobotlab/service/interfaces/SerialDataListener.java,30
myrobotlab,org.myrobotlab.service.interfaces,IKJointAnglePublisher,0,0,2,2,4,2,2,0,-1.0,0,0,/temp/myrobotlab/src/org/myrobotlab/service/interfaces/IKJointAnglePublisher.java,6
myrobotlab,org.myrobotlab.service.interfaces,Simulator,0,0,1,1,7,1,2,1,-1.0,2,1,/temp/myrobotlab/src/org/myrobotlab/service/interfaces/Simulator.java,5
myrobotlab,org.myrobotlab.service.interfaces,VoltageSensorControl,0,0,6,0,8,6,1,2,-1.0,0,0,/temp/myrobotlab/src/org/myrobotlab/service/interfaces/VoltageSensorControl.java,28
myrobotlab,org.myrobotlab.service.interfaces,TextPublisher,0,0,3,3,5,3,7,0,-1.0,1,1,/temp/myrobotlab/src/org/myrobotlab/service/interfaces/TextPublisher.java,3
myrobotlab,org.myrobotlab.service.interfaces,RecordControl,0,0,3,3,5,3,2,0,-1.0,0,0,/temp/myrobotlab/src/org/myrobotlab/service/interfaces/RecordControl.java,3
myrobotlab,org.myrobotlab.service.interfaces,CommunicationInterface,0,0,3,3,5,3,0,0,-1.0,5,1,/temp/myrobotlab/src/org/myrobotlab/service/interfaces/CommunicationInterface.java,7
myrobotlab,org.myrobotlab.service.interfaces,HttpResponseListener,0,0,1,1,3,1,1,0,-1.0,0,0,/temp/myrobotlab/src/org/myrobotlab/service/interfaces/HttpResponseListener.java,3
myrobotlab,org.myrobotlab.service.interfaces,Microcontroller,0,0,6,6,13,6,2,2,-1.0,0,1,/temp/myrobotlab/src/org/myrobotlab/service/interfaces/Microcontroller.java,6
myrobotlab,org.myrobotlab.service.interfaces,TypeProvider,0,0,1,1,3,1,1,0,-1.0,0,0,/temp/myrobotlab/src/org/myrobotlab/service/interfaces/TypeProvider.java,3
myrobotlab,org.myrobotlab.service.interfaces,MessageSender,0,0,5,5,7,5,1,0,-1.0,0,0,/temp/myrobotlab/src/org/myrobotlab/service/interfaces/MessageSender.java,3
myrobotlab,org.myrobotlab.service.interfaces,SerialDevice,0,0,8,0,16,8,2,2,-1.0,13,0,/temp/myrobotlab/src/org/myrobotlab/service/interfaces/SerialDevice.java,5
myrobotlab,org.myrobotlab.service.interfaces,I2CControl,0,0,6,6,8,6,8,2,-1.0,7,1,/temp/myrobotlab/src/org/myrobotlab/service/interfaces/I2CControl.java,28
myrobotlab,org.myrobotlab.service.interfaces,MotorController,0,0,4,4,24,4,4,2,-1.0,7,1,/temp/myrobotlab/src/org/myrobotlab/service/interfaces/MotorController.java,28
myrobotlab,org.myrobotlab.service.interfaces,PinArrayControl,0,0,13,13,25,13,3,2,-1.0,4,3,/temp/myrobotlab/src/org/myrobotlab/service/interfaces/PinArrayControl.java,7
myrobotlab,org.myrobotlab.service.interfaces,AuthorizationProvider,0,0,3,0,5,3,2,0,-1.0,1,1,/temp/myrobotlab/src/org/myrobotlab/service/interfaces/AuthorizationProvider.java,7
myrobotlab,org.myrobotlab.service.interfaces,ServoControl,0,0,27,19,114,27,2,3,-1.0,5,1,/temp/myrobotlab/src/org/myrobotlab/service/interfaces/ServoControl.java,28
myrobotlab,org.myrobotlab.service.interfaces,PointPublisher,0,0,2,2,4,2,2,0,-1.0,0,0,/temp/myrobotlab/src/org/myrobotlab/service/interfaces/PointPublisher.java,7
myrobotlab,org.myrobotlab.service.interfaces,I2CController,0,0,5,0,43,5,4,2,-1.0,10,1,/temp/myrobotlab/src/org/myrobotlab/service/interfaces/I2CController.java,12
myrobotlab,org.myrobotlab.service.interfaces,DeviceController,0,0,3,2,12,3,7,1,-1.0,2,1,/temp/myrobotlab/src/org/myrobotlab/service/interfaces/DeviceController.java,5
myrobotlab,org.myrobotlab.service.interfaces,LeapDataListener,0,0,2,2,4,2,2,0,-1.0,0,1,/temp/myrobotlab/src/org/myrobotlab/service/interfaces/LeapDataListener.java,5
myrobotlab,org.myrobotlab.service.interfaces,MockDocumentListener,2,0,8,8,32,8,0,2,0.75,2,2,/temp/myrobotlab/test/org/myrobotlab/service/interfaces/MockDocumentListener.java,9
myrobotlab,org.myrobotlab.service.interfaces,AbstractConnectorTest,1,1,4,4,27,5,0,0,0.0,0,2,/temp/myrobotlab/test/org/myrobotlab/service/interfaces/AbstractConnectorTest.java,10
myrobotlab,org.myrobotlab.service.data,AudioData,3,3,2,2,14,2,0,0,0.0,10,1,/temp/myrobotlab/src/org/myrobotlab/service/data/AudioData.java,5
myrobotlab,org.myrobotlab.service.data,DeviceMapping,4,0,7,7,36,7,0,0,0.0,1,1,/temp/myrobotlab/src/org/myrobotlab/service/data/DeviceMapping.java,9
myrobotlab,org.myrobotlab.service.data,MyoData,6,5,3,3,20,3,0,0,0.6666666666666666,3,0,/temp/myrobotlab/src/org/myrobotlab/service/data/MyoData.java,5
myrobotlab,org.myrobotlab.service.data,Mpu6050Data,23,23,0,0,28,0,0,0,-1.0,0,0,/temp/myrobotlab/src/org/myrobotlab/service/data/Mpu6050Data.java,3
myrobotlab,org.myrobotlab.service.data,Pin,11,10,5,5,46,5,0,0,0.6,9,3,/temp/myrobotlab/src/org/myrobotlab/service/data/Pin.java,34
myrobotlab,org.myrobotlab.service.data,ClockEvent,5,4,1,1,13,1,0,0,0.0,2,0,/temp/myrobotlab/src/org/myrobotlab/service/data/ClockEvent.java,6
myrobotlab,org.myrobotlab.service.data,LeapData,3,3,0,0,5,0,0,0,-1.0,5,1,/temp/myrobotlab/src/org/myrobotlab/service/data/LeapData.java,5
myrobotlab,org.myrobotlab.service.data,PinData,3,2,2,2,12,2,0,0,0.0,10,0,/temp/myrobotlab/src/org/myrobotlab/service/data/PinData.java,5
myrobotlab,org.myrobotlab.service.data,LeapHand,12,12,0,0,14,0,0,0,-1.0,3,0,/temp/myrobotlab/src/org/myrobotlab/service/data/LeapHand.java,3
myrobotlab,org.myrobotlab.service.data,SensorData,2,0,2,2,10,2,0,0,0.0,1,0,/temp/myrobotlab/src/org/myrobotlab/service/data/SensorData.java,5
myrobotlab,org.myrobotlab.service.data,OledSsd1306Data,4,4,0,0,9,0,0,0,-1.0,0,0,/temp/myrobotlab/src/org/myrobotlab/service/data/OledSsd1306Data.java,3
myrobotlab,org.myrobotlab.service.data,Trigger,12,11,2,2,24,2,0,0,1.0,1,1,/temp/myrobotlab/src/org/myrobotlab/service/data/Trigger.java,5
myrobotlab,org.myrobotlab.service.data,SerialRelayData,2,2,1,1,8,1,0,0,0.0,2,0,/temp/myrobotlab/src/org/myrobotlab/service/data/SerialRelayData.java,4
myrobotlab,org.myrobotlab.service.data,JoystickData,3,2,2,2,15,2,0,0,0.0,6,0,/temp/myrobotlab/src/org/myrobotlab/service/data/JoystickData.java,5
myrobotlab,org.myrobotlab.service.data,Rectangle,4,4,3,3,17,3,0,0,0.6666666666666666,5,0,/temp/myrobotlab/src/org/myrobotlab/service/data/Rectangle.java,3
myrobotlab,org.myrobotlab.service.data,Orientation,3,3,9,9,36,9,0,0,0.2222222222222222,7,0,/temp/myrobotlab/src/org/myrobotlab/service/data/Orientation.java,3
myrobotlab,org.myrobotlab.service.data,KinectSensorData,1,1,0,0,6,0,0,0,-1.0,1,0,/temp/myrobotlab/src/org/myrobotlab/service/data/KinectSensorData.java,3
myrobotlab,org.myrobotlab.service.data,NameValuePair,5,4,3,3,24,3,0,0,0.0,1,0,/temp/myrobotlab/src/org/myrobotlab/service/data/NameValuePair.java,33
myrobotlab,org.myrobotlab.service.data,HttpData,4,4,2,2,16,3,0,0,1.0,2,0,/temp/myrobotlab/src/org/myrobotlab/service/data/HttpData.java,3
myrobotlab,org.myrobotlab.service.data,Point2Df,5,4,5,5,29,5,0,0,0.4,11,0,/temp/myrobotlab/src/org/myrobotlab/service/data/Point2Df.java,5
myrobotlab,org.myrobotlab.service.data,PinTest,0,0,1,1,14,1,0,0,-1.0,0,1,/temp/myrobotlab/test/org/myrobotlab/service/data/PinTest.java,8
myrobotlab,org.myrobotlab.programab,ChatData,5,5,1,1,14,1,0,0,0.0,1,0,/temp/myrobotlab/src/org/myrobotlab/programab/ChatData.java,7
myrobotlab,org.myrobotlab.programab,OOBPayload,3,0,9,9,49,9,0,0,0.2222222222222222,2,0,/temp/myrobotlab/src/org/myrobotlab/programab/OOBPayload.java,13
myrobotlab,org.myrobotlab.programab,OOBPayloadTest,0,0,1,1,16,1,0,0,-1.0,0,1,/temp/myrobotlab/test/org/myrobotlab/programab/OOBPayloadTest.java,9
myrobotlab,org.myrobotlab.audio,MRLSoundAudioDevice,1,0,3,3,25,5,0,0,0.0,0,0,/temp/myrobotlab/src/org/myrobotlab/audio/MRLSoundAudioDevice.java,8
myrobotlab,org.myrobotlab.audio,CaptureThread,6,0,6,6,53,10,0,0,0.3333333333333333,0,1,/temp/myrobotlab/src/org/myrobotlab/audio/CaptureThread.java,14
myrobotlab,org.myrobotlab.audio,AudioProcessor,17,5,9,9,158,24,0,0,0.2222222222222222,1,3,/temp/myrobotlab/src/org/myrobotlab/audio/AudioProcessor.java,25
myrobotlab,org.myrobotlab.string,StringUtil,1,0,10,10,142,28,0,0,0.9,5,0,/temp/myrobotlab/src/org/myrobotlab/string/StringUtil.java,8
myrobotlab,org.myrobotlab.string,StringUtilTest,0,0,2,2,13,2,0,0,-1.0,0,1,/temp/myrobotlab/test/org/myrobotlab/string/StringUtilTest.java,10
myrobotlab,org.myrobotlab.i2c,I2CProxyBusImpl,0,0,4,4,13,4,0,4,-1.0,0,0,/temp/myrobotlab/src/org/myrobotlab/i2c/I2CProxyBusImpl.java,8
myrobotlab,org.myrobotlab.i2c,I2CFactory,0,0,2,2,21,3,0,0,-1.0,2,3,/temp/myrobotlab/src/org/myrobotlab/i2c/I2CFactory.java,10
myrobotlab,org.myrobotlab.i2c,I2CBus,2,0,10,10,52,14,1,3,0.2,5,2,/temp/myrobotlab/src/org/myrobotlab/i2c/I2CBus.java,11
myrobotlab,org.myrobotlab.i2c,I2CProxyDisplay,0,0,0,0,2,0,0,0,-1.0,0,0,/temp/myrobotlab/src/org/myrobotlab/i2c/I2CProxyDisplay.java,3
myrobotlab,org.myrobotlab.i2c,I2CProxyDeviceImpl,0,0,11,11,29,11,0,0,-1.0,0,0,/temp/myrobotlab/src/org/myrobotlab/i2c/I2CProxyDeviceImpl.java,7
myrobotlab,org.myrobotlab.i2c,I2CProxyImpl,0,0,1,1,5,1,0,0,-1.0,1,1,/temp/myrobotlab/src/org/myrobotlab/i2c/I2CProxyImpl.java,5
myrobotlab,org.myrobotlab.i2c,AdafruitLEDBackpack,16,8,27,27,246,41,0,0,0.0,0,5,/temp/myrobotlab/src/org/myrobotlab/i2c/AdafruitLEDBackpack.java,41
myrobotlab,org.myrobotlab.i2c,BlinkThread,4,4,1,1,19,3,0,0,0.0,1,1,/temp/myrobotlab/src/org/myrobotlab/i2c/AdafruitLEDBackpack.java,58
myrobotlab,org.myrobotlab.i2c,CycleThread,3,1,2,2,23,4,0,0,0.0,1,0,/temp/myrobotlab/src/org/myrobotlab/i2c/AdafruitLEDBackpack.java,81
myrobotlab,org.myrobotlab.cache,LRUCache,2,0,2,1,18,2,0,0,0.0,1,0,/temp/myrobotlab/src/org/myrobotlab/cache/LRUCache.java,6
myrobotlab,org.myrobotlab.cache,LRUMethodCache,2,0,5,3,31,8,0,0,0.4,1,1,/temp/myrobotlab/src/org/myrobotlab/cache/LRUMethodCache.java,6
myrobotlab,org.myrobotlab.ui.autocomplete,FindAndReplaceDemo,5,0,5,5,81,7,0,0,0.4,0,0,/temp/myrobotlab/src/org/myrobotlab/ui/autocomplete/FindAndReplaceDemo.java,23
myrobotlab,org.myrobotlab.ui.autocomplete,MRLCompletionProvider,1,1,7,0,156,28,0,1,0.0,0,1,/temp/myrobotlab/src/org/myrobotlab/ui/autocomplete/MRLCompletionProvider.java,40
myrobotlab,org.myrobotlab.virtual,VirtualObject,0,0,1,1,3,1,1,0,-1.0,0,0,/temp/myrobotlab/src/org/myrobotlab/virtual/VirtualObject.java,3
myrobotlab,org.myrobotlab.virtual,VirtualServo,0,0,3,3,5,3,2,1,-1.0,4,0,/temp/myrobotlab/src/org/myrobotlab/virtual/VirtualServo.java,3
myrobotlab,org.myrobotlab.swing,TestCatcherGui,3,0,7,7,34,8,0,2,0.7142857142857143,0,2,/temp/myrobotlab/src/org/myrobotlab/swing/TestCatcherGui.java,39
myrobotlab,org.myrobotlab.swing,PinComponent,24,19,4,3,79,10,0,0,0.0,1,4,/temp/myrobotlab/src/org/myrobotlab/swing/PinComponent.java,43
myrobotlab,org.myrobotlab.swing,NeoPixelGui,33,1,10,9,254,33,0,2,0.3,0,3,/temp/myrobotlab/src/org/myrobotlab/swing/NeoPixelGui.java,49
myrobotlab,org.myrobotlab.swing,ProgramABGui,14,2,6,6,91,12,0,2,0.8333333333333334,0,3,/temp/myrobotlab/src/org/myrobotlab/swing/ProgramABGui.java,22
myrobotlab,org.myrobotlab.swing,BlenderGui,3,1,7,7,35,8,0,2,0.7142857142857143,0,2,/temp/myrobotlab/src/org/myrobotlab/swing/BlenderGui.java,42
myrobotlab,org.myrobotlab.swing,NoGui,2,1,6,6,26,6,0,2,1.0,0,4,/temp/myrobotlab/src/org/myrobotlab/swing/NoGui.java,41
myrobotlab,org.myrobotlab.swing,CliGui,5,1,10,10,67,14,0,2,0.8,0,2,/temp/myrobotlab/src/org/myrobotlab/swing/CliGui.java,44
myrobotlab,org.myrobotlab.swing,InMoovGui,16,1,8,8,120,22,0,2,0.375,0,3,/temp/myrobotlab/src/org/myrobotlab/swing/InMoovGui.java,48
myrobotlab,org.myrobotlab.swing,KeyboardGui,7,1,12,12,77,14,0,2,0.5,0,3,/temp/myrobotlab/src/org/myrobotlab/swing/KeyboardGui.java,49
myrobotlab,org.myrobotlab.swing,SlamBadGui,2,0,5,5,16,5,0,2,1.0,0,3,/temp/myrobotlab/src/org/myrobotlab/swing/SlamBadGui.java,37
myrobotlab,org.myrobotlab.swing,SerialGui,22,1,11,11,190,28,0,2,0.2727272727272727,0,6,/temp/myrobotlab/src/org/myrobotlab/swing/SerialGui.java,57
myrobotlab,org.myrobotlab.swing,ArduinoGui,38,0,26,26,563,106,0,2,0.23076923076923078,0,11,/temp/myrobotlab/src/org/myrobotlab/swing/ArduinoGui.java,73
myrobotlab,org.myrobotlab.swing,TraceData,12,0,0,0,14,0,0,0,-1.0,1,0,/temp/myrobotlab/src/org/myrobotlab/swing/ArduinoGui.java,87
myrobotlab,org.myrobotlab.swing,AudioCaptureGui,4,0,6,6,41,6,0,2,0.6666666666666666,0,1,/temp/myrobotlab/src/org/myrobotlab/swing/AudioCaptureGui.java,37
myrobotlab,org.myrobotlab.swing,RuntimeGui,30,1,36,35,490,87,0,2,0.3055555555555556,1,19,/temp/myrobotlab/src/org/myrobotlab/swing/RuntimeGui.java,91
myrobotlab,org.myrobotlab.swing,FilterListener,0,0,1,1,11,2,0,0,-1.0,1,0,/temp/myrobotlab/src/org/myrobotlab/swing/RuntimeGui.java,93
myrobotlab,org.myrobotlab.swing,SwingGuiGui,24,10,19,19,312,55,0,2,0.5263157894736842,2,8,/temp/myrobotlab/src/org/myrobotlab/swing/SwingGuiGui.java,72
myrobotlab,org.myrobotlab.swing,ButtonListener,0,0,1,1,44,9,0,0,-1.0,1,1,/temp/myrobotlab/src/org/myrobotlab/swing/SwingGuiGui.java,74
myrobotlab,org.myrobotlab.swing,Motor_Adafruit16CServoDriverGui,9,0,4,3,57,9,0,1,0.5,0,5,/temp/myrobotlab/src/org/myrobotlab/swing/Motor_Adafruit16CServoDriverGui.java,20
myrobotlab,org.myrobotlab.swing,TrackingGui,11,0,9,9,72,9,0,2,0.0,0,5,/temp/myrobotlab/src/org/myrobotlab/swing/TrackingGui.java,42
myrobotlab,org.myrobotlab.swing,ServoOrchestratorGUI_middlemiddle_rootpanel,2,0,2,1,16,2,0,0,0.0,2,1,/temp/myrobotlab/src/org/myrobotlab/swing/ServoOrchestratorGUI_middlemiddle_rootpanel.java,11
myrobotlab,org.myrobotlab.swing,SwingGraphVertex,7,6,3,3,22,3,0,0,0.6666666666666666,3,1,/temp/myrobotlab/src/org/myrobotlab/swing/SwingGraphVertex.java,30
myrobotlab,org.myrobotlab.swing,Type,0,0,0,0,1,0,0,0,-1.0,2,0,/temp/myrobotlab/src/org/myrobotlab/swing/SwingGraphVertex.java,31
myrobotlab,org.myrobotlab.swing,ServoOrchestratorGUI_middlemiddle_main,7,4,12,12,243,46,0,0,0.4166666666666667,4,3,/temp/myrobotlab/src/org/myrobotlab/swing/ServoOrchestratorGUI_middlemiddle_main.java,19
myrobotlab,org.myrobotlab.swing,JoystickGui,12,0,9,9,148,25,0,2,0.3333333333333333,0,5,/temp/myrobotlab/src/org/myrobotlab/swing/JoystickGui.java,53
myrobotlab,org.myrobotlab.swing,PythonGui,26,0,37,25,454,71,0,2,0.16216216216216217,0,11,/temp/myrobotlab/src/org/myrobotlab/swing/PythonGui.java,72
myrobotlab,org.myrobotlab.swing,EditorPanel,3,0,5,4,48,8,0,0,0.0,1,2,/temp/myrobotlab/src/org/myrobotlab/swing/PythonGui.java,82
myrobotlab,org.myrobotlab.swing,MobilePlatformGui,22,0,5,5,56,5,0,2,1.0,0,2,/temp/myrobotlab/src/org/myrobotlab/swing/MobilePlatformGui.java,37
myrobotlab,org.myrobotlab.swing,IntegratedMovementGui,14,1,11,7,221,36,0,2,0.36363636363636365,0,8,/temp/myrobotlab/src/org/myrobotlab/swing/IntegratedMovementGui.java,54
myrobotlab,org.myrobotlab.swing,IncubatorGui,2,1,6,6,20,6,0,2,1.0,0,2,/temp/myrobotlab/src/org/myrobotlab/swing/IncubatorGui.java,39
myrobotlab,org.myrobotlab.swing,Motor_AdafruitMotorShieldGui,8,0,4,3,53,8,0,1,0.0,0,2,/temp/myrobotlab/src/org/myrobotlab/swing/Motor_AdafruitMotorShieldGui.java,16
myrobotlab,org.myrobotlab.swing,InverseKinematicsGui,2,1,6,6,20,6,0,2,1.0,0,2,/temp/myrobotlab/src/org/myrobotlab/swing/InverseKinematicsGui.java,39
myrobotlab,org.myrobotlab.swing,UltrasonicSensorGui,3,1,8,8,38,8,0,2,0.75,0,2,/temp/myrobotlab/src/org/myrobotlab/swing/UltrasonicSensorGui.java,42
myrobotlab,org.myrobotlab.swing,PingdarGui,15,1,8,8,112,15,0,2,0.5,0,4,/temp/myrobotlab/src/org/myrobotlab/swing/PingdarGui.java,46
myrobotlab,org.myrobotlab.swing,InMoovHeadGui,2,1,6,6,20,6,0,2,1.0,0,2,/temp/myrobotlab/src/org/myrobotlab/swing/InMoovHeadGui.java,39
myrobotlab,org.myrobotlab.swing,OpenCVGui,38,2,21,19,514,92,0,2,0.23809523809523808,1,14,/temp/myrobotlab/src/org/myrobotlab/swing/OpenCVGui.java,90
myrobotlab,org.myrobotlab.swing,SwingInMethodDialog,4,1,3,2,67,9,0,0,0.0,0,6,/temp/myrobotlab/src/org/myrobotlab/swing/SwingInMethodDialog.java,51
myrobotlab,org.myrobotlab.swing,SwingOutMethodDialog,8,1,6,5,109,13,0,0,0.0,0,5,/temp/myrobotlab/src/org/myrobotlab/swing/SwingOutMethodDialog.java,52
myrobotlab,org.myrobotlab.swing,AnnotationComboBoxToolTipRenderer,1,0,1,1,43,5,0,0,0.0,0,1,/temp/myrobotlab/src/org/myrobotlab/swing/SwingOutMethodDialog.java,54
myrobotlab,org.myrobotlab.swing,MethodData,2,0,2,2,11,2,0,0,0.0,2,1,/temp/myrobotlab/src/org/myrobotlab/swing/SwingOutMethodDialog.java,106
myrobotlab,org.myrobotlab.swing,ThingSpeakGui,6,1,6,6,43,7,0,2,0.5,0,2,/temp/myrobotlab/src/org/myrobotlab/swing/ThingSpeakGui.java,46
myrobotlab,org.myrobotlab.swing,ServoOrchestratorGUI_middlemiddle_droptargetlistener,3,0,6,6,144,26,0,0,0.5,0,4,/temp/myrobotlab/src/org/myrobotlab/swing/ServoOrchestratorGUI_middlemiddle_droptargetlistener.java,17
myrobotlab,org.myrobotlab.swing,Ads1115Gui,17,1,9,9,121,18,0,2,0.3333333333333333,0,4,/temp/myrobotlab/src/org/myrobotlab/swing/Ads1115Gui.java,47
myrobotlab,org.myrobotlab.swing,RasPiGui,2,1,6,6,22,6,0,2,1.0,0,2,/temp/myrobotlab/src/org/myrobotlab/swing/RasPiGui.java,40
myrobotlab,org.myrobotlab.swing,VideoWidget,5,0,12,12,83,17,0,2,0.5,11,3,/temp/myrobotlab/src/org/myrobotlab/swing/VideoWidget.java,40
myrobotlab,org.myrobotlab.swing,InMoovHandGui,2,1,6,6,20,6,0,2,1.0,0,2,/temp/myrobotlab/src/org/myrobotlab/swing/InMoovHandGui.java,39
myrobotlab,org.myrobotlab.swing,Pcf8574Gui,12,1,9,9,94,17,0,2,0.3333333333333333,0,3,/temp/myrobotlab/src/org/myrobotlab/swing/Pcf8574Gui.java,46
myrobotlab,org.myrobotlab.swing,CronGui,2,1,6,6,20,6,0,2,1.0,0,2,/temp/myrobotlab/src/org/myrobotlab/swing/CronGui.java,39
myrobotlab,org.myrobotlab.swing,WiiGui,28,3,11,10,103,19,0,2,0.36363636363636365,0,5,/temp/myrobotlab/src/org/myrobotlab/swing/WiiGui.java,45
myrobotlab,org.myrobotlab.swing,OpenCVListAdapter,7,1,4,4,47,8,0,0,0.0,1,3,/temp/myrobotlab/src/org/myrobotlab/swing/OpenCVListAdapter.java,18
myrobotlab,org.myrobotlab.swing,InMoovArmGui,2,1,6,6,20,6,0,2,1.0,0,2,/temp/myrobotlab/src/org/myrobotlab/swing/InMoovArmGui.java,39
myrobotlab,org.myrobotlab.swing,MotorControllerPanel,1,0,3,1,11,3,5,0,1.0,1,1,/temp/myrobotlab/src/org/myrobotlab/swing/MotorControllerPanel.java,8
myrobotlab,org.myrobotlab.swing,TestThrowerGui,9,0,10,10,92,10,0,2,0.4,0,1,/temp/myrobotlab/src/org/myrobotlab/swing/TestThrowerGui.java,40
myrobotlab,org.myrobotlab.swing,SecurityGui,2,1,6,6,20,6,0,2,1.0,0,2,/temp/myrobotlab/src/org/myrobotlab/swing/SecurityGui.java,39
myrobotlab,org.myrobotlab.swing,StepperControllerPanel,1,0,3,1,11,3,3,0,1.0,0,0,/temp/myrobotlab/src/org/myrobotlab/swing/StepperControllerPanel.java,6
myrobotlab,org.myrobotlab.swing,XmppGui,2,1,6,6,20,6,0,2,1.0,0,2,/temp/myrobotlab/src/org/myrobotlab/swing/XmppGui.java,39
myrobotlab,org.myrobotlab.swing,AlignX,0,0,3,1,34,5,0,0,-1.0,0,0,/temp/myrobotlab/src/org/myrobotlab/swing/AlignX.java,8
myrobotlab,org.myrobotlab.swing,MyoThalmicGui,2,1,6,6,20,6,0,2,1.0,0,2,/temp/myrobotlab/src/org/myrobotlab/swing/MyoThalmicGui.java,39
myrobotlab,org.myrobotlab.swing,OpenNiGui,11,0,7,7,86,16,0,2,0.5714285714285714,0,5,/temp/myrobotlab/src/org/myrobotlab/swing/OpenNiGui.java,42
myrobotlab,org.myrobotlab.swing,DiyServoGui,20,1,11,11,189,45,0,2,0.2727272727272727,0,7,/temp/myrobotlab/src/org/myrobotlab/swing/DiyServoGui.java,54
myrobotlab,org.myrobotlab.swing,SliderListener,0,0,1,1,11,2,0,0,-1.0,2,0,/temp/myrobotlab/src/org/myrobotlab/swing/DiyServoGui.java,65
myrobotlab,org.myrobotlab.swing,ServoOrchestratorGui,34,23,11,11,368,35,0,2,0.7272727272727273,2,4,/temp/myrobotlab/src/org/myrobotlab/swing/ServoOrchestratorGui.java,36
myrobotlab,org.myrobotlab.swing,TabControl2,8,1,13,12,98,16,0,0,0.0,2,2,/temp/myrobotlab/src/org/myrobotlab/swing/TabControl2.java,20
myrobotlab,org.myrobotlab.swing,Stepper_UnknownGui,3,1,2,1,11,2,0,1,1.0,0,0,/temp/myrobotlab/src/org/myrobotlab/swing/Stepper_UnknownGui.java,6
myrobotlab,org.myrobotlab.swing,ServoGui,13,1,15,15,163,43,0,2,0.2,0,4,/temp/myrobotlab/src/org/myrobotlab/swing/ServoGui.java,49
myrobotlab,org.myrobotlab.swing,SliderListener,0,0,1,1,11,2,0,0,-1.0,0,0,/temp/myrobotlab/src/org/myrobotlab/swing/ServoGui.java,60
myrobotlab,org.myrobotlab.swing,TwitterGui,10,1,5,5,59,7,0,2,0.0,0,2,/temp/myrobotlab/src/org/myrobotlab/swing/TwitterGui.java,47
myrobotlab,org.myrobotlab.swing,VirtualArduinoGui,3,0,2,2,12,2,0,2,1.0,0,3,/temp/myrobotlab/src/org/myrobotlab/swing/VirtualArduinoGui.java,36
myrobotlab,org.myrobotlab.swing,ServoOrchestratorGUI_middlemiddle_draggablemouselistener,0,0,1,1,10,1,0,0,-1.0,0,0,/temp/myrobotlab/src/org/myrobotlab/swing/ServoOrchestratorGUI_middlemiddle_draggablemouselistener.java,13
myrobotlab,org.myrobotlab.swing,Motor_UnknownGui,3,1,2,1,11,2,0,1,1.0,1,1,/temp/myrobotlab/src/org/myrobotlab/swing/Motor_UnknownGui.java,7
myrobotlab,org.myrobotlab.swing,MqttGui,12,1,7,7,62,11,0,2,0.2857142857142857,0,3,/temp/myrobotlab/src/org/myrobotlab/swing/MqttGui.java,47
myrobotlab,org.myrobotlab.swing,Adafruit16CServoDriverGui,12,1,13,13,108,29,0,2,0.23076923076923078,0,3,/temp/myrobotlab/src/org/myrobotlab/swing/Adafruit16CServoDriverGui.java,48
myrobotlab,org.myrobotlab.swing,Stepper_AdafruitMotorShieldGui,8,0,4,3,52,8,0,1,0.5,0,1,/temp/myrobotlab/src/org/myrobotlab/swing/Stepper_AdafruitMotorShieldGui.java,15
myrobotlab,org.myrobotlab.swing,WolframAlphaGui,4,1,7,7,46,7,0,2,0.8571428571428571,0,2,/temp/myrobotlab/src/org/myrobotlab/swing/WolframAlphaGui.java,45
myrobotlab,org.myrobotlab.swing,InMoovGestureCreatorGui,31,1,11,11,438,72,0,2,0.5454545454545454,0,3,/temp/myrobotlab/src/org/myrobotlab/swing/InMoovGestureCreatorGui.java,40
myrobotlab,org.myrobotlab.swing,OledSsd1306Gui,9,1,13,13,105,29,0,2,0.23076923076923078,0,3,/temp/myrobotlab/src/org/myrobotlab/swing/OledSsd1306Gui.java,47
myrobotlab,org.myrobotlab.swing,PidGui,12,1,6,6,68,13,0,2,0.5,0,2,/temp/myrobotlab/src/org/myrobotlab/swing/PidGui.java,44
myrobotlab,org.myrobotlab.swing,LogGui,3,0,7,7,49,11,0,2,0.5714285714285714,0,4,/temp/myrobotlab/src/org/myrobotlab/swing/LogGui.java,23
myrobotlab,org.myrobotlab.swing,AdafruitIna219Gui,17,1,9,9,124,18,0,2,0.3333333333333333,0,3,/temp/myrobotlab/src/org/myrobotlab/swing/AdafruitIna219Gui.java,46
myrobotlab,org.myrobotlab.swing,_TemplateServiceGui,4,1,6,6,33,6,0,2,1.0,0,2,/temp/myrobotlab/src/org/myrobotlab/swing/_TemplateServiceGui.java,40
myrobotlab,org.myrobotlab.swing,VideoDisplayPanel,19,8,8,6,95,16,0,0,0.625,1,5,/temp/myrobotlab/src/org/myrobotlab/swing/VideoDisplayPanel.java,18
myrobotlab,org.myrobotlab.swing,VideoMouseListener,0,0,5,5,17,5,0,0,-1.0,1,0,/temp/myrobotlab/src/org/myrobotlab/swing/VideoDisplayPanel.java,19
myrobotlab,org.myrobotlab.swing,VirtualDeviceGui,2,1,6,6,20,6,0,2,1.0,0,2,/temp/myrobotlab/src/org/myrobotlab/swing/VirtualDeviceGui.java,39
myrobotlab,org.myrobotlab.swing,ServiceGui,20,3,47,47,394,84,70,1,0.19148936170212766,1,7,/temp/myrobotlab/src/org/myrobotlab/swing/ServiceGui.java,61
myrobotlab,org.myrobotlab.swing,MotorGui,17,0,10,10,134,16,0,2,0.4,0,9,/temp/myrobotlab/src/org/myrobotlab/swing/MotorGui.java,56
myrobotlab,org.myrobotlab.swing,FloatJSlider,2,0,2,2,19,2,0,0,0.0,1,0,/temp/myrobotlab/src/org/myrobotlab/swing/MotorGui.java,58
myrobotlab,org.myrobotlab.swing,Mpu6050Gui,20,1,9,9,176,18,0,2,0.3333333333333333,0,3,/temp/myrobotlab/src/org/myrobotlab/swing/Mpu6050Gui.java,47
myrobotlab,org.myrobotlab.swing,IpCameraGui,11,1,10,10,123,22,0,2,0.5,0,8,/temp/myrobotlab/src/org/myrobotlab/swing/IpCameraGui.java,52
myrobotlab,org.myrobotlab.swing,DirectionEventListener,0,0,1,1,50,13,0,0,-1.0,1,1,/temp/myrobotlab/src/org/myrobotlab/swing/IpCameraGui.java,54
myrobotlab,org.myrobotlab.swing,Keyboard,1,0,3,3,14,3,0,0,1.0,1,0,/temp/myrobotlab/src/org/myrobotlab/swing/IpCameraGui.java,99
myrobotlab,org.myrobotlab.swing,WebGuiGui,2,1,6,6,20,6,0,2,1.0,0,2,/temp/myrobotlab/src/org/myrobotlab/swing/WebGuiGui.java,39
myrobotlab,org.myrobotlab.swing,RoombaGui,14,1,22,16,445,71,0,2,0.2727272727272727,0,6,/temp/myrobotlab/src/org/myrobotlab/swing/RoombaGui.java,65
myrobotlab,org.myrobotlab.swing,OculusRiftGui,4,1,6,6,36,7,0,2,0.8333333333333334,0,4,/temp/myrobotlab/src/org/myrobotlab/swing/OculusRiftGui.java,16
myrobotlab,org.myrobotlab.swing,GpsGui,8,1,7,7,66,11,0,2,0.8571428571428571,0,2,/temp/myrobotlab/src/org/myrobotlab/swing/GpsGui.java,39
myrobotlab,org.myrobotlab.swing,ChessGameGui,11,0,26,20,335,65,0,2,0.15384615384615385,1,6,/temp/myrobotlab/src/org/myrobotlab/swing/ChessGameGui.java,56
myrobotlab,org.myrobotlab.swing,Thinker,1,0,2,2,31,5,0,0,0.0,1,2,/temp/myrobotlab/src/org/myrobotlab/swing/ChessGameGui.java,58
myrobotlab,org.myrobotlab.swing,I2cMuxGui,12,1,9,9,94,19,0,2,0.3333333333333333,0,3,/temp/myrobotlab/src/org/myrobotlab/swing/I2cMuxGui.java,48
myrobotlab,org.myrobotlab.swing,TesseractOcrGui,2,1,6,6,21,6,0,2,1.0,0,2,/temp/myrobotlab/src/org/myrobotlab/swing/TesseractOcrGui.java,39
myrobotlab,org.myrobotlab.swing,ServoOrchestratorGUI_middlemiddle_panel,20,10,6,6,184,15,0,0,0.6666666666666666,3,2,/temp/myrobotlab/src/org/myrobotlab/swing/ServoOrchestratorGUI_middlemiddle_panel.java,23
myrobotlab,org.myrobotlab.swing,Motor_ArduinoGui,9,0,4,3,57,9,0,1,0.5,0,5,/temp/myrobotlab/src/org/myrobotlab/swing/Motor_ArduinoGui.java,20
myrobotlab,org.myrobotlab.swing,TabControlEventHandler,0,0,4,4,6,4,2,0,-1.0,1,0,/temp/myrobotlab/src/org/myrobotlab/swing/TabControlEventHandler.java,6
myrobotlab,org.myrobotlab.swing,RemoteAdapterGui,11,0,7,7,109,25,0,2,0.5714285714285714,0,5,/temp/myrobotlab/src/org/myrobotlab/swing/RemoteAdapterGui.java,47
myrobotlab,org.myrobotlab.swing,Welcome,1,0,4,4,17,4,0,2,1.0,0,2,/temp/myrobotlab/src/org/myrobotlab/swing/Welcome.java,34
myrobotlab,org.myrobotlab.swing,ClockGui,7,0,7,7,58,10,0,2,0.42857142857142855,0,2,/temp/myrobotlab/src/org/myrobotlab/swing/ClockGui.java,43
myrobotlab,org.myrobotlab.swing,ServoOrchestratorGUI_middlemiddle_transferhandler,1,0,4,4,34,6,0,0,1.0,0,0,/temp/myrobotlab/src/org/myrobotlab/swing/ServoOrchestratorGUI_middlemiddle_transferhandler.java,14
myrobotlab,org.myrobotlab.swing,Stepper_ArduinoGui,10,0,4,3,68,11,0,1,0.0,0,3,/temp/myrobotlab/src/org/myrobotlab/swing/Stepper_ArduinoGui.java,17
myrobotlab,org.myrobotlab.swing,AdafruitMotorShieldGui,3,1,8,7,39,9,0,2,0.875,0,3,/temp/myrobotlab/src/org/myrobotlab/swing/AdafruitMotorShieldGui.java,50
myrobotlab,org.myrobotlab.swing,ButtonListener,0,0,2,1,8,2,0,0,-1.0,0,0,/temp/myrobotlab/src/org/myrobotlab/swing/AdafruitMotorShieldGui.java,52
myrobotlab,org.myrobotlab.swing,Motor_SaberToothGui,8,0,4,3,53,8,0,1,0.0,0,2,/temp/myrobotlab/src/org/myrobotlab/swing/Motor_SaberToothGui.java,16
myrobotlab,org.myrobotlab.swing.widget,ConnectionNodeList,3,2,2,2,23,2,0,0,1.0,1,2,/temp/myrobotlab/src/org/myrobotlab/swing/widget/ConnectionNodeList.java,14
myrobotlab,org.myrobotlab.swing.widget,ImageButton,6,1,7,7,51,10,0,0,0.5714285714285714,3,1,/temp/myrobotlab/src/org/myrobotlab/swing/widget/ImageButton.java,10
myrobotlab,org.myrobotlab.swing.widget,ComponentResizer,17,0,25,20,276,46,0,0,0.2,0,0,/temp/myrobotlab/src/org/myrobotlab/swing/widget/ComponentResizer.java,19
myrobotlab,org.myrobotlab.swing.widget,PossibleServicesRenderer,3,1,2,2,70,10,0,0,0.0,1,6,/temp/myrobotlab/src/org/myrobotlab/swing/widget/PossibleServicesRenderer.java,19
myrobotlab,org.myrobotlab.swing.widget,PortGui,5,0,11,11,96,20,0,2,0.2727272727272727,3,3,/temp/myrobotlab/src/org/myrobotlab/swing/widget/PortGui.java,19
myrobotlab,org.myrobotlab.swing.widget,FileUtil,4,1,10,10,91,13,0,0,0.0,1,0,/temp/myrobotlab/src/org/myrobotlab/swing/widget/FileUtil.java,15
myrobotlab,org.myrobotlab.swing.widget,PhotoReelWidget,11,6,12,12,102,22,0,2,0.6666666666666666,0,4,/temp/myrobotlab/src/org/myrobotlab/swing/widget/PhotoReelWidget.java,45
myrobotlab,org.myrobotlab.swing.widget,VideoMouseListener,0,0,5,5,17,5,0,0,-1.0,1,0,/temp/myrobotlab/src/org/myrobotlab/swing/widget/PhotoReelWidget.java,47
myrobotlab,org.myrobotlab.swing.widget,SelectingToggle,0,0,4,4,50,6,0,0,-1.0,0,0,/temp/myrobotlab/src/org/myrobotlab/swing/widget/SelectingToggle.java,42
myrobotlab,org.myrobotlab.swing.widget,SliderWithText,2,1,3,3,15,3,0,0,0.0,6,0,/temp/myrobotlab/src/org/myrobotlab/swing/widget/SliderWithText.java,6
myrobotlab,org.myrobotlab.swing.widget,ImageNameRenderer,1,0,2,2,22,3,0,0,1.0,1,3,/temp/myrobotlab/src/org/myrobotlab/swing/widget/ImageNameRenderer.java,13
myrobotlab,org.myrobotlab.swing.widget,Number,11,0,4,4,44,5,0,0,0.0,1,0,/temp/myrobotlab/src/org/myrobotlab/swing/widget/Number.java,34
myrobotlab,org.myrobotlab.swing.widget,ConnectionNodeRenderer,3,2,2,2,21,3,0,0,1.0,0,2,/temp/myrobotlab/src/org/myrobotlab/swing/widget/ConnectionNodeRenderer.java,13
myrobotlab,org.myrobotlab.swing.widget,DigitalButton,14,6,8,8,81,12,0,0,0.0,2,0,/temp/myrobotlab/src/org/myrobotlab/swing/widget/DigitalButton.java,9
myrobotlab,org.myrobotlab.swing.widget,CFGSlider,11,1,4,2,57,7,0,0,0.0,0,2,/temp/myrobotlab/src/org/myrobotlab/swing/widget/CFGSlider.java,40
myrobotlab,org.myrobotlab.swing.widget,JoystickCompassPanel,12,1,8,8,110,19,0,0,0.0,1,1,/temp/myrobotlab/src/org/myrobotlab/swing/widget/JoystickCompassPanel.java,22
myrobotlab,org.myrobotlab.swing.widget,DirectionWidget,12,9,7,7,181,17,0,0,0.5714285714285714,1,1,/temp/myrobotlab/src/org/myrobotlab/swing/widget/DirectionWidget.java,16
myrobotlab,org.myrobotlab.swing.widget,ButtonActionListener,1,0,2,2,11,3,0,0,0.0,1,0,/temp/myrobotlab/src/org/myrobotlab/swing/widget/DirectionWidget.java,18
myrobotlab,org.myrobotlab.swing.widget,ProgressDialog,13,1,10,10,126,18,0,0,0.0,1,3,/temp/myrobotlab/src/org/myrobotlab/swing/widget/ProgressDialog.java,26
myrobotlab,org.myrobotlab.swing.widget,DigitalImageButton,5,1,1,1,17,1,0,0,0.0,0,0,/temp/myrobotlab/src/org/myrobotlab/swing/widget/DigitalImageButton.java,6
myrobotlab,org.myrobotlab.swing.widget,Style,21,20,1,1,29,1,0,0,0.0,4,0,/temp/myrobotlab/src/org/myrobotlab/swing/widget/Style.java,5
myrobotlab,org.myrobotlab.swing.widget,RadarWidget,11,3,6,6,78,10,0,0,0.0,0,1,/temp/myrobotlab/src/org/myrobotlab/swing/widget/RadarWidget.java,36
myrobotlab,org.myrobotlab.swing.widget,PolarPoint,3,3,1,1,9,1,0,0,0.0,1,0,/temp/myrobotlab/src/org/myrobotlab/swing/widget/RadarWidget.java,38
myrobotlab,org.myrobotlab.swing.widget,Client,7,1,3,2,56,6,0,0,0.6666666666666666,0,4,/temp/myrobotlab/src/org/myrobotlab/swing/widget/Client.java,43
myrobotlab,org.myrobotlab.swing.widget,PinTest,1,0,2,2,48,2,0,0,1.0,0,0,/temp/myrobotlab/src/org/myrobotlab/swing/widget/PinTest.java,16
myrobotlab,org.myrobotlab.swing.widget,JIntegerField,2,0,6,5,37,8,0,0,1.0,0,0,/temp/myrobotlab/src/org/myrobotlab/swing/widget/JIntegerField.java,9
myrobotlab,org.myrobotlab.swing.widget,IntegerDocument,1,0,1,1,15,2,0,0,0.0,0,0,/temp/myrobotlab/src/org/myrobotlab/swing/widget/JIntegerField.java,10
myrobotlab,org.myrobotlab.swing.widget,AboutDialog,7,1,8,8,81,12,0,0,0.875,0,5,/temp/myrobotlab/src/org/myrobotlab/swing/widget/AboutDialog.java,29
myrobotlab,org.myrobotlab.swing.widget,Console,3,2,27,27,93,28,0,0,0.6666666666666666,2,1,/temp/myrobotlab/src/org/myrobotlab/swing/widget/Console.java,24
myrobotlab,org.myrobotlab.swing.widget,UndockedPanel,11,5,9,9,88,16,0,0,0.0,0,2,/temp/myrobotlab/src/org/myrobotlab/swing/widget/UndockedPanel.java,18
myrobotlab,org.myrobotlab.swing.widget,TabControlWindowAdapter,0,0,1,1,5,1,0,0,-1.0,1,0,/temp/myrobotlab/src/org/myrobotlab/swing/widget/UndockedPanel.java,24
myrobotlab,org.myrobotlab.swing.widget,FileChooser,4,1,5,5,48,7,0,0,0.6,1,0,/temp/myrobotlab/src/org/myrobotlab/swing/widget/FileChooser.java,20
myrobotlab,org.myrobotlab.swing.widget,JavaCompletionProvider,0,0,3,1,56,3,1,0,-1.0,0,0,/temp/myrobotlab/src/org/myrobotlab/swing/widget/JavaCompletionProvider.java,6
myrobotlab,org.myrobotlab.swing.opencv,OpenCVFilterFaceDetectGui,1,0,6,6,33,7,0,1,0.5,0,3,/temp/myrobotlab/src/org/myrobotlab/swing/opencv/OpenCVFilterFaceDetectGui.java,39
myrobotlab,org.myrobotlab.swing.opencv,OpenCVFilterAddMaskGui,0,0,6,6,24,6,0,1,-1.0,0,3,/temp/myrobotlab/src/org/myrobotlab/swing/opencv/OpenCVFilterAddMaskGui.java,37
myrobotlab,org.myrobotlab.swing.opencv,OpenCVFilterCannyGui,3,0,4,4,64,7,0,1,0.75,0,4,/temp/myrobotlab/src/org/myrobotlab/swing/opencv/OpenCVFilterCannyGui.java,45
myrobotlab,org.myrobotlab.swing.opencv,OpenCVFilterGoodFeaturesToTrackGui,5,0,4,4,107,9,0,1,0.0,0,6,/temp/myrobotlab/src/org/myrobotlab/swing/opencv/OpenCVFilterGoodFeaturesToTrackGui.java,40
myrobotlab,org.myrobotlab.swing.opencv,AdjustSlider,0,0,1,1,27,6,0,0,-1.0,3,2,/temp/myrobotlab/src/org/myrobotlab/swing/opencv/OpenCVFilterGoodFeaturesToTrackGui.java,42
myrobotlab,org.myrobotlab.swing.opencv,OpenCVFloorFinderGui,6,0,4,4,67,5,0,1,0.5,0,4,/temp/myrobotlab/src/org/myrobotlab/swing/opencv/OpenCVFloorFinderGui.java,42
myrobotlab,org.myrobotlab.swing.opencv,AdjustSlider,0,0,1,1,14,2,0,0,-1.0,0,1,/temp/myrobotlab/src/org/myrobotlab/swing/opencv/OpenCVFloorFinderGui.java,44
myrobotlab,org.myrobotlab.swing.opencv,JSlider2,2,0,1,1,8,1,0,0,0.0,4,0,/temp/myrobotlab/src/org/myrobotlab/swing/opencv/OpenCVFloorFinderGui.java,61
myrobotlab,org.myrobotlab.swing.opencv,OpenCVFilterDetectorGui,3,0,4,4,39,8,0,1,0.0,0,3,/temp/myrobotlab/src/org/myrobotlab/swing/opencv/OpenCVFilterDetectorGui.java,38
myrobotlab,org.myrobotlab.swing.opencv,OpenCVFilterDilateGui,1,0,6,6,32,7,0,1,0.5,0,3,/temp/myrobotlab/src/org/myrobotlab/swing/opencv/OpenCVFilterDilateGui.java,39
myrobotlab,org.myrobotlab.swing.opencv,OpenCVFilterGui,10,2,6,6,42,6,18,0,0.3333333333333333,2,4,/temp/myrobotlab/src/org/myrobotlab/swing/opencv/OpenCVFilterGui.java,43
myrobotlab,org.myrobotlab.swing.opencv,OpenCVFilterSurfGui,1,0,4,4,33,5,0,1,0.75,0,3,/temp/myrobotlab/src/org/myrobotlab/swing/opencv/OpenCVFilterSurfGui.java,43
myrobotlab,org.myrobotlab.swing.opencv,OpenCVFilterSmoothGui,2,0,2,2,11,2,0,1,1.0,0,2,/temp/myrobotlab/src/org/myrobotlab/swing/opencv/OpenCVFilterSmoothGui.java,34
myrobotlab,org.myrobotlab.swing.opencv,ComboBoxModel,6,1,15,15,74,19,0,0,0.2,2,1,/temp/myrobotlab/src/org/myrobotlab/swing/opencv/ComboBoxModel.java,16
myrobotlab,org.myrobotlab.swing.opencv,OpenCVFilterAffineGui,3,0,5,5,64,8,0,1,0.6,0,4,/temp/myrobotlab/src/org/myrobotlab/swing/opencv/OpenCVFilterAffineGui.java,48
myrobotlab,org.myrobotlab.swing.opencv,OpenCVFilterErodeGui,1,0,6,6,31,7,0,1,0.5,0,3,/temp/myrobotlab/src/org/myrobotlab/swing/opencv/OpenCVFilterErodeGui.java,38
myrobotlab,org.myrobotlab.swing.opencv,OpenCVFilterInRangeGui,10,0,4,4,140,13,0,1,0.75,0,4,/temp/myrobotlab/src/org/myrobotlab/swing/opencv/OpenCVFilterInRangeGui.java,46
myrobotlab,org.myrobotlab.swing.opencv,OpenCVFilterFindContoursGui,0,0,5,5,16,5,0,1,-1.0,0,2,/temp/myrobotlab/src/org/myrobotlab/swing/opencv/OpenCVFilterFindContoursGui.java,31
myrobotlab,org.myrobotlab.swing.opencv,OpenCVFilterDefaultGui,0,0,6,6,23,6,0,1,-1.0,0,3,/temp/myrobotlab/src/org/myrobotlab/swing/opencv/OpenCVFilterDefaultGui.java,38
myrobotlab,org.myrobotlab.swing.opencv,OpenCVFilterFaceRecognizerGui,2,0,5,5,45,8,0,1,0.8,0,4,/temp/myrobotlab/src/org/myrobotlab/swing/opencv/OpenCVFilterFaceRecognizerGui.java,43
myrobotlab,org.myrobotlab.swing.opencv,OpenCVFilterMatchTemplateGui,0,0,3,3,13,3,0,1,-1.0,0,2,/temp/myrobotlab/src/org/myrobotlab/swing/opencv/OpenCVFilterMatchTemplateGui.java,33
myrobotlab,org.myrobotlab.swing.opencv,OpenCVFilterThresholdGui,7,0,5,5,78,7,0,1,0.0,0,5,/temp/myrobotlab/src/org/myrobotlab/swing/opencv/OpenCVFilterThresholdGui.java,45
myrobotlab,org.myrobotlab.swing.opencv,AdjustSlider,0,0,1,1,14,3,0,0,-1.0,0,2,/temp/myrobotlab/src/org/myrobotlab/swing/opencv/OpenCVFilterThresholdGui.java,47
myrobotlab,org.myrobotlab.swing.opencv,JSlider2,2,0,1,1,8,1,0,0,0.0,0,0,/temp/myrobotlab/src/org/myrobotlab/swing/opencv/OpenCVFilterThresholdGui.java,63
myrobotlab,org.myrobotlab.swing.opencv,OpenCVFilterLKOpticalTrackGui,6,0,4,4,111,12,0,1,0.0,0,5,/temp/myrobotlab/src/org/myrobotlab/swing/opencv/OpenCVFilterLKOpticalTrackGui.java,45
myrobotlab,org.myrobotlab.mapper.demo,LightSearchDemo,2,0,4,4,62,5,0,1,0.75,0,5,/temp/myrobotlab/src/org/myrobotlab/mapper/demo/LightSearchDemo.java,34
myrobotlab,org.myrobotlab.mapper.demo,Robot,2,0,3,3,24,4,0,0,0.6666666666666666,0,2,/temp/myrobotlab/src/org/myrobotlab/mapper/demo/LightSearchDemo.java,41
myrobotlab,org.myrobotlab.mapper.demo,Demo,0,0,0,0,5,0,12,0,-1.0,1,0,/temp/myrobotlab/src/org/myrobotlab/mapper/demo/Demo.java,29
myrobotlab,org.myrobotlab.mapper.demo,DemoManager,1,0,2,2,35,3,0,0,1.0,1,1,/temp/myrobotlab/src/org/myrobotlab/mapper/demo/DemoManager.java,32
myrobotlab,org.myrobotlab.mapper.demo,BumpersDemo,2,0,5,4,81,14,0,1,0.8,0,2,/temp/myrobotlab/src/org/myrobotlab/mapper/demo/BumpersDemo.java,35
myrobotlab,org.myrobotlab.mapper.demo,Robot,2,0,4,3,62,13,0,0,0.75,0,2,/temp/myrobotlab/src/org/myrobotlab/mapper/demo/BumpersDemo.java,38
myrobotlab,org.myrobotlab.mapper.demo,PickCherriesDemo,1,0,4,4,52,9,0,1,1.0,0,1,/temp/myrobotlab/src/org/myrobotlab/mapper/demo/PickCherriesDemo.java,18
myrobotlab,org.myrobotlab.mapper.demo,Robot,1,0,3,3,32,7,0,0,1.0,0,1,/temp/myrobotlab/src/org/myrobotlab/mapper/demo/PickCherriesDemo.java,23
myrobotlab,org.myrobotlab.mapper.demo,DifferentialKinematicDemo,2,0,4,4,57,12,0,1,0.5,0,2,/temp/myrobotlab/src/org/myrobotlab/mapper/demo/DifferentialKinematicDemo.java,34
myrobotlab,org.myrobotlab.mapper.demo,Robot,2,0,3,3,44,11,0,0,0.0,0,2,/temp/myrobotlab/src/org/myrobotlab/mapper/demo/DifferentialKinematicDemo.java,41
myrobotlab,org.myrobotlab.mapper.demo,KheperaDemo,0,0,4,4,29,5,0,1,-1.0,0,0,/temp/myrobotlab/src/org/myrobotlab/mapper/demo/KheperaDemo.java,33
myrobotlab,org.myrobotlab.mapper.demo,Robot,0,0,3,3,17,4,0,0,-1.0,0,0,/temp/myrobotlab/src/org/myrobotlab/mapper/demo/KheperaDemo.java,40
myrobotlab,org.myrobotlab.mapper.demo,SimplestDemo,0,0,4,4,25,4,0,1,-1.0,0,0,/temp/myrobotlab/src/org/myrobotlab/mapper/demo/SimplestDemo.java,31
myrobotlab,org.myrobotlab.mapper.demo,Robot,0,0,3,3,16,3,0,0,-1.0,0,0,/temp/myrobotlab/src/org/myrobotlab/mapper/demo/SimplestDemo.java,38
myrobotlab,org.myrobotlab.mapper.demo,SingleAvoiderDemo,6,0,4,4,70,10,0,1,0.75,0,2,/temp/myrobotlab/src/org/myrobotlab/mapper/demo/SingleAvoiderDemo.java,36
myrobotlab,org.myrobotlab.mapper.demo,Robot,6,0,3,3,54,9,0,0,0.6666666666666666,0,2,/temp/myrobotlab/src/org/myrobotlab/mapper/demo/SingleAvoiderDemo.java,39
myrobotlab,org.myrobotlab.mapper.demo,PushBallsDemo,0,0,5,5,48,9,0,1,-1.0,0,1,/temp/myrobotlab/src/org/myrobotlab/mapper/demo/PushBallsDemo.java,35
myrobotlab,org.myrobotlab.mapper.demo,Robot,0,0,4,4,22,5,0,0,-1.0,0,1,/temp/myrobotlab/src/org/myrobotlab/mapper/demo/PushBallsDemo.java,41
myrobotlab,org.myrobotlab.mapper.demo,AvoidersDemo,2,0,4,4,69,10,0,1,0.75,0,5,/temp/myrobotlab/src/org/myrobotlab/mapper/demo/AvoidersDemo.java,33
myrobotlab,org.myrobotlab.mapper.demo,Robot,2,0,3,3,44,9,0,0,0.6666666666666666,0,2,/temp/myrobotlab/src/org/myrobotlab/mapper/demo/AvoidersDemo.java,39
myrobotlab,org.myrobotlab.mapper.demo,ImagerDemo,6,0,5,4,77,11,0,1,0.4,0,7,/temp/myrobotlab/src/org/myrobotlab/mapper/demo/ImagerDemo.java,43
myrobotlab,org.myrobotlab.mapper.demo,DemoRobotImager,6,0,4,3,55,10,0,0,0.0,0,4,/temp/myrobotlab/src/org/myrobotlab/mapper/demo/ImagerDemo.java,50
myrobotlab,org.myrobotlab.mapper.demo,ImagerPanel,1,0,1,0,19,4,0,0,0.0,2,0,/temp/myrobotlab/src/org/myrobotlab/mapper/demo/ImagerDemo.java,51
myrobotlab,org.myrobotlab.mapper.demo,BaseDemo,2,0,4,4,46,6,0,1,0.75,0,5,/temp/myrobotlab/src/org/myrobotlab/mapper/demo/BaseDemo.java,35
myrobotlab,org.myrobotlab.mapper.demo,Robot,2,0,3,3,23,5,0,0,0.6666666666666666,0,3,/temp/myrobotlab/src/org/myrobotlab/mapper/demo/BaseDemo.java,42
myrobotlab,org.myrobotlab.mapper.demo,BlinkingLampDemo,2,0,4,4,68,8,0,1,0.75,0,6,/temp/myrobotlab/src/org/myrobotlab/mapper/demo/BlinkingLampDemo.java,36
myrobotlab,org.myrobotlab.mapper.demo,Robot,2,0,3,3,45,7,0,0,0.6666666666666666,0,3,/temp/myrobotlab/src/org/myrobotlab/mapper/demo/BlinkingLampDemo.java,43
myrobotlab,org.myrobotlab.mapper.sim,SensorMatrix,3,2,8,8,51,8,0,1,0.25,3,0,/temp/myrobotlab/src/org/myrobotlab/mapper/sim/SensorMatrix.java,27
myrobotlab,org.myrobotlab.mapper.sim,Arch,0,0,2,1,21,2,0,4,-1.0,4,2,/temp/myrobotlab/src/org/myrobotlab/mapper/sim/Arch.java,30
myrobotlab,org.myrobotlab.mapper.sim,Wall,1,0,2,2,14,2,0,4,1.0,7,1,/temp/myrobotlab/src/org/myrobotlab/mapper/sim/Wall.java,32
myrobotlab,org.myrobotlab.mapper.sim,RobotFactory,0,0,12,12,165,12,0,1,-1.0,16,7,/temp/myrobotlab/src/org/myrobotlab/mapper/sim/RobotFactory.java,30
myrobotlab,org.myrobotlab.mapper.sim,ActuatorDevice,0,0,1,0,7,1,2,2,-1.0,2,0,/temp/myrobotlab/src/org/myrobotlab/mapper/sim/ActuatorDevice.java,27
myrobotlab,org.myrobotlab.mapper.sim,MouseOrbiter,49,0,12,10,185,21,0,0,0.3333333333333333,1,0,/temp/myrobotlab/src/org/myrobotlab/mapper/sim/MouseOrbiter.java,35
myrobotlab,org.myrobotlab.mapper.sim,BaseObject,14,0,23,9,219,26,3,0,0.08695652173913043,2,1,/temp/myrobotlab/src/org/myrobotlab/mapper/sim/BaseObject.java,40
myrobotlab,org.myrobotlab.mapper.sim,CherryAgent,1,0,2,1,37,2,0,2,0.0,0,0,/temp/myrobotlab/src/org/myrobotlab/mapper/sim/CherryAgent.java,35
myrobotlab,org.myrobotlab.mapper.sim,BlockWorldObject,0,0,2,2,25,2,2,2,-1.0,1,0,/temp/myrobotlab/src/org/myrobotlab/mapper/sim/BlockWorldObject.java,30
myrobotlab,org.myrobotlab.mapper.sim,KinematicModel,0,0,3,0,21,3,2,0,-1.0,1,0,/temp/myrobotlab/src/org/myrobotlab/mapper/sim/KinematicModel.java,33
myrobotlab,org.myrobotlab.mapper.sim,KheperaRobot,1,0,5,3,88,6,0,3,0.6,0,1,/temp/myrobotlab/src/org/myrobotlab/mapper/sim/KheperaRobot.java,43
myrobotlab,org.myrobotlab.mapper.sim,Lock,1,0,3,2,28,4,0,0,0.6666666666666666,1,0,/temp/myrobotlab/src/org/myrobotlab/mapper/sim/Lock.java,27
myrobotlab,org.myrobotlab.mapper.sim,PhysicalEngine,12,0,10,0,207,35,0,0,0.2,1,2,/temp/myrobotlab/src/org/myrobotlab/mapper/sim/PhysicalEngine.java,34
myrobotlab,org.myrobotlab.mapper.sim,StaticObject,3,0,5,0,52,5,1,1,0.0,2,0,/temp/myrobotlab/src/org/myrobotlab/mapper/sim/StaticObject.java,33
myrobotlab,org.myrobotlab.mapper.sim,Robot,1,0,3,3,24,4,0,3,0.6666666666666666,0,1,/temp/myrobotlab/src/org/myrobotlab/mapper/sim/Robot.java,26
myrobotlab,org.myrobotlab.mapper.sim,BallAgent,1,0,3,2,39,3,0,2,0.6666666666666666,0,0,/temp/myrobotlab/src/org/myrobotlab/mapper/sim/BallAgent.java,39
myrobotlab,org.myrobotlab.mapper.sim,Util,0,0,2,2,26,2,0,0,-1.0,0,0,/temp/myrobotlab/src/org/myrobotlab/mapper/sim/Util.java,35
myrobotlab,org.myrobotlab.mapper.sim,LampActuator,12,0,10,7,108,14,0,3,0.2,3,0,/temp/myrobotlab/src/org/myrobotlab/mapper/sim/LampActuator.java,38
myrobotlab,org.myrobotlab.mapper.sim,LampActuatorJPanel,4,0,2,1,18,2,0,0,0.0,0,0,/temp/myrobotlab/src/org/myrobotlab/mapper/sim/LampActuator.java,46
myrobotlab,org.myrobotlab.mapper.sim,Eye,10,0,16,10,148,18,2,3,0.1875,0,2,/temp/myrobotlab/src/org/myrobotlab/mapper/sim/Eye.java,61
myrobotlab,org.myrobotlab.mapper.sim,EyeJPanel,2,0,2,1,15,2,0,0,0.0,0,0,/temp/myrobotlab/src/org/myrobotlab/mapper/sim/Eye.java,66
myrobotlab,org.myrobotlab.mapper.sim,OffScreenCanvas3D,1,0,3,2,23,3,0,0,1.0,1,0,/temp/myrobotlab/src/org/myrobotlab/mapper/sim/Eye.java,88
myrobotlab,org.myrobotlab.mapper.sim,Factory,0,0,0,0,5,0,2,0,-1.0,0,0,/temp/myrobotlab/src/org/myrobotlab/mapper/sim/Factory.java,27
myrobotlab,org.myrobotlab.mapper.sim,SensorDevice,0,0,1,0,7,1,3,2,-1.0,2,0,/temp/myrobotlab/src/org/myrobotlab/mapper/sim/SensorDevice.java,27
myrobotlab,org.myrobotlab.mapper.sim,EnvironmentDescription,28,27,9,8,108,12,0,0,0.0,7,1,/temp/myrobotlab/src/org/myrobotlab/mapper/sim/EnvironmentDescription.java,33
myrobotlab,org.myrobotlab.mapper.sim,Device,6,0,12,5,94,14,2,1,0.25,0,1,/temp/myrobotlab/src/org/myrobotlab/mapper/sim/Device.java,29
myrobotlab,org.myrobotlab.mapper.sim,World,22,6,19,10,383,30,0,0,0.10526315789473684,9,4,/temp/myrobotlab/src/org/myrobotlab/mapper/sim/World.java,65
myrobotlab,org.myrobotlab.mapper.sim,BlockWorldCompositeObject,1,0,4,0,36,7,1,3,0.0,0,1,/temp/myrobotlab/src/org/myrobotlab/mapper/sim/BlockWorldCompositeObject.java,31
myrobotlab,org.myrobotlab.mapper.sim,DefaultKinematic,2,0,8,4,65,8,0,1,0.0,1,0,/temp/myrobotlab/src/org/myrobotlab/mapper/sim/DefaultKinematic.java,33
myrobotlab,org.myrobotlab.mapper.sim,CameraSensor,0,0,1,0,14,1,0,4,-1.0,5,0,/temp/myrobotlab/src/org/myrobotlab/mapper/sim/CameraSensor.java,27
myrobotlab,org.myrobotlab.mapper.sim,LightSensor,6,0,7,4,69,8,0,4,0.42857142857142855,3,0,/temp/myrobotlab/src/org/myrobotlab/mapper/sim/LightSensor.java,35
myrobotlab,org.myrobotlab.mapper.sim,LigthSensorJPanel,5,0,2,1,28,2,0,0,0.0,0,0,/temp/myrobotlab/src/org/myrobotlab/mapper/sim/LightSensor.java,47
myrobotlab,org.myrobotlab.mapper.sim,GripperActuator,0,0,2,0,20,3,0,3,-1.0,0,0,/temp/myrobotlab/src/org/myrobotlab/mapper/sim/GripperActuator.java,35
myrobotlab,org.myrobotlab.mapper.sim,SensorData,0,0,1,1,5,1,1,0,-1.0,0,0,/temp/myrobotlab/src/org/myrobotlab/mapper/sim/SensorData.java,27
myrobotlab,org.myrobotlab.mapper.sim,DifferentialKinematic,5,0,9,6,94,10,0,1,0.0,3,0,/temp/myrobotlab/src/org/myrobotlab/mapper/sim/DifferentialKinematic.java,10
myrobotlab,org.myrobotlab.mapper.sim,Agent,8,0,24,11,233,31,2,2,0.20833333333333334,3,4,/temp/myrobotlab/src/org/myrobotlab/mapper/sim/Agent.java,49
myrobotlab,org.myrobotlab.mapper.sim,RangeSensorBelt,31,5,32,28,456,63,0,4,0.0625,12,0,/temp/myrobotlab/src/org/myrobotlab/mapper/sim/RangeSensorBelt.java,53
myrobotlab,org.myrobotlab.mapper.sim,RangeSensorBeltJPanel,6,0,2,1,68,9,0,0,0.0,0,0,/temp/myrobotlab/src/org/myrobotlab/mapper/sim/RangeSensorBelt.java,73
myrobotlab,org.myrobotlab.mapper.sim,SimpleAgent,33,0,46,21,501,64,3,1,0.17391304347826086,12,3,/temp/myrobotlab/src/org/myrobotlab/mapper/sim/SimpleAgent.java,39
myrobotlab,org.myrobotlab.mapper.sim,Box,3,0,3,2,52,3,1,3,0.6666666666666666,6,1,/temp/myrobotlab/src/org/myrobotlab/mapper/sim/Box.java,36
myrobotlab,org.myrobotlab.mapper.sim,Geometry,0,0,0,0,5,0,0,0,-1.0,0,0,/temp/myrobotlab/src/org/myrobotlab/mapper/sim/Geometry.java,9
myrobotlab,org.myrobotlab.mapper.sim,Simulator,14,0,28,20,344,53,0,0,0.0,7,8,/temp/myrobotlab/src/org/myrobotlab/mapper/sim/Simulator.java,35
myrobotlab,org.myrobotlab.mapper.sim,SimulatorThread,1,0,3,2,44,9,0,0,0.0,1,1,/temp/myrobotlab/src/org/myrobotlab/mapper/sim/Simulator.java,51
myrobotlab,org.myrobotlab.mapper.sim,FrameMeter,7,2,5,5,42,7,0,0,0.0,2,0,/temp/myrobotlab/src/org/myrobotlab/mapper/sim/FrameMeter.java,29
myrobotlab,org.myrobotlab.mapper.sim,Plan,8,0,10,6,60,12,0,0,0.2,1,2,/temp/myrobotlab/src/org/myrobotlab/mapper/sim/Plan.java,6
myrobotlab,org.myrobotlab.mapper.sim,Movement,2,0,2,0,12,2,0,1,0.0,0,0,/temp/myrobotlab/src/org/myrobotlab/mapper/sim/Plan.java,10
myrobotlab,org.myrobotlab.mapper.sim,Transition,2,0,2,0,9,2,1,0,1.0,1,0,/temp/myrobotlab/src/org/myrobotlab/mapper/sim/Plan.java,27
myrobotlab,org.myrobotlab.mapper.sim,KeyInputSensor,6,0,8,7,47,8,0,3,0.25,1,2,/temp/myrobotlab/src/org/myrobotlab/mapper/sim/KeyInputSensor.java,14
myrobotlab,org.myrobotlab.mapper.sim,KeyInputSensorJPanel,4,0,2,1,19,2,0,0,0.0,1,1,/temp/myrobotlab/src/org/myrobotlab/mapper/sim/KeyInputSensor.java,19
myrobotlab,org.myrobotlab.mapper.sim,WorldFactory,0,0,0,0,4,0,0,1,-1.0,0,0,/temp/myrobotlab/src/org/myrobotlab/mapper/sim/WorldFactory.java,27
myrobotlab,org.myrobotlab.mapper.sim,PickSensor,1,0,1,0,13,1,1,3,0.0,0,0,/temp/myrobotlab/src/org/myrobotlab/mapper/sim/PickSensor.java,29
myrobotlab,org.myrobotlab.mapper.gui,SimulatorControlGUI,5,0,7,3,116,20,0,0,0.2857142857142857,0,1,/temp/myrobotlab/src/org/myrobotlab/mapper/gui/SimulatorControlGUI.java,45
myrobotlab,org.myrobotlab.mapper.gui,WorldWindow,2,0,2,1,20,2,0,0,0.0,1,1,/temp/myrobotlab/src/org/myrobotlab/mapper/gui/WorldWindow.java,34
myrobotlab,org.myrobotlab.mapper.gui,Simbad,14,0,13,6,160,21,0,0,0.15384615384615385,3,10,/temp/myrobotlab/src/org/myrobotlab/mapper/gui/Simbad.java,50
myrobotlab,org.myrobotlab.mapper.gui,Simbatch,6,0,4,4,58,5,0,0,0.0,1,3,/temp/myrobotlab/src/org/myrobotlab/mapper/gui/Simbatch.java,14
myrobotlab,org.myrobotlab.mapper.gui,AgentFollower,6,0,5,1,45,9,0,0,0.0,1,2,/temp/myrobotlab/src/org/myrobotlab/mapper/gui/AgentFollower.java,30
myrobotlab,org.myrobotlab.mapper.gui,Console,7,0,3,2,59,6,0,0,0.0,1,0,/temp/myrobotlab/src/org/myrobotlab/mapper/gui/Console.java,38
myrobotlab,org.myrobotlab.mapper.gui,AgentInspector,9,0,5,4,108,15,0,0,0.0,2,5,/temp/myrobotlab/src/org/myrobotlab/mapper/gui/AgentInspector.java,45
myrobotlab,org.myrobotlab.mapper.gui,ControlWindow,1,0,2,1,15,2,0,0,0.0,1,2,/temp/myrobotlab/src/org/myrobotlab/mapper/gui/ControlWindow.java,39
myrobotlab,org.myrobotlab.mapper.gui,TestSimbatch,0,0,5,5,51,8,0,0,-1.0,0,2,/temp/myrobotlab/src/org/myrobotlab/mapper/gui/TestSimbatch.java,10
myrobotlab,org.myrobotlab.mapper.gui,MyRobot,0,0,3,3,23,5,0,0,-1.0,0,0,/temp/myrobotlab/src/org/myrobotlab/mapper/gui/TestSimbatch.java,15
myrobotlab,org.myrobotlab.mapper.gui,WorldControlGUI,5,0,4,2,71,9,0,0,0.0,0,3,/temp/myrobotlab/src/org/myrobotlab/mapper/gui/WorldControlGUI.java,41
myrobotlab,org.myrobotlab.io,FileIO,2,1,44,44,723,120,0,0,0.18181818181818182,22,5,/temp/myrobotlab/src/org/myrobotlab/io/FileIO.java,60
myrobotlab,org.myrobotlab.io,FileComparisonException,1,0,1,1,6,1,0,0,0.0,2,0,/temp/myrobotlab/src/org/myrobotlab/io/FileIO.java,69
myrobotlab,org.myrobotlab.io,FindFile,2,1,14,12,118,27,0,0,0.14285714285714285,4,3,/temp/myrobotlab/src/org/myrobotlab/io/FindFile.java,19
myrobotlab,org.myrobotlab.io,RegexFilter,1,0,2,2,9,2,0,0,0.0,0,0,/temp/myrobotlab/src/org/myrobotlab/io/FindFile.java,26
myrobotlab,org.myrobotlab.io,StreamIO,0,0,3,3,28,5,0,0,-1.0,0,0,/temp/myrobotlab/src/org/myrobotlab/io/StreamIO.java,6
myrobotlab,org.myrobotlab.io,Zip,4,3,12,12,178,36,0,0,0.0,2,2,/temp/myrobotlab/src/org/myrobotlab/io/Zip.java,24
myrobotlab,org.myrobotlab.genetic,Genetic,0,0,2,0,7,2,1,0,-1.0,1,0,/temp/myrobotlab/src/org/myrobotlab/genetic/Genetic.java,9
myrobotlab,org.myrobotlab.genetic,Chromosome,3,0,11,10,82,16,0,0,0.2727272727272727,2,0,/temp/myrobotlab/src/org/myrobotlab/genetic/Chromosome.java,6
myrobotlab,org.myrobotlab.genetic,GeneticParameters,5,0,10,10,70,10,0,0,0.5,2,0,/temp/myrobotlab/src/org/myrobotlab/genetic/GeneticParameters.java,6
myrobotlab,org.myrobotlab.genetic,GeneticAlgorithm,6,0,5,4,75,14,0,0,0.0,1,3,/temp/myrobotlab/src/org/myrobotlab/genetic/GeneticAlgorithm.java,6
myrobotlab,org.myrobotlab.image,KinectImageNode,14,13,2,2,26,2,0,0,0.0,1,2,/temp/myrobotlab/src/org/myrobotlab/image/KinectImageNode.java,14
myrobotlab,org.myrobotlab.image,SerializableImage,8,2,19,17,145,27,0,0,0.10526315789473684,27,2,/temp/myrobotlab/src/org/myrobotlab/image/SerializableImage.java,49
myrobotlab,org.myrobotlab.image,DisplayedImage,12,1,12,10,95,15,0,0,0.0,1,1,/temp/myrobotlab/src/org/myrobotlab/image/DisplayedImage.java,20
myrobotlab,org.myrobotlab.image,Convert,0,0,2,2,36,5,0,0,-1.0,0,0,/temp/myrobotlab/src/org/myrobotlab/image/Convert.java,44
myrobotlab,org.myrobotlab.image,Util,3,1,23,23,257,35,0,0,0.5652173913043478,20,1,/temp/myrobotlab/src/org/myrobotlab/image/Util.java,57
myrobotlab,org.myrobotlab.image,Algorithm,2,2,3,3,38,8,0,0,0.6666666666666666,0,0,/temp/myrobotlab/src/org/myrobotlab/image/Algorithm.java,39
myrobotlab,org.myrobotlab.image,ColoredPoint,5,4,7,7,30,7,0,0,0.2857142857142857,1,0,/temp/myrobotlab/src/org/myrobotlab/image/ColoredPoint.java,34
myrobotlab,org.myrobotlab.sensor,EncoderTimer,2,0,3,3,25,4,0,1,1.0,0,2,/temp/myrobotlab/src/org/myrobotlab/sensor/EncoderTimer.java,5
myrobotlab,org.myrobotlab.sensor,EncoderListener,0,0,1,0,3,1,1,0,-1.0,1,0,/temp/myrobotlab/src/org/myrobotlab/sensor/EncoderListener.java,3
myrobotlab,org.myrobotlab.sensor,Encoder,0,0,0,0,2,0,1,0,-1.0,2,0,/temp/myrobotlab/src/org/myrobotlab/sensor/Encoder.java,3
myrobotlab,org.myrobotlab.kinematics,IKEngine,16,0,9,8,159,22,0,0,0.0,1,1,/temp/myrobotlab/src/org/myrobotlab/kinematics/IKEngine.java,3
myrobotlab,org.myrobotlab.kinematics,DHLinkType,0,0,0,0,1,0,0,0,-1.0,1,0,/temp/myrobotlab/src/org/myrobotlab/kinematics/DHLinkType.java,4
myrobotlab,org.myrobotlab.kinematics,TestJmeIntegratedMovement,6,0,5,5,91,16,0,0,0.4,0,0,/temp/myrobotlab/src/org/myrobotlab/kinematics/TestJmeIntegratedMovement.java,21
myrobotlab,org.myrobotlab.kinematics,Map3DPoint,3,1,0,0,8,0,0,0,-1.0,1,2,/temp/myrobotlab/src/org/myrobotlab/kinematics/Map3DPoint.java,8
myrobotlab,org.myrobotlab.kinematics,Point,6,0,22,22,137,32,0,0,0.0,19,0,/temp/myrobotlab/src/org/myrobotlab/kinematics/Point.java,6
myrobotlab,org.myrobotlab.kinematics,DHLink,17,4,34,34,200,39,0,0,0.058823529411764705,6,4,/temp/myrobotlab/src/org/myrobotlab/kinematics/DHLink.java,10
myrobotlab,org.myrobotlab.kinematics,DHRobotArm,5,3,15,15,184,32,0,0,0.13333333333333333,5,5,/temp/myrobotlab/src/org/myrobotlab/kinematics/DHRobotArm.java,10
myrobotlab,org.myrobotlab.kinematics,TestJmeIMModel,12,1,12,12,237,39,0,0,0.3333333333333333,1,3,/temp/myrobotlab/src/org/myrobotlab/kinematics/TestJmeIMModel.java,32
myrobotlab,org.myrobotlab.kinematics,Matrix,3,1,19,17,278,57,0,0,0.0,8,0,/temp/myrobotlab/src/org/myrobotlab/kinematics/Matrix.java,6
myrobotlab,org.myrobotlab.kinematics,CollisionDectection,9,0,17,17,190,44,0,0,0.11764705882352941,2,3,/temp/myrobotlab/src/org/myrobotlab/kinematics/CollisionDectection.java,10
myrobotlab,org.myrobotlab.kinematics,CollisionResults,4,0,0,0,6,0,0,0,-1.0,2,0,/temp/myrobotlab/src/org/myrobotlab/kinematics/CollisionDectection.java,21
myrobotlab,org.myrobotlab.kinematics,Map3D,15,6,9,6,169,37,0,0,0.3333333333333333,1,7,/temp/myrobotlab/src/org/myrobotlab/kinematics/Map3D.java,14
myrobotlab,org.myrobotlab.kinematics,CoordStateValue,0,0,0,0,1,0,0,0,-1.0,2,0,/temp/myrobotlab/src/org/myrobotlab/kinematics/Map3D.java,22
myrobotlab,org.myrobotlab.kinematics,CollisionItem,10,1,26,24,354,70,0,0,0.07692307692307693,8,2,/temp/myrobotlab/src/org/myrobotlab/kinematics/CollisionItem.java,15
myrobotlab,org.myrobotlab.kinematics,PositionData,2,2,1,1,11,1,0,0,0.0,2,1,/temp/myrobotlab/src/org/myrobotlab/kinematics/PositionData.java,6
myrobotlab,org.myrobotlab.kinematics,IMEngine,18,2,21,16,455,89,0,1,0.0,2,15,/temp/myrobotlab/src/org/myrobotlab/kinematics/IMEngine.java,19
myrobotlab,org.myrobotlab.kinematics,MoveInfo,5,1,0,0,7,0,0,0,-1.0,1,4,/temp/myrobotlab/src/org/myrobotlab/kinematics/IMEngine.java,37
myrobotlab,org.myrobotlab.kinematics,DHRobotArmTest,1,1,5,5,54,6,0,0,0.0,0,4,/temp/myrobotlab/test/org/myrobotlab/kinematics/DHRobotArmTest.java,9
myrobotlab,org.myrobotlab.framework,StatusLevel,5,5,0,0,7,0,0,0,-1.0,2,0,/temp/myrobotlab/src/org/myrobotlab/framework/StatusLevel.java,3
myrobotlab,org.myrobotlab.framework,Outbox,15,6,13,13,125,25,0,0,0.0,3,5,/temp/myrobotlab/src/org/myrobotlab/framework/Outbox.java,48
myrobotlab,org.myrobotlab.framework,ServiceEnvironment,4,3,1,1,17,1,0,0,0.0,5,1,/temp/myrobotlab/src/org/myrobotlab/framework/ServiceEnvironment.java,9
myrobotlab,org.myrobotlab.framework,MethodEntry,8,4,5,5,88,14,0,0,0.0,5,0,/temp/myrobotlab/src/org/myrobotlab/framework/MethodEntry.java,34
myrobotlab,org.myrobotlab.framework,ServiceReservation,6,5,5,5,66,10,0,0,0.0,4,0,/temp/myrobotlab/src/org/myrobotlab/framework/ServiceReservation.java,5
myrobotlab,org.myrobotlab.framework,Peers,3,1,12,12,97,18,0,0,0.0,1,5,/temp/myrobotlab/src/org/myrobotlab/framework/Peers.java,12
myrobotlab,org.myrobotlab.framework,StopWatch,3,0,8,8,43,8,0,0,0.25,0,0,/temp/myrobotlab/src/org/myrobotlab/framework/StopWatch.java,31
myrobotlab,org.myrobotlab.framework,ServiceType,12,3,23,23,130,27,0,0,0.391304347826087,149,1,/temp/myrobotlab/src/org/myrobotlab/framework/ServiceType.java,9
myrobotlab,org.myrobotlab.framework,InvokerUtils,0,0,1,1,8,1,0,0,-1.0,1,4,/temp/myrobotlab/src/org/myrobotlab/framework/InvokerUtils.java,9
myrobotlab,org.myrobotlab.framework,QueueStats,8,8,1,1,13,1,0,0,0.0,4,0,/temp/myrobotlab/src/org/myrobotlab/framework/QueueStats.java,3
myrobotlab,org.myrobotlab.framework,ListMethodsDoclet,0,0,2,2,29,6,0,0,-1.0,0,0,/temp/myrobotlab/src/org/myrobotlab/framework/ListMethodsDoclet.java,8
myrobotlab,org.myrobotlab.framework,MRLListener,6,4,5,5,49,7,0,0,0.4,11,3,/temp/myrobotlab/src/org/myrobotlab/framework/MRLListener.java,37
myrobotlab,org.myrobotlab.framework,Task,3,0,5,5,28,6,0,0,0.0,2,2,/temp/myrobotlab/src/org/myrobotlab/framework/Task.java,5
myrobotlab,org.myrobotlab.framework,ProcessData,23,19,7,7,151,19,0,0,0.0,2,3,/temp/myrobotlab/src/org/myrobotlab/framework/ProcessData.java,11
myrobotlab,org.myrobotlab.framework,Monitor,1,0,2,2,25,5,0,0,0.0,1,1,/temp/myrobotlab/src/org/myrobotlab/framework/ProcessData.java,51
myrobotlab,org.myrobotlab.framework,Service,27,5,138,138,1501,241,135,1,0.2028985507246377,62,22,/temp/myrobotlab/src/org/myrobotlab/framework/Service.java,74
myrobotlab,org.myrobotlab.framework,Task,3,0,3,3,30,5,0,0,0.0,0,2,/temp/myrobotlab/src/org/myrobotlab/framework/Service.java,90
myrobotlab,org.myrobotlab.framework,IndexNode,3,1,17,17,153,34,0,0,0.11764705882352941,1,0,/temp/myrobotlab/src/org/myrobotlab/framework/IndexNode.java,13
myrobotlab,org.myrobotlab.framework,StreamGobbler,4,1,2,2,38,5,0,0,0.0,1,1,/temp/myrobotlab/src/org/myrobotlab/framework/StreamGobbler.java,12
myrobotlab,org.myrobotlab.framework,RoutingEntry,4,3,4,4,28,4,0,0,0.0,0,0,/temp/myrobotlab/src/org/myrobotlab/framework/RoutingEntry.java,30
myrobotlab,org.myrobotlab.framework,MethodCache,6,1,8,5,120,16,0,0,0.25,0,4,/temp/myrobotlab/src/org/myrobotlab/framework/MethodCache.java,31
myrobotlab,org.myrobotlab.framework,MethodKey,2,0,3,2,20,3,0,0,0.0,1,0,/temp/myrobotlab/src/org/myrobotlab/framework/MethodCache.java,33
myrobotlab,org.myrobotlab.framework,Instantiator,1,1,5,5,46,8,0,0,1.0,2,0,/temp/myrobotlab/src/org/myrobotlab/framework/Instantiator.java,10
myrobotlab,org.myrobotlab.framework,Platform,17,8,19,19,151,36,0,0,0.15789473684210525,18,0,/temp/myrobotlab/src/org/myrobotlab/framework/Platform.java,11
myrobotlab,org.myrobotlab.framework,MRLException,1,0,1,1,6,1,0,0,0.0,0,0,/temp/myrobotlab/src/org/myrobotlab/framework/MRLException.java,3
myrobotlab,org.myrobotlab.framework,MessageService,2,0,2,2,8,2,1,0,1.0,0,2,/temp/myrobotlab/src/org/myrobotlab/framework/MessageService.java,5
myrobotlab,org.myrobotlab.framework,Inbox,9,1,9,9,101,19,0,0,0.2222222222222222,1,1,/temp/myrobotlab/src/org/myrobotlab/framework/Inbox.java,36
myrobotlab,org.myrobotlab.framework,Index,2,1,17,17,88,20,0,0,0.11764705882352941,1,3,/temp/myrobotlab/src/org/myrobotlab/framework/Index.java,14
myrobotlab,org.myrobotlab.framework,Status,6,5,21,21,148,26,0,0,0.09523809523809523,27,3,/temp/myrobotlab/src/org/myrobotlab/framework/Status.java,20
myrobotlab,org.myrobotlab.framework,MessageSender,0,0,1,1,3,1,0,0,-1.0,0,1,/temp/myrobotlab/src/org/myrobotlab/framework/MessageSender.java,28
myrobotlab,org.myrobotlab.framework,ObjectCloner,0,0,2,1,25,2,0,0,-1.0,0,0,/temp/myrobotlab/src/org/myrobotlab/framework/ObjectCloner.java,8
myrobotlab,org.myrobotlab.framework,Message,13,12,9,9,92,9,0,0,0.2222222222222222,48,3,/temp/myrobotlab/src/org/myrobotlab/framework/Message.java,36
myrobotlab,org.myrobotlab.framework,TypeConverter,3,2,11,11,83,15,0,0,1.0,1,3,/temp/myrobotlab/src/org/myrobotlab/framework/TypeConverter.java,15
myrobotlab,org.myrobotlab.framework,MessageListener,0,0,1,1,3,1,0,0,-1.0,0,1,/temp/myrobotlab/src/org/myrobotlab/framework/MessageListener.java,29
myrobotlab,org.myrobotlab.framework,MessageTest,3,1,7,7,90,7,0,0,0.2857142857142857,0,8,/temp/myrobotlab/test/org/myrobotlab/framework/MessageTest.java,21
myrobotlab,org.myrobotlab.framework,EncoderTest,0,0,2,2,19,2,0,0,-1.0,0,4,/temp/myrobotlab/test/org/myrobotlab/framework/EncoderTest.java,14
myrobotlab,org.myrobotlab.framework.repo,ServiceData,6,1,18,18,240,40,0,0,0.1111111111111111,8,6,/temp/myrobotlab/src/org/myrobotlab/framework/repo/ServiceData.java,25
myrobotlab,org.myrobotlab.framework.repo,GitHubRelease,6,6,0,0,8,0,0,0,-1.0,0,0,/temp/myrobotlab/src/org/myrobotlab/framework/repo/GitHubRelease.java,3
myrobotlab,org.myrobotlab.framework.repo,Repo,13,6,24,24,404,55,0,0,0.16666666666666666,7,14,/temp/myrobotlab/src/org/myrobotlab/framework/repo/Repo.java,56
myrobotlab,org.myrobotlab.framework.repo,Library,5,1,13,13,68,16,0,0,0.15384615384615385,1,0,/temp/myrobotlab/src/org/myrobotlab/framework/repo/Library.java,9
myrobotlab,org.myrobotlab.framework.repo,GitHub,1,1,4,4,32,7,0,0,0.5,3,3,/temp/myrobotlab/src/org/myrobotlab/framework/repo/GitHub.java,12
myrobotlab,org.myrobotlab.framework.repo,Category,4,3,3,3,18,3,0,0,0.0,2,0,/temp/myrobotlab/src/org/myrobotlab/framework/repo/Category.java,9
myrobotlab,org.myrobotlab.framework.repo,GitHubContent,8,8,0,0,10,0,0,0,-1.0,0,0,/temp/myrobotlab/src/org/myrobotlab/framework/repo/GitHubContent.java,3
myrobotlab,org.myrobotlab.framework.repo,RepoTest,2,1,23,23,111,23,0,0,0.9565217391304348,0,6,/temp/myrobotlab/test/org/myrobotlab/framework/repo/RepoTest.java,28
myrobotlab,org.myrobotlab.framework.repo,ServiceDataTest,1,1,22,22,56,22,0,0,1.0,0,1,/temp/myrobotlab/test/org/myrobotlab/framework/repo/ServiceDataTest.java,17
myrobotlab,org.myrobotlab.cmdline,CcmdParam,1,1,1,1,5,1,0,0,0.0,1,0,/temp/myrobotlab/src/org/myrobotlab/cmdline/CcmdParam.java,30
myrobotlab,org.myrobotlab.cmdline,CmdLine,2,0,10,10,109,29,0,0,0.2,3,1,/temp/myrobotlab/src/org/myrobotlab/cmdline/CmdLine.java,31
myrobotlab,org.myrobotlab.leap,SampleListener,0,0,6,6,0,18,0,0,-1.0,0,0,/temp/myrobotlab/src/org/myrobotlab/leap/SampleListener.java,20
myrobotlab,org.myrobotlab.leap,LeapMotionListener,3,1,8,6,95,20,0,0,0.0,1,4,/temp/myrobotlab/src/org/myrobotlab/leap/LeapMotionListener.java,19
myrobotlab,org.myrobotlab.motor,MotorConfigPulse,2,0,3,3,14,3,0,1,0.0,2,0,/temp/myrobotlab/src/org/myrobotlab/motor/MotorConfigPulse.java,3
myrobotlab,org.myrobotlab.motor,MotorConfigSimpleH,3,0,6,6,23,6,0,1,0.5,2,0,/temp/myrobotlab/src/org/myrobotlab/motor/MotorConfigSimpleH.java,3
myrobotlab,org.myrobotlab.motor,MotorConfig,3,0,3,3,13,3,3,0,1.0,4,0,/temp/myrobotlab/src/org/myrobotlab/motor/MotorConfig.java,5
myrobotlab,org.myrobotlab.motor,MotorConfigDualPwm,4,0,8,8,32,8,0,1,0.5,2,0,/temp/myrobotlab/src/org/myrobotlab/motor/MotorConfigDualPwm.java,3
myrobotlab,org.myrobotlab.memory,Node,8,5,10,10,114,18,0,0,0.0,3,4,/temp/myrobotlab/src/org/myrobotlab/memory/Node.java,13
myrobotlab,org.myrobotlab.memory,NodeContext,2,2,1,1,11,1,0,0,0.0,0,1,/temp/myrobotlab/src/org/myrobotlab/memory/Node.java,21
myrobotlab,org.myrobotlab.memory,ManagedCache,0,0,3,0,19,3,1,1,-1.0,1,0,/temp/myrobotlab/src/org/myrobotlab/memory/ManagedCache.java,6
myrobotlab,org.myrobotlab.memory,MemoryChangeListener,0,0,2,2,4,2,0,0,-1.0,1,1,/temp/myrobotlab/src/org/myrobotlab/memory/MemoryChangeListener.java,3
myrobotlab,org.myrobotlab.memory,NodeDeprecate,5,4,1,1,9,1,0,0,0.0,0,0,/temp/myrobotlab/src/org/myrobotlab/memory/NodeDeprecate.java,9
myrobotlab,org.myrobotlab.memory,LocalCache,7,2,9,2,89,16,0,3,0.2222222222222222,0,0,/temp/myrobotlab/src/org/myrobotlab/memory/LocalCache.java,9
myrobotlab,org.myrobotlab.memory,Generalizer,1,0,0,0,6,0,0,0,-1.0,0,0,/temp/myrobotlab/src/org/myrobotlab/memory/Generalizer.java,5
myrobotlab,org.myrobotlab.memory,CacheFactory,3,0,6,2,83,11,0,0,0.3333333333333333,0,1,/temp/myrobotlab/src/org/myrobotlab/memory/CacheFactory.java,11
myrobotlab,org.myrobotlab.memory,CacheManager,3,0,4,3,56,5,0,0,0.5,0,2,/temp/myrobotlab/src/org/myrobotlab/memory/CacheManager.java,9
myrobotlab,org.myrobotlab.memory,Memory,4,1,11,11,112,22,0,0,0.2727272727272727,0,4,/temp/myrobotlab/src/org/myrobotlab/memory/Memory.java,11
myrobotlab,org.myrobotlab.memory,Cache,0,0,3,0,23,3,1,0,-1.0,2,0,/temp/myrobotlab/src/org/myrobotlab/memory/Cache.java,6
myrobotlab,org.myrobotlab.memory,BaseCache,6,0,24,11,370,74,1,2,0.4583333333333333,0,1,/temp/myrobotlab/src/org/myrobotlab/memory/BaseCache.java,8
myrobotlab,org.myrobotlab.javafx,Gui,0,0,2,2,21,2,0,0,-1.0,1,0,/temp/myrobotlab/src/org/myrobotlab/javafx/Gui.java,12
myrobotlab,org.myrobotlab.arduino.virtual,MrlCommIno,3,0,5,5,34,6,0,0,0.0,2,3,/temp/myrobotlab/src/org/myrobotlab/arduino/virtual/MrlCommIno.java,7
myrobotlab,org.myrobotlab.arduino.virtual,MrlI2CBus,2,0,6,0,41,10,0,1,1.0,1,3,/temp/myrobotlab/src/org/myrobotlab/arduino/virtual/MrlI2CBus.java,6
myrobotlab,org.myrobotlab.arduino.virtual,MrlSerialRelay,7,5,5,3,0,11,0,1,0.6,1,3,/temp/myrobotlab/src/org/myrobotlab/arduino/virtual/MrlSerialRelay.java,6
myrobotlab,org.myrobotlab.arduino.virtual,HardwareServo,0,0,4,4,11,4,0,2,-1.0,1,0,/temp/myrobotlab/src/org/myrobotlab/arduino/virtual/HardwareServo.java,5
myrobotlab,org.myrobotlab.arduino.virtual,Pin,9,9,2,2,21,2,0,0,0.0,1,0,/temp/myrobotlab/src/org/myrobotlab/arduino/virtual/Pin.java,3
myrobotlab,org.myrobotlab.arduino.virtual,Device,5,2,3,1,17,3,5,0,0.6666666666666666,2,2,/temp/myrobotlab/src/org/myrobotlab/arduino/virtual/Device.java,6
myrobotlab,org.myrobotlab.arduino.virtual,ListNode,0,0,0,0,2,0,0,0,-1.0,0,0,/temp/myrobotlab/src/org/myrobotlab/arduino/virtual/ListNode.java,3
myrobotlab,org.myrobotlab.arduino.virtual,MrlComm,15,4,64,50,363,89,0,0,0.109375,5,13,/temp/myrobotlab/src/org/myrobotlab/arduino/virtual/MrlComm.java,20
myrobotlab,org.myrobotlab.arduino.virtual,Wire,0,0,7,7,18,7,0,0,-1.0,1,0,/temp/myrobotlab/src/org/myrobotlab/arduino/virtual/Wire.java,3
myrobotlab,org.myrobotlab.arduino.virtual,HardwareSerial,0,0,7,7,19,7,0,0,-1.0,2,0,/temp/myrobotlab/src/org/myrobotlab/arduino/virtual/HardwareSerial.java,3
myrobotlab,org.myrobotlab.arduino.virtual,MrlNeopixel,0,0,6,5,15,6,0,1,-1.0,1,2,/temp/myrobotlab/src/org/myrobotlab/arduino/virtual/MrlNeopixel.java,6
myrobotlab,org.myrobotlab.arduino.virtual,MrlServo,17,16,16,12,150,32,0,1,0.25,2,5,/temp/myrobotlab/src/org/myrobotlab/arduino/virtual/MrlServo.java,11
myrobotlab,org.myrobotlab.arduino.virtual,MrlUltrasonicSensor,2,0,10,4,42,11,0,1,0.4,1,4,/temp/myrobotlab/src/org/myrobotlab/arduino/virtual/MrlUltrasonicSensor.java,6
myrobotlab,org.myrobotlab.arduino.virtual,NewPing,0,0,2,2,7,2,0,0,-1.0,1,1,/temp/myrobotlab/src/org/myrobotlab/arduino/virtual/MrlUltrasonicSensor.java,10
myrobotlab,org.myrobotlab.reflection,Locator,0,0,2,2,75,9,0,0,-1.0,1,0,/temp/myrobotlab/src/org/myrobotlab/reflection/Locator.java,33
myrobotlab,org.myrobotlab.reflection,Reflector,2,1,6,5,141,19,0,0,0.6666666666666666,1,1,/temp/myrobotlab/src/org/myrobotlab/reflection/Reflector.java,14
myrobotlab,org.myrobotlab.opencv,OpenCVFilterPyramidUp,4,1,4,4,24,6,0,1,1.0,0,1,/temp/myrobotlab/src/org/myrobotlab/opencv/OpenCVFilterPyramidUp.java,36
myrobotlab,org.myrobotlab.opencv,OpenCVFilterSmooth,3,1,4,4,17,4,0,1,1.0,0,1,/temp/myrobotlab/src/org/myrobotlab/opencv/OpenCVFilterSmooth.java,35
myrobotlab,org.myrobotlab.opencv,OpenCVFilterMotionTemplate,14,1,5,4,117,19,0,1,0.8,0,1,/temp/myrobotlab/src/org/myrobotlab/opencv/OpenCVFilterMotionTemplate.java,65
myrobotlab,org.myrobotlab.opencv,OpenCVFilterSampleArray,5,1,4,4,26,5,0,1,1.0,0,3,/temp/myrobotlab/src/org/myrobotlab/opencv/OpenCVFilterSampleArray.java,36
myrobotlab,org.myrobotlab.opencv,OpenCVFilterDilate,3,2,4,4,17,4,0,1,1.0,1,1,/temp/myrobotlab/src/org/myrobotlab/opencv/OpenCVFilterDilate.java,34
myrobotlab,org.myrobotlab.opencv,VideoSourceFrameGrabber,3,1,7,7,50,10,0,0,0.8571428571428571,0,2,/temp/myrobotlab/src/org/myrobotlab/opencv/VideoSourceFrameGrabber.java,12
myrobotlab,org.myrobotlab.opencv,OpenCVFilterAverageColor,25,1,8,8,141,28,0,1,0.5,0,1,/temp/myrobotlab/src/org/myrobotlab/opencv/OpenCVFilterAverageColor.java,48
myrobotlab,org.myrobotlab.opencv,OpenCVFilterAnd,3,1,7,7,35,8,0,1,0.5714285714285714,0,3,/temp/myrobotlab/src/org/myrobotlab/opencv/OpenCVFilterAnd.java,43
myrobotlab,org.myrobotlab.opencv,ImageFileFrameGrabber,7,2,6,6,35,8,1,0,0.8333333333333334,0,0,/temp/myrobotlab/src/org/myrobotlab/opencv/ImageFileFrameGrabber.java,14
myrobotlab,org.myrobotlab.opencv,OpenCVFilterGoodFeaturesToTrack,24,11,5,5,118,15,0,1,0.6,2,2,/temp/myrobotlab/src/org/myrobotlab/opencv/OpenCVFilterGoodFeaturesToTrack.java,54
myrobotlab,org.myrobotlab.opencv,OpenCVFilterLKOpticalTrack,23,6,8,8,156,20,0,1,0.375,1,2,/temp/myrobotlab/src/org/myrobotlab/opencv/OpenCVFilterLKOpticalTrack.java,58
myrobotlab,org.myrobotlab.opencv,OpenCVFilterSURF,5,3,7,6,83,13,0,1,0.5714285714285714,1,1,/temp/myrobotlab/src/org/myrobotlab/opencv/OpenCVFilterSURF.java,48
myrobotlab,org.myrobotlab.opencv,Overlay,4,4,1,1,12,1,0,0,0.0,1,0,/temp/myrobotlab/src/org/myrobotlab/opencv/Overlay.java,7
myrobotlab,org.myrobotlab.opencv,OpenCVFilterRepetitiveOr,4,1,4,4,21,5,0,1,1.0,0,1,/temp/myrobotlab/src/org/myrobotlab/opencv/OpenCVFilterRepetitiveOr.java,34
myrobotlab,org.myrobotlab.opencv,OpenCVFilterCopy,2,1,4,4,23,4,0,1,1.0,0,2,/temp/myrobotlab/src/org/myrobotlab/opencv/OpenCVFilterCopy.java,38
myrobotlab,org.myrobotlab.opencv,OpenCVFilterTranspose,4,2,4,4,20,4,0,1,0.75,2,1,/temp/myrobotlab/src/org/myrobotlab/opencv/OpenCVFilterTranspose.java,36
myrobotlab,org.myrobotlab.opencv,OpenCVFilterFloorFinder2,23,4,5,5,129,19,0,1,0.8,0,2,/temp/myrobotlab/src/org/myrobotlab/opencv/OpenCVFilterFloorFinder2.java,71
myrobotlab,org.myrobotlab.opencv,OpenCVFilterFaceDetect,22,14,5,5,0,27,0,1,0.6,2,2,/temp/myrobotlab/src/org/myrobotlab/opencv/OpenCVFilterFaceDetect.java,71
myrobotlab,org.myrobotlab.opencv,VideoProcessor,37,17,22,22,373,72,0,0,0.13636363636363635,3,10,/temp/myrobotlab/src/org/myrobotlab/opencv/VideoProcessor.java,41
myrobotlab,org.myrobotlab.opencv,OpenCVFilterAffine,8,2,13,13,64,13,0,1,0.46153846153846156,2,2,/temp/myrobotlab/src/org/myrobotlab/opencv/OpenCVFilterAffine.java,18
myrobotlab,org.myrobotlab.opencv,OpenCVFilterNot,3,1,4,4,18,4,0,1,1.0,0,1,/temp/myrobotlab/src/org/myrobotlab/opencv/OpenCVFilterNot.java,34
myrobotlab,org.myrobotlab.opencv,OpenCVFilterSimpleBlobDetector,4,2,7,7,74,14,0,1,0.2857142857142857,0,2,/temp/myrobotlab/src/org/myrobotlab/opencv/OpenCVFilterSimpleBlobDetector.java,48
myrobotlab,org.myrobotlab.opencv,OpenCVFilterCanny,7,4,4,4,36,8,0,1,1.0,1,1,/temp/myrobotlab/src/org/myrobotlab/opencv/OpenCVFilterCanny.java,39
myrobotlab,org.myrobotlab.opencv,OpenCVFilterErode,3,2,4,4,17,4,0,1,1.0,1,1,/temp/myrobotlab/src/org/myrobotlab/opencv/OpenCVFilterErode.java,34
myrobotlab,org.myrobotlab.opencv,OpenCVFilterMask,4,2,4,4,26,6,0,1,1.0,0,1,/temp/myrobotlab/src/org/myrobotlab/opencv/OpenCVFilterMask.java,36
myrobotlab,org.myrobotlab.opencv,OpenCVFilterColorTrack,14,1,5,5,53,7,0,1,0.8,0,2,/temp/myrobotlab/src/org/myrobotlab/opencv/OpenCVFilterColorTrack.java,44
myrobotlab,org.myrobotlab.opencv,FilterSobel,0,0,6,6,57,11,0,0,-1.0,0,0,/temp/myrobotlab/src/org/myrobotlab/opencv/FilterSobel.java,34
myrobotlab,org.myrobotlab.opencv,SarxosFrameGrabber,6,3,6,6,49,9,0,0,0.0,0,0,/temp/myrobotlab/src/org/myrobotlab/opencv/SarxosFrameGrabber.java,14
myrobotlab,org.myrobotlab.opencv,OpenCVFilterSetImageROI,3,1,4,4,16,4,0,1,1.0,0,1,/temp/myrobotlab/src/org/myrobotlab/opencv/OpenCVFilterSetImageROI.java,34
myrobotlab,org.myrobotlab.opencv,OpenCVFilterState,3,3,1,1,10,1,0,0,0.0,0,0,/temp/myrobotlab/src/org/myrobotlab/opencv/OpenCVFilterState.java,3
myrobotlab,org.myrobotlab.opencv,OpenCVFilterFauvist,7,1,4,4,39,8,0,1,1.0,0,1,/temp/myrobotlab/src/org/myrobotlab/opencv/OpenCVFilterFauvist.java,38
myrobotlab,org.myrobotlab.opencv,BlockingQueueGrabber,2,1,10,10,37,11,0,0,0.6,1,1,/temp/myrobotlab/src/org/myrobotlab/opencv/BlockingQueueGrabber.java,12
myrobotlab,org.myrobotlab.opencv,OpenCVFilterHsv,14,1,6,6,47,8,0,1,0.6666666666666666,0,1,/temp/myrobotlab/src/org/myrobotlab/opencv/OpenCVFilterHsv.java,50
myrobotlab,org.myrobotlab.opencv,OpenCVFilterPyramidDown,4,1,4,4,19,4,0,1,0.75,2,1,/temp/myrobotlab/src/org/myrobotlab/opencv/OpenCVFilterPyramidDown.java,36
myrobotlab,org.myrobotlab.opencv,VideoSources,1,0,7,7,33,8,0,0,0.0,2,0,/temp/myrobotlab/src/org/myrobotlab/opencv/VideoSources.java,8
myrobotlab,org.myrobotlab.opencv,OpenCVFilterResize,7,1,9,8,41,9,0,1,0.4444444444444444,0,1,/temp/myrobotlab/src/org/myrobotlab/opencv/OpenCVFilterResize.java,38
myrobotlab,org.myrobotlab.opencv,OpenCVFilterAdaptiveThreshold,3,1,4,4,19,4,0,1,0.75,0,1,/temp/myrobotlab/src/org/myrobotlab/opencv/OpenCVFilterAdaptiveThreshold.java,40
myrobotlab,org.myrobotlab.opencv,OpenCVFilterFfmpeg,9,1,9,8,89,12,0,1,0.4444444444444444,0,2,/temp/myrobotlab/src/org/myrobotlab/opencv/OpenCVFilterFfmpeg.java,40
myrobotlab,org.myrobotlab.opencv,FilterColorGrouping,29,7,8,7,222,49,0,0,0.75,0,2,/temp/myrobotlab/src/org/myrobotlab/opencv/FilterColorGrouping.java,70
myrobotlab,org.myrobotlab.opencv,Group,5,5,0,0,7,0,0,0,-1.0,2,0,/temp/myrobotlab/src/org/myrobotlab/opencv/FilterColorGrouping.java,72
myrobotlab,org.myrobotlab.opencv,PointReference,3,1,1,0,9,1,0,0,0.0,1,1,/temp/myrobotlab/src/org/myrobotlab/opencv/FilterColorGrouping.java,81
myrobotlab,org.myrobotlab.opencv,FilterWrapper,3,2,1,1,12,1,0,0,0.0,22,1,/temp/myrobotlab/src/org/myrobotlab/opencv/FilterWrapper.java,5
myrobotlab,org.myrobotlab.opencv,OpenCVFilterAddAlpha,5,2,4,4,32,7,0,1,0.75,0,1,/temp/myrobotlab/src/org/myrobotlab/opencv/OpenCVFilterAddAlpha.java,35
myrobotlab,org.myrobotlab.opencv,OpenCVFilterFloodFill,7,1,4,4,27,5,0,1,1.0,0,1,/temp/myrobotlab/src/org/myrobotlab/opencv/OpenCVFilterFloodFill.java,39
myrobotlab,org.myrobotlab.opencv,OpenCVFilterInput,2,1,4,4,15,4,0,1,1.0,0,1,/temp/myrobotlab/src/org/myrobotlab/opencv/OpenCVFilterInput.java,33
myrobotlab,org.myrobotlab.opencv,OpenCVFilterMatchTemplate,22,5,6,6,92,13,0,1,0.8333333333333334,0,2,/temp/myrobotlab/src/org/myrobotlab/opencv/OpenCVFilterMatchTemplate.java,62
myrobotlab,org.myrobotlab.opencv,OpenCVFilterHoughLines2,11,1,4,4,65,10,0,1,1.0,0,1,/temp/myrobotlab/src/org/myrobotlab/opencv/OpenCVFilterHoughLines2.java,50
myrobotlab,org.myrobotlab.opencv,OpenCVFilterResetImageRoi,4,1,4,4,17,4,0,1,1.0,0,1,/temp/myrobotlab/src/org/myrobotlab/opencv/OpenCVFilterResetImageRoi.java,32
myrobotlab,org.myrobotlab.opencv,OpenCVFilterKinectDepthMask,28,4,4,4,133,15,0,1,1.0,0,3,/temp/myrobotlab/src/org/myrobotlab/opencv/OpenCVFilterKinectDepthMask.java,72
myrobotlab,org.myrobotlab.opencv,OpenCVFilterSplit,4,3,5,5,25,5,0,1,0.8,0,1,/temp/myrobotlab/src/org/myrobotlab/opencv/OpenCVFilterSplit.java,39
myrobotlab,org.myrobotlab.opencv,OpenCVFilterFloorFinder,7,1,7,7,31,7,0,1,0.5714285714285714,0,1,/temp/myrobotlab/src/org/myrobotlab/opencv/OpenCVFilterFloorFinder.java,40
myrobotlab,org.myrobotlab.opencv,MJpegFrameGrabber,4,1,6,6,59,6,0,0,0.0,0,0,/temp/myrobotlab/src/org/myrobotlab/opencv/MJpegFrameGrabber.java,16
myrobotlab,org.myrobotlab.opencv,OpenCVFilterFaceRecognizer,24,3,38,30,401,81,0,1,0.18421052631578946,1,4,/temp/myrobotlab/src/org/myrobotlab/opencv/OpenCVFilterFaceRecognizer.java,50
myrobotlab,org.myrobotlab.opencv,Mode,0,0,0,0,1,0,0,0,-1.0,2,0,/temp/myrobotlab/src/org/myrobotlab/opencv/OpenCVFilterFaceRecognizer.java,129
myrobotlab,org.myrobotlab.opencv,RecognizerType,0,0,0,0,1,0,0,0,-1.0,2,0,/temp/myrobotlab/src/org/myrobotlab/opencv/OpenCVFilterFaceRecognizer.java,133
myrobotlab,org.myrobotlab.opencv,PipelineFrameGrabber,3,1,10,10,44,11,0,0,0.6,0,1,/temp/myrobotlab/src/org/myrobotlab/opencv/PipelineFrameGrabber.java,13
myrobotlab,org.myrobotlab.opencv,SlideShowFrameGrabber,4,2,7,7,47,10,0,1,0.0,0,0,/temp/myrobotlab/src/org/myrobotlab/opencv/SlideShowFrameGrabber.java,8
myrobotlab,org.myrobotlab.opencv,OpenCVFilterCreateHistogram,3,1,4,4,16,4,0,1,1.0,0,1,/temp/myrobotlab/src/org/myrobotlab/opencv/OpenCVFilterCreateHistogram.java,32
myrobotlab,org.myrobotlab.opencv,OpenCVFilterFlip,4,2,4,4,19,4,0,1,0.75,0,1,/temp/myrobotlab/src/org/myrobotlab/opencv/OpenCVFilterFlip.java,35
myrobotlab,org.myrobotlab.opencv,OpenCVFilterGray,3,1,4,4,21,5,0,1,0.75,1,1,/temp/myrobotlab/src/org/myrobotlab/opencv/OpenCVFilterGray.java,37
myrobotlab,org.myrobotlab.opencv,OpenCVFilterFindContours,21,4,5,5,121,19,0,1,0.8,0,2,/temp/myrobotlab/src/org/myrobotlab/opencv/OpenCVFilterFindContours.java,68
myrobotlab,org.myrobotlab.opencv,OpenCVFilterKinectDepth,13,1,6,6,40,7,0,1,1.0,0,2,/temp/myrobotlab/src/org/myrobotlab/opencv/OpenCVFilterKinectDepth.java,39
myrobotlab,org.myrobotlab.opencv,OpenCVFilterThreshold,5,3,4,4,20,4,0,1,1.0,2,1,/temp/myrobotlab/src/org/myrobotlab/opencv/OpenCVFilterThreshold.java,37
myrobotlab,org.myrobotlab.opencv,OpenCVFilterAddMask,5,2,4,4,32,7,0,1,0.75,1,1,/temp/myrobotlab/src/org/myrobotlab/opencv/OpenCVFilterAddMask.java,35
myrobotlab,org.myrobotlab.opencv,OpenCVFilterRepetitiveAnd,4,1,4,4,21,5,0,1,1.0,0,1,/temp/myrobotlab/src/org/myrobotlab/opencv/OpenCVFilterRepetitiveAnd.java,34
myrobotlab,org.myrobotlab.opencv,OpenCVFilterSampleImage,5,1,5,5,35,5,0,1,1.0,0,1,/temp/myrobotlab/src/org/myrobotlab/opencv/OpenCVFilterSampleImage.java,45
myrobotlab,org.myrobotlab.opencv,OpenCVFilterDetector,8,5,7,7,36,7,0,1,0.5714285714285714,1,1,/temp/myrobotlab/src/org/myrobotlab/opencv/OpenCVFilterDetector.java,37
myrobotlab,org.myrobotlab.opencv,OpenCVFilter,14,7,15,15,67,16,54,0,0.4666666666666667,8,4,/temp/myrobotlab/src/org/myrobotlab/opencv/OpenCVFilter.java,39
myrobotlab,org.myrobotlab.opencv,OpenCVFilterMouse,35,13,8,8,0,44,0,1,0.5,0,1,/temp/myrobotlab/src/org/myrobotlab/opencv/OpenCVFilterMouse.java,55
myrobotlab,org.myrobotlab.opencv,Node,3,3,1,1,10,1,0,0,0.0,0,0,/temp/myrobotlab/src/org/myrobotlab/opencv/OpenCVFilterMouse.java,57
myrobotlab,org.myrobotlab.opencv,OpenCVFilterKinectInterleave,11,1,4,4,36,6,0,1,1.0,0,1,/temp/myrobotlab/src/org/myrobotlab/opencv/OpenCVFilterKinectInterleave.java,40
myrobotlab,org.myrobotlab.opencv,OpenCVFilterOutput,3,1,4,4,16,4,0,1,1.0,0,1,/temp/myrobotlab/src/org/myrobotlab/opencv/OpenCVFilterOutput.java,34
myrobotlab,org.myrobotlab.opencv,DetectedFace,5,5,16,16,91,19,0,0,0.125,2,0,/temp/myrobotlab/src/org/myrobotlab/opencv/DetectedFace.java,10
myrobotlab,org.myrobotlab.opencv,OpenCVFilterFaceDetect2,16,1,26,19,240,46,0,1,0.19230769230769232,1,3,/temp/myrobotlab/src/org/myrobotlab/opencv/OpenCVFilterFaceDetect2.java,50
myrobotlab,org.myrobotlab.opencv,Mode,0,0,0,0,1,0,0,0,-1.0,0,0,/temp/myrobotlab/src/org/myrobotlab/opencv/OpenCVFilterFaceDetect2.java,112
myrobotlab,org.myrobotlab.opencv,RecognizerType,0,0,0,0,1,0,0,0,-1.0,0,0,/temp/myrobotlab/src/org/myrobotlab/opencv/OpenCVFilterFaceDetect2.java,116
myrobotlab,org.myrobotlab.opencv,OpenCVData,18,10,53,52,332,67,0,0,0.09433962264150944,59,4,/temp/myrobotlab/src/org/myrobotlab/opencv/OpenCVData.java,30
myrobotlab,org.myrobotlab.opencv,OpenCVFilterInRange,32,13,5,5,0,21,0,1,0.8,1,2,/temp/myrobotlab/src/org/myrobotlab/opencv/OpenCVFilterInRange.java,47
myrobotlab,org.myrobotlab.security,BasicSecurity,1,0,5,5,24,7,0,0,0.8,0,0,/temp/myrobotlab/src/org/myrobotlab/security/BasicSecurity.java,5
myrobotlab,org.myrobotlab.pickToLight,ModuleRequest,2,2,0,0,4,0,0,0,-1.0,2,0,/temp/myrobotlab/src/org/myrobotlab/pickToLight/ModuleRequest.java,3
myrobotlab,org.myrobotlab.pickToLight,PickEvent,3,3,1,1,10,1,0,0,0.0,0,1,/temp/myrobotlab/src/org/myrobotlab/pickToLight/PickEvent.java,3
myrobotlab,org.myrobotlab.pickToLight,SOAPResponse,1,0,4,4,14,4,0,0,0.5,1,0,/temp/myrobotlab/src/org/myrobotlab/pickToLight/SOAPResponse.java,3
myrobotlab,org.myrobotlab.pickToLight,Controller,5,0,11,11,39,11,0,0,0.5454545454545454,2,0,/temp/myrobotlab/src/org/myrobotlab/pickToLight/Controller.java,5
myrobotlab,org.myrobotlab.pickToLight,KitRequest,3,3,0,0,5,0,0,0,-1.0,1,1,/temp/myrobotlab/src/org/myrobotlab/pickToLight/KitRequest.java,3
myrobotlab,org.myrobotlab.pickToLight,ModuleList,1,1,0,0,3,0,0,0,-1.0,1,0,/temp/myrobotlab/src/org/myrobotlab/pickToLight/ModuleList.java,5
myrobotlab,org.myrobotlab.pickToLight,Module,22,10,21,21,269,40,0,0,0.0,0,6,/temp/myrobotlab/src/org/myrobotlab/pickToLight/Module.java,31
myrobotlab,org.myrobotlab.pickToLight,BlinkThread,5,5,1,1,29,6,0,0,0.0,1,1,/temp/myrobotlab/src/org/myrobotlab/pickToLight/Module.java,33
myrobotlab,org.myrobotlab.pickToLight,CycleThread,3,1,2,2,23,4,0,0,0.0,1,0,/temp/myrobotlab/src/org/myrobotlab/pickToLight/Module.java,70
myrobotlab,org.myrobotlab.pickToLight,Address2,3,0,6,6,46,6,0,0,0.5,1,0,/temp/myrobotlab/src/org/myrobotlab/pickToLight/Address2.java,10
myrobotlab,org.myrobotlab.roomba,Note,2,2,3,2,17,3,0,0,0.0,2,0,/temp/myrobotlab/src/org/myrobotlab/roomba/Note.java,3
myrobotlab,org.myrobotlab.roomba,RTTTLParser,1,1,3,3,95,15,0,0,0.0,1,0,/temp/myrobotlab/src/org/myrobotlab/roomba/RTTTLParser.java,8
myrobotlab,org.myrobotlab.roomba,RoombaCommPort,13,3,27,25,206,39,0,3,0.2962962962962963,2,2,/temp/myrobotlab/src/org/myrobotlab/roomba/RoombaCommPort.java,13
myrobotlab,org.myrobotlab.roomba,RoombaComm,105,97,119,119,0,185,1,0,0.07563025210084033,2,1,/temp/myrobotlab/src/org/myrobotlab/roomba/RoombaComm.java,28
myrobotlab,org.myrobotlab.roomba,RTTTLPlay,4,0,1,1,66,14,0,0,0.0,0,3,/temp/myrobotlab/src/org/myrobotlab/roomba/RTTTLPlay.java,44
myrobotlab,org.myrobotlab.openni,OpenNiData,9,9,0,0,11,0,0,0,-1.0,6,2,/temp/myrobotlab/src/org/myrobotlab/openni/OpenNiData.java,5
myrobotlab,org.myrobotlab.openni,Points3DPanel,8,0,9,2,144,9,0,0,0.2222222222222222,0,1,/temp/myrobotlab/src/org/myrobotlab/openni/Points3DPanel.java,56
myrobotlab,org.myrobotlab.openni,PImage,50,12,47,34,906,178,0,1,0.0,3,0,/temp/myrobotlab/src/org/myrobotlab/openni/PImage.java,38
myrobotlab,org.myrobotlab.openni,PVector,16,4,53,53,495,71,0,0,0.11320754716981132,6,0,/temp/myrobotlab/src/org/myrobotlab/openni/PVector.java,29
myrobotlab,org.myrobotlab.openni,PMatrix3D,17,16,58,46,468,73,0,0,0.05172413793103448,1,2,/temp/myrobotlab/src/org/myrobotlab/openni/PMatrix3D.java,25
myrobotlab,org.myrobotlab.openni,CheckerFloor,6,0,6,2,72,11,0,0,0.0,0,0,/temp/myrobotlab/src/org/myrobotlab/openni/CheckerFloor.java,27
myrobotlab,org.myrobotlab.openni,Skeleton,19,18,0,0,21,0,0,0,-1.0,4,1,/temp/myrobotlab/src/org/myrobotlab/openni/Skeleton.java,5
myrobotlab,org.myrobotlab.openni,PointsShape,22,1,7,3,137,11,0,0,0.0,1,2,/temp/myrobotlab/src/org/myrobotlab/openni/PointsShape.java,57
myrobotlab,org.myrobotlab.openni,ColouredTiles,1,0,3,1,25,4,0,0,0.0,0,0,/temp/myrobotlab/src/org/myrobotlab/openni/ColouredTiles.java,24
myrobotlab,org.myrobotlab.openni,PConstants,195,77,0,0,308,0,1,0,-1.0,1,0,/temp/myrobotlab/src/org/myrobotlab/openni/PConstants.java,29
myrobotlab,org.myrobotlab.logging,LoggingSLF4J,0,0,10,10,115,23,0,1,-1.0,0,2,/temp/myrobotlab/src/org/myrobotlab/logging/LoggingSLF4J.java,17
myrobotlab,org.myrobotlab.logging,Level,5,5,0,0,7,0,0,0,-1.0,148,0,/temp/myrobotlab/src/org/myrobotlab/logging/Level.java,3
myrobotlab,org.myrobotlab.logging,Appender,6,6,0,0,8,0,0,0,-1.0,5,0,/temp/myrobotlab/src/org/myrobotlab/logging/Appender.java,3
myrobotlab,org.myrobotlab.logging,LoggerFactory,0,0,3,3,19,5,0,0,-1.0,0,1,/temp/myrobotlab/src/org/myrobotlab/logging/LoggerFactory.java,7
myrobotlab,org.myrobotlab.logging,LoggingFactory,0,0,4,4,31,5,0,0,-1.0,173,2,/temp/myrobotlab/src/org/myrobotlab/logging/LoggingFactory.java,5
myrobotlab,org.myrobotlab.logging,Logging,3,3,15,15,51,17,1,0,0.7333333333333333,187,0,/temp/myrobotlab/src/org/myrobotlab/logging/Logging.java,8
myrobotlab,org.myrobotlab.math,Mapper,9,1,20,20,108,27,0,0,0.0,10,0,/temp/myrobotlab/src/org/myrobotlab/math/Mapper.java,9
myrobotlab,org.myrobotlab.math,MathUtils,0,0,5,5,31,5,0,0,-1.0,6,0,/temp/myrobotlab/src/org/myrobotlab/math/MathUtils.java,3
myrobotlab,org.myrobotlab.math,MapperTest,0,0,11,11,55,11,0,0,-1.0,0,1,/temp/myrobotlab/test/org/myrobotlab/math/MapperTest.java,9
myrobotlab,org.myrobotlab.net,HttpRequest,7,1,45,37,560,67,0,0,0.17777777777777778,3,3,/temp/myrobotlab/src/org/myrobotlab/net/HttpRequest.java,28
myrobotlab,org.myrobotlab.net,Email,5,3,13,13,104,15,0,0,0.0,1,3,/temp/myrobotlab/src/org/myrobotlab/net/Email.java,27
myrobotlab,org.myrobotlab.net,Heartbeat,4,4,0,0,6,0,0,0,-1.0,1,0,/temp/myrobotlab/src/org/myrobotlab/net/Heartbeat.java,5
myrobotlab,org.myrobotlab.net,BareBonesBrowserLaunch,2,0,1,1,27,6,0,0,0.0,6,1,/temp/myrobotlab/src/org/myrobotlab/net/BareBonesBrowserLaunch.java,22
myrobotlab,org.myrobotlab.net,InstallCert,3,0,6,4,122,12,0,0,0.5,0,1,/temp/myrobotlab/src/org/myrobotlab/net/InstallCert.java,61
myrobotlab,org.myrobotlab.net,SavingTrustManager,2,0,4,3,17,4,0,0,0.5,1,0,/temp/myrobotlab/src/org/myrobotlab/net/InstallCert.java,63
myrobotlab,org.myrobotlab.net,Ping,1,0,0,0,3,0,0,0,-1.0,0,1,/temp/myrobotlab/src/org/myrobotlab/net/Ping.java,5
myrobotlab,org.myrobotlab.net,UdpServer,6,1,5,5,91,12,0,0,0.0,1,6,/temp/myrobotlab/src/org/myrobotlab/net/UdpServer.java,20
myrobotlab,org.myrobotlab.net,MjpegServer,9,3,7,6,129,17,0,1,0.2857142857142857,1,7,/temp/myrobotlab/src/org/myrobotlab/net/MjpegServer.java,22
myrobotlab,org.myrobotlab.net,Connection,3,0,2,2,17,2,0,0,0.0,9,0,/temp/myrobotlab/src/org/myrobotlab/net/MjpegServer.java,34
myrobotlab,org.myrobotlab.net,VideoWebClient,3,0,2,1,43,5,0,0,0.0,1,3,/temp/myrobotlab/src/org/myrobotlab/net/MjpegServer.java,53
myrobotlab,org.myrobotlab.net,TcpThread,10,3,5,5,178,24,0,0,0.0,1,10,/temp/myrobotlab/src/org/myrobotlab/net/TcpThread.java,24
myrobotlab,org.myrobotlab.net,Scanner,3,1,3,3,92,13,0,0,0.0,0,3,/temp/myrobotlab/src/org/myrobotlab/net/Scanner.java,19
myrobotlab,org.myrobotlab.net,CommunicationManager,4,1,9,9,79,15,0,0,0.3333333333333333,0,7,/temp/myrobotlab/src/org/myrobotlab/net/CommunicationManager.java,19
myrobotlab,org.myrobotlab.net,HttpPost,6,0,17,6,157,26,0,0,0.11764705882352941,1,0,/temp/myrobotlab/src/org/myrobotlab/net/HttpPost.java,20
myrobotlab,org.myrobotlab.net,Connection,24,21,3,3,41,3,0,0,0.6666666666666666,0,1,/temp/myrobotlab/src/org/myrobotlab/net/Connection.java,9
myrobotlab,org.myrobotlab.net,NanoHTTPD,24,17,18,14,0,80,1,0,0.1111111111111111,0,1,/temp/myrobotlab/src/org/myrobotlab/net/NanoHTTPD.java,52
myrobotlab,org.myrobotlab.net,HTTPSession,1,0,6,2,0,34,0,0,0.0,0,1,/temp/myrobotlab/src/org/myrobotlab/net/NanoHTTPD.java,100
myrobotlab,org.myrobotlab.net,Response,4,4,4,4,49,4,0,0,0.5,3,0,/temp/myrobotlab/src/org/myrobotlab/net/NanoHTTPD.java,323
myrobotlab,org.myrobotlab.net,Http,1,1,2,2,45,5,0,0,0.0,2,1,/temp/myrobotlab/src/org/myrobotlab/net/Http.java,12
myrobotlab,org.myrobotlab.net,TcpServer,9,1,8,8,97,16,0,0,0.0,1,4,/temp/myrobotlab/src/org/myrobotlab/net/TcpServer.java,17
myrobotlab,org.myrobotlab.serial,Port,16,1,16,16,126,23,4,1,0.375,2,2,/temp/myrobotlab/src/org/myrobotlab/serial/Port.java,13
myrobotlab,org.myrobotlab.serial,SerialControl,0,0,1,1,3,1,4,0,-1.0,1,0,/temp/myrobotlab/src/org/myrobotlab/serial/SerialControl.java,5
myrobotlab,org.myrobotlab.serial,PortJSSC,6,4,21,21,157,31,0,2,0.47619047619047616,0,1,/temp/myrobotlab/src/org/myrobotlab/serial/PortJSSC.java,18
myrobotlab,org.myrobotlab.serial,PortQueue,3,1,9,9,40,10,0,2,0.5555555555555556,2,0,/temp/myrobotlab/src/org/myrobotlab/serial/PortQueue.java,11
myrobotlab,org.myrobotlab.serial,PortStream,3,1,14,14,56,15,0,2,0.35714285714285715,1,0,/temp/myrobotlab/src/org/myrobotlab/serial/PortStream.java,12
myrobotlab,org.myrobotlab.serial,PortRXTX,5,1,32,32,186,40,0,2,0.09375,0,1,/temp/myrobotlab/src/org/myrobotlab/serial/PortRXTX.java,22
myrobotlab,org.myrobotlab.maryspeech.exceptions,MaryConfigurationException,0,0,2,2,21,2,0,0,-1.0,0,0,/temp/myrobotlab/src/org/myrobotlab/maryspeech/exceptions/MaryConfigurationException.java,22
myrobotlab,org.myrobotlab.maryspeech.tools.install,MaryInstaller,4,0,21,12,323,71,0,0,0.23809523809523808,1,7,/temp/myrobotlab/src/org/myrobotlab/maryspeech/tools/install/MaryInstaller.java,43
myrobotlab,org.myrobotlab.maryspeech.tools.install,InstallFileParser,3,0,3,3,48,6,0,0,0.0,1,0,/temp/myrobotlab/src/org/myrobotlab/maryspeech/tools/install/InstallFileParser.java,37
myrobotlab,org.myrobotlab.maryspeech.tools.install,ComponentDescription,19,1,52,43,684,123,2,0,0.0,4,5,/temp/myrobotlab/src/org/myrobotlab/maryspeech/tools/install/ComponentDescription.java,61
myrobotlab,org.myrobotlab.maryspeech.tools.install,Status,0,0,0,0,1,0,0,0,-1.0,5,0,/temp/myrobotlab/src/org/myrobotlab/maryspeech/tools/install/ComponentDescription.java,66
myrobotlab,org.myrobotlab.maryspeech.tools.install,Downloader,0,0,3,1,128,20,0,0,-1.0,1,1,/temp/myrobotlab/src/org/myrobotlab/maryspeech/tools/install/ComponentDescription.java,653
myrobotlab,org.myrobotlab.maryspeech.tools.install,Installer,0,0,1,1,71,9,0,0,-1.0,1,2,/temp/myrobotlab/src/org/myrobotlab/maryspeech/tools/install/ComponentDescription.java,811
myrobotlab,org.myrobotlab.maryspeech.tools.install,LanguageComponentDescription,0,0,3,3,19,3,0,1,-1.0,1,0,/temp/myrobotlab/src/org/myrobotlab/maryspeech/tools/install/LanguageComponentDescription.java,27
myrobotlab,org.myrobotlab.maryspeech.tools.install,ProgressWorker,3,0,5,3,117,24,0,0,0.0,1,2,/temp/myrobotlab/src/org/myrobotlab/maryspeech/tools/install/ProgressWorker.java,35
myrobotlab,org.myrobotlab.maryspeech.tools.install,VoiceComponentDescription,4,0,13,13,75,14,0,1,0.15384615384615385,1,1,/temp/myrobotlab/src/org/myrobotlab/maryspeech/tools/install/VoiceComponentDescription.java,31
myrobotlab,org.myrobotlab.maryspeech.tools.install,LicenseRegistry,1,0,4,1,99,12,0,0,0.0,1,0,/temp/myrobotlab/src/org/myrobotlab/maryspeech/tools/install/LicenseRegistry.java,40
myrobotlab,org.myrobotlab.maryspeech.util.dom,NameNodeFilter,1,0,2,2,21,7,0,0,0.0,1,0,/temp/myrobotlab/src/org/myrobotlab/maryspeech/util/dom/NameNodeFilter.java,25
myrobotlab,org.myrobotlab.maryspeech.util.dom,DomUtils,3,0,51,49,754,141,0,0,0.6666666666666666,1,2,/temp/myrobotlab/src/org/myrobotlab/maryspeech/util/dom/DomUtils.java,68
myrobotlab,org.myrobotlab.maryspeech.util.dom,MaryNormalisedWriter,4,0,7,6,90,11,0,0,0.0,1,2,/temp/myrobotlab/src/org/myrobotlab/maryspeech/util/dom/MaryNormalisedWriter.java,48
myrobotlab,org.myrobotlab.maryspeech.util.dom,MaryEntityResolver,0,0,1,1,20,4,0,0,-1.0,0,0,/temp/myrobotlab/src/org/myrobotlab/maryspeech/util/dom/MaryEntityResolver.java,27
myrobotlab,org.myrobotlab.maryspeech.util.string,StringUtils,0,0,62,62,586,167,0,0,-1.0,1,0,/temp/myrobotlab/src/org/myrobotlab/maryspeech/util/string/StringUtils.java,38
myrobotlab,org.myrobotlab.maryspeech.util.io,ReaderSplitter,3,0,2,2,32,5,0,0,0.0,1,0,/temp/myrobotlab/src/org/myrobotlab/maryspeech/util/io/ReaderSplitter.java,28
myrobotlab,org.myrobotlab.maryspeech.util.io,FileFilter,1,0,2,2,14,4,0,0,0.0,1,0,/temp/myrobotlab/src/org/myrobotlab/maryspeech/util/io/FileFilter.java,35
myrobotlab,org.myrobotlab.maryspeech.util.io,FileUtils,0,0,51,49,550,124,0,0,-1.0,0,3,/temp/myrobotlab/src/org/myrobotlab/maryspeech/util/io/FileUtils.java,59
myrobotlab,org.myrobotlab.maryspeech.util,MaryUtils,6,1,39,38,551,95,0,0,0.6153846153846154,3,0,/temp/myrobotlab/src/org/myrobotlab/maryspeech/util/MaryUtils.java,42
myrobotlab,org.myrobotlab.maryspeech,Version,2,0,2,2,48,2,0,0,1.0,0,0,/temp/myrobotlab/src/org/myrobotlab/maryspeech/Version.java,27
myrobotlab,org.myrobotlab.runtime,ProcParser,20,19,13,11,265,39,0,0,0.0,0,3,/temp/myrobotlab/src/org/myrobotlab/runtime/ProcParser.java,18
myrobotlab,org.myrobotlab.chess,Search,9,1,14,9,171,55,0,0,0.0,2,4,/temp/myrobotlab/src/org/myrobotlab/chess/Search.java,18
myrobotlab,org.myrobotlab.chess,StopSearchingException,1,0,0,0,5,0,0,0,-1.0,1,0,/temp/myrobotlab/src/org/myrobotlab/chess/StopSearchingException.java,11
myrobotlab,org.myrobotlab.chess,Constants,25,0,0,0,27,0,4,0,-1.0,0,0,/temp/myrobotlab/src/org/myrobotlab/chess/Constants.java,11
myrobotlab,org.myrobotlab.chess,Board,42,3,26,12,0,189,0,1,0.07692307692307693,3,2,/temp/myrobotlab/src/org/myrobotlab/chess/Board.java,17
myrobotlab,org.myrobotlab.chess,HMove,4,2,7,5,0,12,0,1,0.2857142857142857,8,0,/temp/myrobotlab/src/org/myrobotlab/chess/HMove.java,9
myrobotlab,org.myrobotlab.chess,HistoryData,7,0,0,0,9,0,0,0,-1.0,1,1,/temp/myrobotlab/src/org/myrobotlab/chess/HistoryData.java,11
myrobotlab,org.myrobotlab.chess,ChessApp,11,1,18,14,255,51,0,1,0.1111111111111111,1,4,/temp/myrobotlab/src/org/myrobotlab/chess/ChessApp.java,37
myrobotlab,org.myrobotlab.chess,Thinker,0,0,1,1,26,4,0,0,-1.0,1,1,/temp/myrobotlab/src/org/myrobotlab/chess/ChessApp.java,38
myrobotlab,org.myrobotlab.headtracking,OculusHeadTracking,8,2,10,10,73,12,0,0,0.0,1,2,/temp/myrobotlab/src/org/myrobotlab/headtracking/OculusHeadTracking.java,16
myrobotlab,org.myrobotlab.document.transformer,CastValuesToInt,2,0,4,4,40,9,0,1,0.75,0,2,/temp/myrobotlab/src/org/myrobotlab/document/transformer/CastValuesToInt.java,8
myrobotlab,org.myrobotlab.document.transformer,CastValuesToDouble,3,1,4,4,39,8,0,1,0.75,0,2,/temp/myrobotlab/src/org/myrobotlab/document/transformer/CastValuesToDouble.java,10
myrobotlab,org.myrobotlab.document.transformer,MultiplyValues,3,1,5,4,54,13,0,1,0.6,0,2,/temp/myrobotlab/src/org/myrobotlab/document/transformer/MultiplyValues.java,10
myrobotlab,org.myrobotlab.document.transformer,ParseDate,5,1,4,4,58,13,0,1,0.75,0,2,/temp/myrobotlab/src/org/myrobotlab/document/transformer/ParseDate.java,13
myrobotlab,org.myrobotlab.document.transformer,RenameField,2,0,4,4,31,8,0,1,0.75,0,2,/temp/myrobotlab/src/org/myrobotlab/document/transformer/RenameField.java,7
myrobotlab,org.myrobotlab.document.transformer,StageConfiguration,2,0,8,8,41,10,0,1,0.5,36,0,/temp/myrobotlab/src/org/myrobotlab/document/transformer/StageConfiguration.java,5
myrobotlab,org.myrobotlab.document.transformer,TruncateFieldValues,3,0,10,10,56,16,0,1,0.3,0,2,/temp/myrobotlab/src/org/myrobotlab/document/transformer/TruncateFieldValues.java,7
myrobotlab,org.myrobotlab.document.transformer,AbstractStage,1,0,4,4,7,4,29,0,1.0,7,2,/temp/myrobotlab/src/org/myrobotlab/document/transformer/AbstractStage.java,6
myrobotlab,org.myrobotlab.document.transformer,SendToSolr,9,1,4,4,92,11,0,1,0.0,0,2,/temp/myrobotlab/src/org/myrobotlab/document/transformer/SendToSolr.java,16
myrobotlab,org.myrobotlab.document.transformer,Configuration,1,0,16,16,104,26,3,0,0.125,1,0,/temp/myrobotlab/src/org/myrobotlab/document/transformer/Configuration.java,10
myrobotlab,org.myrobotlab.document.transformer,DeleteField,1,0,6,6,22,7,0,1,0.5,0,2,/temp/myrobotlab/src/org/myrobotlab/document/transformer/DeleteField.java,7
myrobotlab,org.myrobotlab.document.transformer,ConfigUtils,0,0,2,2,13,2,0,0,-1.0,0,3,/temp/myrobotlab/src/org/myrobotlab/document/transformer/ConfigUtils.java,6
myrobotlab,org.myrobotlab.document.transformer,ConnectorConfig,2,0,4,4,18,4,0,1,0.5,7,0,/temp/myrobotlab/src/org/myrobotlab/document/transformer/ConnectorConfig.java,6
myrobotlab,org.myrobotlab.document.transformer,DropDocument,2,0,4,4,29,8,0,1,0.75,0,3,/temp/myrobotlab/src/org/myrobotlab/document/transformer/DropDocument.java,8
myrobotlab,org.myrobotlab.document.transformer,JSoupExtractor,3,0,10,10,48,13,0,1,0.3,1,2,/temp/myrobotlab/src/org/myrobotlab/document/transformer/JSoupExtractor.java,10
myrobotlab,org.myrobotlab.document.transformer,NormalizeFieldNames,0,0,5,4,27,6,0,1,-1.0,0,2,/temp/myrobotlab/src/org/myrobotlab/document/transformer/NormalizeFieldNames.java,8
myrobotlab,org.myrobotlab.document.transformer,RegexExtractor,5,0,10,10,77,19,0,1,0.3,0,2,/temp/myrobotlab/src/org/myrobotlab/document/transformer/RegexExtractor.java,10
myrobotlab,org.myrobotlab.document.transformer,LowercaseFieldNames,0,0,4,4,19,5,0,1,-1.0,0,2,/temp/myrobotlab/src/org/myrobotlab/document/transformer/LowercaseFieldNames.java,7
myrobotlab,org.myrobotlab.document.transformer,DictionaryLookup,6,1,4,4,66,16,0,1,0.75,0,4,/temp/myrobotlab/src/org/myrobotlab/document/transformer/DictionaryLookup.java,13
myrobotlab,org.myrobotlab.document.transformer,UniqueFieldValues,1,0,6,6,31,8,0,1,0.5,0,2,/temp/myrobotlab/src/org/myrobotlab/document/transformer/UniqueFieldValues.java,8
myrobotlab,org.myrobotlab.document.transformer,SumValues,3,1,5,4,54,13,0,1,0.6,0,2,/temp/myrobotlab/src/org/myrobotlab/document/transformer/SumValues.java,10
myrobotlab,org.myrobotlab.document.transformer,DivideValues,4,1,5,4,63,14,0,1,0.6,0,2,/temp/myrobotlab/src/org/myrobotlab/document/transformer/DivideValues.java,10
myrobotlab,org.myrobotlab.document.transformer,OpenNLP,13,1,19,16,216,45,0,1,0.15789473684210525,1,2,/temp/myrobotlab/src/org/myrobotlab/document/transformer/OpenNLP.java,25
myrobotlab,org.myrobotlab.document.transformer,SetStaticFieldValue,3,0,8,8,43,11,0,1,0.375,1,2,/temp/myrobotlab/src/org/myrobotlab/document/transformer/SetStaticFieldValue.java,7
myrobotlab,org.myrobotlab.document.transformer,JoinFieldValues,3,0,4,4,27,6,0,1,0.75,0,2,/temp/myrobotlab/src/org/myrobotlab/document/transformer/JoinFieldValues.java,8
myrobotlab,org.myrobotlab.document.transformer,FetchURI,2,0,9,8,53,11,0,1,0.3333333333333333,0,2,/temp/myrobotlab/src/org/myrobotlab/document/transformer/FetchURI.java,14
myrobotlab,org.myrobotlab.document.transformer,RenameFields,1,0,4,4,29,8,0,1,0.75,0,2,/temp/myrobotlab/src/org/myrobotlab/document/transformer/RenameFields.java,8
myrobotlab,org.myrobotlab.document.transformer,ZipFieldValues,3,0,4,4,32,7,0,1,0.75,0,2,/temp/myrobotlab/src/org/myrobotlab/document/transformer/ZipFieldValues.java,7
myrobotlab,org.myrobotlab.document.transformer,FormatDate,5,1,4,4,42,10,0,1,0.75,0,2,/temp/myrobotlab/src/org/myrobotlab/document/transformer/FormatDate.java,12
myrobotlab,org.myrobotlab.document.transformer,MathValues,5,1,5,4,71,14,0,1,0.6,1,2,/temp/myrobotlab/src/org/myrobotlab/document/transformer/MathValues.java,14
myrobotlab,org.myrobotlab.document.transformer,NounPhraseExtractor,13,1,19,16,216,45,0,1,0.15789473684210525,0,2,/temp/myrobotlab/src/org/myrobotlab/document/transformer/NounPhraseExtractor.java,25
myrobotlab,org.myrobotlab.document.transformer,DictionaryLoader,3,1,3,2,44,9,0,0,0.6666666666666666,1,0,/temp/myrobotlab/src/org/myrobotlab/document/transformer/DictionaryLoader.java,15
myrobotlab,org.myrobotlab.document.transformer,CopyField,2,0,4,4,24,7,0,1,0.75,0,2,/temp/myrobotlab/src/org/myrobotlab/document/transformer/CopyField.java,7
myrobotlab,org.myrobotlab.document.transformer,TextExtractor,2,0,5,4,72,11,0,1,0.6,0,2,/temp/myrobotlab/src/org/myrobotlab/document/transformer/TextExtractor.java,20
myrobotlab,org.myrobotlab.document.transformer,WorkflowConfiguration,4,0,10,10,38,10,0,1,0.4,6,1,/temp/myrobotlab/src/org/myrobotlab/document/transformer/WorkflowConfiguration.java,8
myrobotlab,org.myrobotlab.document.transformer,XPathExtractor,9,0,12,10,139,22,0,1,0.25,1,2,/temp/myrobotlab/src/org/myrobotlab/document/transformer/XPathExtractor.java,29
myrobotlab,org.myrobotlab.document.transformer,AbstractStageTest,0,0,4,4,11,4,5,0,-1.0,0,2,/temp/myrobotlab/test/org/myrobotlab/document/transformer/AbstractStageTest.java,7
myrobotlab,org.myrobotlab.document.transformer,JSoupExtractorText,0,0,3,3,15,3,0,1,-1.0,0,3,/temp/myrobotlab/test/org/myrobotlab/document/transformer/JSoupExtractorText.java,5
myrobotlab,org.myrobotlab.document.transformer,MathValuesTest,0,0,3,3,24,3,0,1,-1.0,0,4,/temp/myrobotlab/test/org/myrobotlab/document/transformer/MathValuesTest.java,9
myrobotlab,org.myrobotlab.document.transformer,SetStaticFieldValueTest,0,0,3,3,16,3,0,1,-1.0,0,3,/temp/myrobotlab/test/org/myrobotlab/document/transformer/SetStaticFieldValueTest.java,6
myrobotlab,org.myrobotlab.document.transformer,OpenNLPTest,0,0,3,3,23,3,0,1,-1.0,0,4,/temp/myrobotlab/test/org/myrobotlab/document/transformer/OpenNLPTest.java,9
myrobotlab,org.myrobotlab.document.transformer,XPathExtractorTest,0,0,3,3,19,3,0,1,-1.0,0,3,/temp/myrobotlab/test/org/myrobotlab/document/transformer/XPathExtractorTest.java,6
myrobotlab,org.myrobotlab.document.xml,MRLChunkingXMLHandler,9,1,21,20,97,26,0,0,0.42857142857142855,1,3,/temp/myrobotlab/src/org/myrobotlab/document/xml/MRLChunkingXMLHandler.java,18
myrobotlab,org.myrobotlab.document.xml,RecordingInputStream,1,0,10,7,53,14,0,0,0.2,2,0,/temp/myrobotlab/src/org/myrobotlab/document/xml/RecordingInputStream.java,10
myrobotlab,org.myrobotlab.document,Document,3,0,16,16,103,30,0,0,0.0,51,1,/temp/myrobotlab/src/org/myrobotlab/document/Document.java,7
myrobotlab,org.myrobotlab.document,ProcessingStatus,0,0,0,0,1,0,0,0,-1.0,7,0,/temp/myrobotlab/src/org/myrobotlab/document/ProcessingStatus.java,3
myrobotlab,org.myrobotlab.document.connector,ConnectorState,0,0,0,0,1,0,0,0,-1.0,8,0,/temp/myrobotlab/src/org/myrobotlab/document/connector/ConnectorState.java,3
myrobotlab,org.myrobotlab.document.connector,AbstractConnector,5,0,15,15,75,18,6,2,0.4666666666666667,3,4,/temp/myrobotlab/src/org/myrobotlab/document/connector/AbstractConnector.java,14
myrobotlab,org.myrobotlab.document.connector,WikipediaIndexer,0,0,1,1,34,1,0,0,-1.0,0,5,/temp/myrobotlab/test/org/myrobotlab/document/connector/WikipediaIndexer.java,9
myrobotlab,org.myrobotlab.document.workflow,WorkflowMessage,3,0,6,6,23,6,0,0,0.5,2,1,/temp/myrobotlab/src/org/myrobotlab/document/workflow/WorkflowMessage.java,5
myrobotlab,org.myrobotlab.document.workflow,WorkflowServer,2,0,6,5,34,7,0,0,0.3333333333333333,1,3,/temp/myrobotlab/src/org/myrobotlab/document/workflow/WorkflowServer.java,7
myrobotlab,org.myrobotlab.document.workflow,Workflow,7,1,7,6,85,14,0,0,0.0,1,3,/temp/myrobotlab/src/org/myrobotlab/document/workflow/Workflow.java,10
myrobotlab,org.myrobotlab.document.workflow,WorkflowWorker,4,1,6,5,79,14,0,0,0.0,1,4,/temp/myrobotlab/src/org/myrobotlab/document/workflow/WorkflowWorker.java,15
myrobotlab,org.myrobotlab.oculus.lwjgl.shaders,StaticShader,5,0,6,4,42,6,0,1,0.5,2,2,/temp/myrobotlab/src/org/myrobotlab/oculus/lwjgl/shaders/StaticShader.java,12
myrobotlab,org.myrobotlab.oculus.lwjgl.shaders,ShaderProgram,4,0,13,4,95,17,1,0,0.38461538461538464,0,0,/temp/myrobotlab/src/org/myrobotlab/oculus/lwjgl/shaders/ShaderProgram.java,14
myrobotlab,org.myrobotlab.oculus.lwjgl.renderengine,Renderer,4,0,4,3,53,4,0,0,0.75,1,5,/temp/myrobotlab/src/org/myrobotlab/oculus/lwjgl/renderengine/Renderer.java,16
myrobotlab,org.myrobotlab.oculus.lwjgl.renderengine,Loader,3,0,10,4,115,13,0,0,0.0,1,0,/temp/myrobotlab/src/org/myrobotlab/oculus/lwjgl/renderengine/Loader.java,24
myrobotlab,org.myrobotlab.oculus.lwjgl.entities,Camera,5,1,10,10,54,16,0,0,0.5,3,0,/temp/myrobotlab/src/org/myrobotlab/oculus/lwjgl/entities/Camera.java,8
myrobotlab,org.myrobotlab.oculus.lwjgl.entities,Entity,6,0,15,15,61,15,0,0,0.0,2,1,/temp/myrobotlab/src/org/myrobotlab/oculus/lwjgl/entities/Entity.java,6
myrobotlab,org.myrobotlab.oculus.lwjgl.textures,ModelTexture,1,0,2,2,13,2,0,0,0.0,2,0,/temp/myrobotlab/src/org/myrobotlab/oculus/lwjgl/textures/ModelTexture.java,3
myrobotlab,org.myrobotlab.oculus.lwjgl,DisplayManager,1,0,4,4,29,4,0,0,0.75,0,0,/temp/myrobotlab/src/org/myrobotlab/oculus/lwjgl/DisplayManager.java,10
myrobotlab,org.myrobotlab.oculus.lwjgl,Maths,0,0,2,2,23,2,0,0,-1.0,2,1,/temp/myrobotlab/src/org/myrobotlab/oculus/lwjgl/Maths.java,7
myrobotlab,org.myrobotlab.oculus.lwjgl.models,RawModel,2,0,5,5,25,5,0,0,0.0,3,0,/temp/myrobotlab/src/org/myrobotlab/oculus/lwjgl/models/RawModel.java,3
myrobotlab,org.myrobotlab.oculus.lwjgl.models,TexturedModel,2,0,5,5,24,5,0,0,0.0,3,2,/temp/myrobotlab/src/org/myrobotlab/oculus/lwjgl/models/TexturedModel.java,5
myrobotlab,org.myrobotlab.oculus,OculusDisplay,37,3,24,15,321,43,0,0,0.08333333333333333,1,19,/temp/myrobotlab/src/org/myrobotlab/oculus/OculusDisplay.java,78
myrobotlab,org.myrobotlab.codec,CodecUtils,21,14,36,35,313,63,0,0,0.3611111111111111,32,2,/temp/myrobotlab/src/org/myrobotlab/codec/CodecUtils.java,29
myrobotlab,org.myrobotlab.codec,RecorderPythonFile,2,0,4,4,38,9,0,1,0.75,0,3,/temp/myrobotlab/src/org/myrobotlab/codec/RecorderPythonFile.java,16
myrobotlab,org.myrobotlab.codec,CodecUri,1,1,2,2,51,8,0,0,0.0,5,5,/temp/myrobotlab/src/org/myrobotlab/codec/CodecUri.java,13
myrobotlab,org.myrobotlab.codec,CodecJson,2,1,5,5,28,5,0,1,0.6,2,0,/temp/myrobotlab/src/org/myrobotlab/codec/CodecJson.java,9
myrobotlab,org.myrobotlab.codec,CodecFactory,2,0,2,2,26,5,0,0,0.0,1,2,/temp/myrobotlab/src/org/myrobotlab/codec/CodecFactory.java,7
myrobotlab,org.myrobotlab.codec,RecorderXmlFile,0,0,3,3,8,3,0,1,-1.0,0,2,/temp/myrobotlab/src/org/myrobotlab/codec/RecorderXmlFile.java,8
myrobotlab,org.myrobotlab.codec,Codec,0,0,5,5,32,5,2,0,-1.0,2,0,/temp/myrobotlab/src/org/myrobotlab/codec/Codec.java,5
myrobotlab,org.myrobotlab.codec,CodecMessage,3,2,5,5,28,6,0,1,0.6,0,0,/temp/myrobotlab/src/org/myrobotlab/codec/CodecMessage.java,12
myrobotlab,org.myrobotlab.codec,MethodCache,1,0,3,3,44,11,0,0,0.0,1,0,/temp/myrobotlab/src/org/myrobotlab/codec/MethodCache.java,7
myrobotlab,org.myrobotlab.codec,CodecCli,7,5,2,2,23,2,0,0,0.0,1,3,/temp/myrobotlab/src/org/myrobotlab/codec/CodecCli.java,7
myrobotlab,org.myrobotlab.codec,Recorder,0,0,3,3,5,3,2,0,-1.0,1,2,/temp/myrobotlab/src/org/myrobotlab/codec/Recorder.java,8
myrobotlab,org.myrobotlab.codec.serial,DecimalCodec,4,0,6,6,26,6,0,1,0.8333333333333334,1,1,/temp/myrobotlab/src/org/myrobotlab/codec/serial/DecimalCodec.java,5
myrobotlab,org.myrobotlab.codec.serial,HexCodec,4,0,7,7,41,10,0,1,0.8571428571428571,1,1,/temp/myrobotlab/src/org/myrobotlab/codec/serial/HexCodec.java,5
myrobotlab,org.myrobotlab.codec.serial,Codec,6,1,18,18,91,23,3,0,0.3888888888888889,2,1,/temp/myrobotlab/src/org/myrobotlab/codec/serial/Codec.java,14
myrobotlab,org.myrobotlab.codec.serial,AsciiCodec,0,0,6,6,20,6,0,1,-1.0,0,1,/temp/myrobotlab/src/org/myrobotlab/codec/serial/AsciiCodec.java,5
myrobotlab,org.myrobotlab.codec.serial,CodecOutputStream,6,1,13,13,94,22,0,0,0.0,0,4,/temp/myrobotlab/src/org/myrobotlab/codec/serial/CodecOutputStream.java,14
myrobotlab,org.myrobotlab.client,DrupalNameProvider,2,1,1,1,41,5,0,1,0.0,0,1,/temp/myrobotlab/src/org/myrobotlab/client/DrupalNameProvider.java,13
myrobotlab,org.myrobotlab.client,Client,7,1,8,8,94,11,0,0,0.25,0,2,/temp/myrobotlab/src/org/myrobotlab/client/Client.java,19
myrobotlab,org.myrobotlab.client,ReceiveThread,0,0,1,1,6,2,0,0,-1.0,0,0,/temp/myrobotlab/src/org/myrobotlab/client/Client.java,34
myrobotlab,org.myrobotlab.jme3,TestSimplePhysics,1,0,3,2,44,3,0,0,0.6666666666666666,0,1,/temp/myrobotlab/src/org/myrobotlab/jme3/TestSimplePhysics.java,46
myrobotlab,org.myrobotlab.jme3,InMoov3DApp,12,0,11,11,508,37,0,0,0.2727272727272727,1,7,/temp/myrobotlab/src/org/myrobotlab/jme3/InMoov3DApp.java,40
myrobotlab,org.myrobotlab.jme3,DefaultApp,1,0,9,9,57,12,0,0,0.7777777777777778,0,4,/temp/myrobotlab/src/org/myrobotlab/jme3/DefaultApp.java,53
myrobotlab,org.myrobotlab.jme3,PhysicsTestHelper,0,0,7,7,158,11,0,0,-1.0,2,0,/temp/myrobotlab/src/org/myrobotlab/jme3/PhysicsTestHelper.java,56
myrobotlab,org.myrobotlab.jme3,TestPhysicsHingeJoint,2,0,7,5,49,10,0,0,0.42857142857142855,0,1,/temp/myrobotlab/src/org/myrobotlab/jme3/TestPhysicsHingeJoint.java,15
myrobotlab,org.myrobotlab.jme3.interfaces,IntegratedMovementInterface,0,0,9,9,14,9,0,0,-1.0,1,3,/temp/myrobotlab/src/org/myrobotlab/jme3/interfaces/IntegratedMovementInterface.java,15
myrobotlab,org.myrobotlab.jme3.interfaces,Jme3Object,5,0,4,4,19,4,0,0,0.75,2,1,/temp/myrobotlab/src/org/myrobotlab/jme3/interfaces/Jme3Object.java,8
myrobotlab,org.myrobotlab.jme3.interfaces,Jme3App,0,0,2,0,4,2,0,2,-1.0,3,1,/temp/myrobotlab/src/org/myrobotlab/jme3/interfaces/Jme3App.java,7
myrobotlab,org.myrobotlab.jme3.controller,Jme3Servo,3,0,6,6,41,6,0,2,0.6666666666666666,1,1,/temp/myrobotlab/src/org/myrobotlab/jme3/controller/Jme3Servo.java,15
myrobotlab,org.saintandreas.vr,RiftUtils,0,0,4,4,17,5,0,0,-1.0,1,0,/temp/myrobotlab/src/org/saintandreas/vr/RiftUtils.java,12
myrobotlab,org.saintandreas.gl.shaders,Program,9,3,20,18,145,33,0,0,0.2,1,1,/temp/myrobotlab/src/org/saintandreas/gl/shaders/Program.java,41
myrobotlab,org.saintandreas.gl.shaders,ShaderType,0,0,0,0,1,0,0,0,-1.0,0,0,/temp/myrobotlab/src/org/saintandreas/gl/shaders/Program.java,45
myrobotlab,org.saintandreas.gl.shaders,Shader,4,0,6,6,48,9,0,0,0.0,1,0,/temp/myrobotlab/src/org/saintandreas/gl/shaders/Shader.java,16
myrobotlab,org.saintandreas.gl,AbstractTransformable,1,0,27,27,85,27,1,1,0.1111111111111111,0,0,/temp/myrobotlab/src/org/saintandreas/gl/AbstractTransformable.java,9
myrobotlab,org.saintandreas.gl,MatrixStack,3,2,4,4,19,4,0,2,0.5,1,0,/temp/myrobotlab/src/org/saintandreas/gl/MatrixStack.java,7
myrobotlab,org.saintandreas.gl,Transformable,0,0,22,22,24,22,1,0,-1.0,0,0,/temp/myrobotlab/src/org/saintandreas/gl/Transformable.java,9
myrobotlab,org.saintandreas.gl,FrameBuffer,5,0,4,4,36,4,0,0,0.5,1,1,/temp/myrobotlab/src/org/saintandreas/gl/FrameBuffer.java,32
myrobotlab,org.saintandreas.gl.buffers,VertexArray,1,0,4,4,16,4,0,0,0.5,1,0,/temp/myrobotlab/src/org/saintandreas/gl/buffers/VertexArray.java,7
myrobotlab,org.saintandreas.gl.textures,Texture,2,1,19,19,89,19,0,0,0.21052631578947367,2,0,/temp/myrobotlab/src/org/saintandreas/gl/textures/Texture.java,34
myrobotlab,org.myrobotlab.test,TestUtils,0,0,1,1,9,1,0,0,-1.0,1,2,/temp/myrobotlab/test/org/myrobotlab/test/TestUtils.java,6
