Project Name,Package Name,Type Name,Method Name,LOC,CC,PC,Line no,IsTest,Main prod class tested,Production classes tested
lenskit_lenskit,org.lenskit.mf,BiasedMFItemScorer,BiasedMFItemScorer,4,1,2,56,0,,
lenskit_lenskit,org.lenskit.mf,BiasedMFItemScorer,getUserPreferenceVector,3,1,1,67,0,,
lenskit_lenskit,org.lenskit.mf,BiasedMFItemScorer,computeScore,3,1,3,80,0,,
lenskit_lenskit,org.lenskit.mf,BiasedMFItemScorer,getModel,3,1,0,93,0,,
lenskit_lenskit,org.lenskit.mf,BiasedMFItemScorer,scoreWithDetails,19,4,2,97,0,org.lenskit.mf.BiasedMFItemScorer,org.lenskit.mf.BiasedMFItemScorer
lenskit_lenskit,org.lenskit.mf,MFModel,MFModel,12,1,4,58,0,,
lenskit_lenskit,org.lenskit.mf,MFModel,writeObject,17,5,1,86,0,,
lenskit_lenskit,org.lenskit.mf,MFModel,readObject,27,7,1,107,0,,
lenskit_lenskit,org.lenskit.mf,MFModel,getFeatureCount,3,1,0,139,0,,
lenskit_lenskit,org.lenskit.mf,MFModel,getUserCount,3,1,0,148,0,,
lenskit_lenskit,org.lenskit.mf,MFModel,getItemCount,3,1,0,155,0,,
lenskit_lenskit,org.lenskit.mf,MFModel,getItemIndex,3,1,0,162,0,,
lenskit_lenskit,org.lenskit.mf,MFModel,getUserIndex,3,1,0,169,0,,
lenskit_lenskit,org.lenskit.mf,MFModel,getUserMatrix,3,1,0,176,0,,
lenskit_lenskit,org.lenskit.mf,MFModel,getItemMatrix,3,1,0,184,0,,
lenskit_lenskit,org.lenskit.mf,MFModel,getUserVector,9,2,1,192,0,,
lenskit_lenskit,org.lenskit.mf,MFModel,getItemVector,9,2,1,202,0,,
lenskit_lenskit,org.lenskit.mf,MFModel,getUserFeature,9,2,2,212,0,,
lenskit_lenskit,org.lenskit.mf,MFModel,getItemFeature,9,2,2,227,0,,
lenskit_lenskit,org.lenskit.mf,MFModel,toString,5,1,0,242,0,org.lenskit.mf.MFModel,org.lenskit.mf.MFModel
lenskit_lenskit,org.lenskit.mf,BiasedMFItemScorerTest,createModel,18,1,0,46,0,,
lenskit_lenskit,org.lenskit.mf,BiasedMFItemScorerTest,testGoodRecs,8,1,0,80,1,,
lenskit_lenskit,org.lenskit.mf,BiasedMFItemScorerTest,testSkipUnscorable,4,1,0,93,1,,
lenskit_lenskit,org.lenskit.mf,BiasedMFItemScorerTest,baselineForUser,4,1,0,99,1,,
lenskit_lenskit,org.lenskit.mf.funksvd,FunkSVDUpdateRule,FunkSVDUpdateRule,9,1,7,55,0,,
lenskit_lenskit,org.lenskit.mf.funksvd,FunkSVDUpdateRule,makeEstimator,3,1,1,82,0,,
lenskit_lenskit,org.lenskit.mf.funksvd,FunkSVDUpdateRule,getLearningRate,3,1,0,91,0,,
lenskit_lenskit,org.lenskit.mf.funksvd,FunkSVDUpdateRule,getTrainingRegularization,3,1,0,95,0,,
lenskit_lenskit,org.lenskit.mf.funksvd,FunkSVDUpdateRule,getStoppingThreshold,3,1,0,99,0,,
lenskit_lenskit,org.lenskit.mf.funksvd,FunkSVDUpdateRule,getDomain,3,1,0,103,0,,
lenskit_lenskit,org.lenskit.mf.funksvd,FunkSVDUpdateRule,getBiasModel,3,1,0,108,0,,
lenskit_lenskit,org.lenskit.mf.funksvd,FunkSVDUpdateRule,createUpdater,3,1,0,112,0,,
lenskit_lenskit,org.lenskit.mf.funksvd,FunkSVDUpdateRule,keepGoing,12,4,3,116,0,,
lenskit_lenskit,org.lenskit.mf.funksvd,FunkSVDModelProvider,FunkSVDModelProvider,6,1,4,66,0,,
lenskit_lenskit,org.lenskit.mf.funksvd,FunkSVDModelProvider,get,32,2,0,78,0,org.lenskit.mf.funksvd.FunkSVDModelProvider,org.lenskit.mf.funksvd.FunkSVDModelProvider
lenskit_lenskit,org.lenskit.mf.funksvd,FunkSVDModelProvider,trainFeature,15,2,5,134,0,org.lenskit.mf.funksvd.FunkSVDModelProvider,org.lenskit.mf.funksvd.FunkSVDModelProvider
lenskit_lenskit,org.lenskit.mf.funksvd,FunkSVDModelProvider,doFeatureIteration,18,2,5,176,0,,
lenskit_lenskit,org.lenskit.mf.funksvd,FunkSVDModelProvider,summarizeFeature,3,1,3,219,0,org.lenskit.mf.funksvd.FunkSVDModelProvider,org.lenskit.mf.funksvd.FunkSVDModelProvider
lenskit_lenskit,org.lenskit.mf.funksvd,FunkSVDModelProvider,realVectorSum,7,2,1,233,0,,
lenskit_lenskit,org.lenskit.mf.funksvd,FunkSVDItemScorer,FunkSVDItemScorer,4,1,3,46,0,,
lenskit_lenskit,org.lenskit.mf.funksvd,FunkSVDItemScorer,computeScore,13,3,3,63,0,,
lenskit_lenskit,org.lenskit.mf.funksvd,FunkSVDItemScorer,getModel,3,1,0,77,0,,
lenskit_lenskit,org.lenskit.mf.funksvd,FeatureInfo,FeatureInfo,7,1,5,48,0,,
lenskit_lenskit,org.lenskit.mf.funksvd,FeatureInfo,getFeature,3,1,0,58,0,,
lenskit_lenskit,org.lenskit.mf.funksvd,FeatureInfo,getIterCount,3,1,0,67,0,,
lenskit_lenskit,org.lenskit.mf.funksvd,FeatureInfo,getTrainingErrors,3,1,0,76,0,,
lenskit_lenskit,org.lenskit.mf.funksvd,FeatureInfo,getLastRMSE,3,1,0,84,0,,
lenskit_lenskit,org.lenskit.mf.funksvd,FeatureInfo,getLastDeltaRMSE,4,1,0,93,0,,
lenskit_lenskit,org.lenskit.mf.funksvd,FeatureInfo,getUserAverage,3,1,0,103,0,,
lenskit_lenskit,org.lenskit.mf.funksvd,FeatureInfo,getItemAverage,3,1,0,112,0,,
lenskit_lenskit,org.lenskit.mf.funksvd,FeatureInfo,getSingularValue,3,1,0,121,0,,
lenskit_lenskit,org.lenskit.mf.funksvd,FunkSVDTrainingUpdater,FunkSVDTrainingUpdater,3,1,1,56,0,,
lenskit_lenskit,org.lenskit.mf.funksvd,FunkSVDTrainingUpdater,resetStatistics,4,1,0,60,0,,
lenskit_lenskit,org.lenskit.mf.funksvd,FunkSVDTrainingUpdater,getUpdateCount,3,1,0,68,0,,
lenskit_lenskit,org.lenskit.mf.funksvd,FunkSVDTrainingUpdater,getRMSE,8,2,0,77,0,,
lenskit_lenskit,org.lenskit.mf.funksvd,FunkSVDTrainingUpdater,prepare,13,2,6,89,0,,
lenskit_lenskit,org.lenskit.mf.funksvd,FunkSVDTrainingUpdater,getError,3,1,0,119,0,,
lenskit_lenskit,org.lenskit.mf.funksvd,FunkSVDTrainingUpdater,getUserFeatureUpdate,4,1,0,127,0,,
lenskit_lenskit,org.lenskit.mf.funksvd,FunkSVDTrainingUpdater,getItemFeatureUpdate,4,1,0,136,0,,
lenskit_lenskit,org.lenskit.mf.funksvd,FunkSVDModel,FunkSVDModel,9,2,5,52,0,,
lenskit_lenskit,org.lenskit.mf.funksvd,FunkSVDModel,getFeatureInfo,3,1,1,66,0,,
lenskit_lenskit,org.lenskit.mf.funksvd,FunkSVDModel,getFeatureInfo,3,1,0,75,0,,
lenskit_lenskit,org.lenskit.mf.funksvd,FunkSVDModel,getAverageUserVector,3,1,0,83,0,,
lenskit_lenskit,org.lenskit.mf.funksvd,TrainingEstimator,TrainingEstimator,13,2,3,49,0,,
lenskit_lenskit,org.lenskit.mf.funksvd,TrainingEstimator,get,3,1,1,71,0,,
lenskit_lenskit,org.lenskit.mf.funksvd,TrainingEstimator,update,11,3,2,80,0,,
lenskit_lenskit,org.lenskit.mf.funksvd,FeatureInfoTest,testBasic,12,1,0,33,1,,
lenskit_lenskit,org.lenskit.mf.funksvd,FeatureInfoTest,testTrainError,15,1,0,49,1,,
lenskit_lenskit,org.lenskit.mf.funksvd,FunkSVDRecommenderBuildTest,setup,9,1,0,56,0,,
lenskit_lenskit,org.lenskit.mf.funksvd,FunkSVDRecommenderBuildTest,makeEngine,9,1,0,68,0,,
lenskit_lenskit,org.lenskit.mf.funksvd,FunkSVDRecommenderBuildTest,testFunkSVDRecommenderEngineCreate,11,1,0,84,1,,
lenskit_lenskit,org.lenskit.mf.funksvd,FunkSVDRecommenderBuildTest,testFeatureInfo,12,2,0,102,1,,
lenskit_lenskit,org.lenskit.mf.funksvd,FunkSVDRecommenderBuildTest,testConfigSeparation,7,1,0,118,1,,
lenskit_lenskit,org.lenskit.pf,HPFModelParallelProvider,HPFModelParallelProvider,11,1,9,68,0,,
lenskit_lenskit,org.lenskit.pf,HPFModelParallelProvider,get,106,14,0,90,0,,
lenskit_lenskit,org.lenskit.pf,PMFModelCollector,supplier,3,1,0,37,0,,
lenskit_lenskit,org.lenskit.pf,PMFModelCollector,accumulator,3,1,0,42,0,,
lenskit_lenskit,org.lenskit.pf,PMFModelCollector,combiner,3,1,0,47,0,,
lenskit_lenskit,org.lenskit.pf,PMFModelCollector,finisher,3,1,0,52,0,,
lenskit_lenskit,org.lenskit.pf,PMFModelCollector,characteristics,3,1,0,57,0,,
lenskit_lenskit,org.lenskit.pf,RandomDataSplitStrategyProvider,RandomDataSplitStrategyProvider,6,1,4,55,0,,
lenskit_lenskit,org.lenskit.pf,RandomDataSplitStrategyProvider,get,17,1,0,74,0,,
lenskit_lenskit,org.lenskit.pf,RandomDataSplitStrategy,RandomDataSplitStrategy,6,1,4,52,0,,
lenskit_lenskit,org.lenskit.pf,RandomDataSplitStrategy,getTrainRatings,3,1,0,62,0,,
lenskit_lenskit,org.lenskit.pf,RandomDataSplitStrategy,getValidationRatings,3,1,0,68,0,,
lenskit_lenskit,org.lenskit.pf,RandomDataSplitStrategy,getUserIndex,3,1,0,74,0,,
lenskit_lenskit,org.lenskit.pf,RandomDataSplitStrategy,getItemIndex,3,1,0,79,0,,
lenskit_lenskit,org.lenskit.pf,PMFModel,PMFModel,4,1,0,48,0,,
lenskit_lenskit,org.lenskit.pf,PMFModel,addEntry,10,2,1,53,0,,
lenskit_lenskit,org.lenskit.pf,PMFModel,addAll,8,2,1,64,0,org.lenskit.pf.PMFModel,org.lenskit.pf.PMFModel
lenskit_lenskit,org.lenskit.pf,PMFModel,initialize,18,2,8,73,0,org.lenskit.pf.PMFModel,org.lenskit.pf.PMFModel
lenskit_lenskit,org.lenskit.pf,PMFModel,getModel,3,1,0,95,0,,
lenskit_lenskit,org.lenskit.pf,PMFModel,getSumOfMeanWeight,3,1,0,99,0,,
lenskit_lenskit,org.lenskit.pf,PMFModel,getWeightShpEntry,5,2,2,104,0,,
lenskit_lenskit,org.lenskit.pf,PMFModel,getWeightRteEntry,5,2,2,110,0,,
lenskit_lenskit,org.lenskit.pf,PMFModel,getActivityShp,5,2,1,116,0,,
lenskit_lenskit,org.lenskit.pf,PMFModel,getActivityRte,5,2,1,122,0,,
lenskit_lenskit,org.lenskit.pf,PMFModel,computeUserUpdate,31,5,4,129,0,org.lenskit.pf.PMFModel,org.lenskit.pf.PMFModel
lenskit_lenskit,org.lenskit.pf,PMFModel,computeItemUpdate,31,5,5,172,0,org.lenskit.pf.PMFModel,org.lenskit.pf.PMFModel
lenskit_lenskit,org.lenskit.pf,PMFModel,updatePhi,14,3,7,213,0,org.lenskit.pf.PMFModel,org.lenskit.pf.PMFModel
lenskit_lenskit,org.lenskit.pf,PMFModel,logNormalize,23,6,1,231,0,,
lenskit_lenskit,org.lenskit.pf,HPFModel,HPFModel,3,1,4,47,0,,
lenskit_lenskit,org.lenskit.pf,HPFModelProvider,HPFModelProvider,11,1,9,69,0,,
lenskit_lenskit,org.lenskit.pf,HPFModelProvider,get,170,24,0,91,0,org.lenskit.pf.HPFModelProvider,org.lenskit.pf.HPFModelProvider
lenskit_lenskit,org.lenskit.pf,HPFModelProvider,initialize,36,5,8,301,0,,
lenskit_lenskit,org.lenskit.pf,HPFModelProvider,logNormalize,23,6,1,355,0,,
lenskit_lenskit,org.lenskit.pf,HPFItemScorer,HPFItemScorer,4,1,2,50,0,,
lenskit_lenskit,org.lenskit.pf,HPFItemScorer,scoreWithDetails,20,5,2,57,0,,
lenskit_lenskit,org.lenskit.pf,DataSplitStrategy,getTrainRatings,0,1,0,41,0,,
lenskit_lenskit,org.lenskit.pf,DataSplitStrategy,getValidationRatings,0,1,0,48,0,,
lenskit_lenskit,org.lenskit.pf,DataSplitStrategy,getUserIndex,0,1,0,56,0,,
lenskit_lenskit,org.lenskit.pf,DataSplitStrategy,getItemIndex,0,1,0,58,0,,
lenskit_lenskit,org.lenskit.pf,PFHyperParameters,PFHyperParameters,9,1,7,52,0,,
lenskit_lenskit,org.lenskit.pf,PFHyperParameters,getUserWeightShpPrior,3,1,0,69,0,,
lenskit_lenskit,org.lenskit.pf,PFHyperParameters,getUserActivityShpPrior,3,1,0,73,0,,
lenskit_lenskit,org.lenskit.pf,PFHyperParameters,getUserActivityPriorMean,3,1,0,78,0,,
lenskit_lenskit,org.lenskit.pf,PFHyperParameters,getItemWeightShpPrior,3,1,0,82,0,,
lenskit_lenskit,org.lenskit.pf,PFHyperParameters,getItemActivityShpPrior,3,1,0,86,0,,
lenskit_lenskit,org.lenskit.pf,PFHyperParameters,getItemActivityPriorMean,3,1,0,90,0,,
lenskit_lenskit,org.lenskit.pf,PFHyperParameters,getFeatureCount,3,1,0,94,0,,
lenskit_lenskit,org.lenskit.pf,HPFRecommenderBuildTest,setup,20,4,0,60,0,,
lenskit_lenskit,org.lenskit.pf,HPFRecommenderBuildTest,makeEngine,13,1,0,95,0,,
lenskit_lenskit,org.lenskit.pf,HPFRecommenderBuildTest,testHPFRecommenderEngineCreate,11,1,0,121,1,,
lenskit_lenskit,org.lenskit.pf,HPFRecommenderBuildTest,testConfigSeparation,7,1,0,138,1,,
lenskit_lenskit,org.lenskit.pf,HPFRecommenderBuildTest,testHPFRecommenderScorer,16,1,0,149,1,,
lenskit_lenskit,org.lenskit.pf,RandomDataSplitStrategyProviderTest,setUp,20,4,0,51,0,,
lenskit_lenskit,org.lenskit.pf,RandomDataSplitStrategyProviderTest,testDataSize,9,1,0,81,1,,
lenskit_lenskit,org.lenskit.pf,RandomDataSplitStrategyProviderTest,testGetRatings,24,3,0,92,1,,
lenskit_lenskit,org.lenskit.pf,RandomDataSplitStrategyProviderTest,testGetIndex,34,5,0,123,1,,
lenskit_lenskit,org.lenskit.data.output,RatingWriter,writeRating,0,1,1,39,0,,
lenskit_lenskit,org.lenskit.data.output,RatingWriters,RatingWriters,2,1,0,36,0,,
lenskit_lenskit,org.lenskit.data.output,RatingWriters,csv,3,1,1,38,0,,
lenskit_lenskit,org.lenskit.data.output,RatingWriters,csv,5,1,2,48,0,,
lenskit_lenskit,org.lenskit.data.output,CSVRatingWriter,CSVRatingWriter,3,1,1,41,0,,
lenskit_lenskit,org.lenskit.data.output,CSVRatingWriter,isIncludeTimestamps,3,1,0,45,0,,
lenskit_lenskit,org.lenskit.data.output,CSVRatingWriter,setIncludeTimestamps,3,1,1,53,0,,
lenskit_lenskit,org.lenskit.data.output,CSVRatingWriter,writeRating,10,2,1,61,0,,
lenskit_lenskit,org.lenskit.data.output,CSVRatingWriter,close,3,1,0,73,0,,
lenskit_lenskit,org.lenskit.util.monitor,TrackedJob,TrackedJob,3,1,1,57,0,,
lenskit_lenskit,org.lenskit.util.monitor,TrackedJob,TrackedJob,8,1,2,65,0,,
lenskit_lenskit,org.lenskit.util.monitor,TrackedJob,TrackedJob,8,1,3,79,0,org.lenskit.util.monitor.TrackedJob,org.lenskit.util.monitor.TrackedJob
lenskit_lenskit,org.lenskit.util.monitor,TrackedJob,getEventBus,3,1,0,88,0,,
lenskit_lenskit,org.lenskit.util.monitor,TrackedJob,getUUID,3,1,0,93,0,,
lenskit_lenskit,org.lenskit.util.monitor,TrackedJob,getParent,3,1,0,97,0,,
lenskit_lenskit,org.lenskit.util.monitor,TrackedJob,makeChild,3,1,1,106,0,org.lenskit.util.monitor.TrackedJob,org.lenskit.util.monitor.TrackedJob
lenskit_lenskit,org.lenskit.util.monitor,TrackedJob,makeChild,4,1,2,115,0,,
lenskit_lenskit,org.lenskit.util.monitor,TrackedJob,getType,3,1,0,126,0,,
lenskit_lenskit,org.lenskit.util.monitor,TrackedJob,getDescription,3,1,0,131,0,,
lenskit_lenskit,org.lenskit.util.monitor,TrackedJob,getExpectedSteps,3,1,0,136,0,,
lenskit_lenskit,org.lenskit.util.monitor,TrackedJob,getStepsFinished,3,1,0,144,0,,
lenskit_lenskit,org.lenskit.util.monitor,TrackedJob,getChildCount,3,1,0,152,0,,
lenskit_lenskit,org.lenskit.util.monitor,TrackedJob,getChildrenRunning,3,1,0,160,0,,
lenskit_lenskit,org.lenskit.util.monitor,TrackedJob,getChildrenFinished,3,1,0,168,0,,
lenskit_lenskit,org.lenskit.util.monitor,TrackedJob,getReportingInterval,3,1,0,176,0,,
lenskit_lenskit,org.lenskit.util.monitor,TrackedJob,setReportingInterval,3,1,1,184,0,,
lenskit_lenskit,org.lenskit.util.monitor,TrackedJob,finishStep,3,1,0,192,0,org.lenskit.util.monitor.TrackedJob,org.lenskit.util.monitor.TrackedJob
lenskit_lenskit,org.lenskit.util.monitor,TrackedJob,finishSteps,14,3,1,199,0,,
lenskit_lenskit,org.lenskit.util.monitor,TrackedJob,start,9,2,0,218,0,,
lenskit_lenskit,org.lenskit.util.monitor,TrackedJob,start,4,1,1,231,0,org.lenskit.util.monitor.TrackedJob,org.lenskit.util.monitor.TrackedJob
lenskit_lenskit,org.lenskit.util.monitor,TrackedJob,finish,10,2,0,240,0,,
lenskit_lenskit,org.lenskit.util.monitor,TrackedJob,fail,5,1,1,254,0,,
lenskit_lenskit,org.lenskit.util.monitor,TrackedJob,getException,3,1,0,264,0,,
lenskit_lenskit,org.lenskit.util.monitor,TrackedJob,getTimer,3,1,0,272,0,,
lenskit_lenskit,org.lenskit.util.monitor,TrackedJob,toString,11,3,0,279,0,org.lenskit.util.monitor.TrackedJob,org.lenskit.util.monitor.TrackedJob
lenskit_lenskit,org.lenskit.util.monitor,JobEvent,JobEvent,2,1,0,31,0,,
lenskit_lenskit,org.lenskit.eval.temporal,TemporalEvaluator,TemporalEvaluator,5,1,0,74,0,org.lenskit.eval.temporal.TemporalEvaluator,org.lenskit.eval.temporal.TemporalEvaluator
lenskit_lenskit,org.lenskit.eval.temporal,TemporalEvaluator,setAlgorithm,4,1,1,80,0,,
lenskit_lenskit,org.lenskit.eval.temporal,TemporalEvaluator,setAlgorithm,4,1,2,91,0,,
lenskit_lenskit,org.lenskit.eval.temporal,TemporalEvaluator,setDataSource,4,1,1,103,0,,
lenskit_lenskit,org.lenskit.eval.temporal,TemporalEvaluator,setDataSource,4,1,1,112,0,,
lenskit_lenskit,org.lenskit.eval.temporal,TemporalEvaluator,setOutputFile,4,1,1,121,0,,
lenskit_lenskit,org.lenskit.eval.temporal,TemporalEvaluator,getExtendedOutputFile,3,1,0,130,0,,
lenskit_lenskit,org.lenskit.eval.temporal,TemporalEvaluator,setExtendedOutputFile,4,1,1,139,0,,
lenskit_lenskit,org.lenskit.eval.temporal,TemporalEvaluator,setExtendedOutputFile,4,1,1,149,0,,
lenskit_lenskit,org.lenskit.eval.temporal,TemporalEvaluator,setRebuildPeriod,3,1,2,159,0,org.lenskit.eval.temporal.TemporalEvaluator,org.lenskit.eval.temporal.TemporalEvaluator
lenskit_lenskit,org.lenskit.eval.temporal,TemporalEvaluator,setRebuildPeriod,4,1,1,168,0,,
lenskit_lenskit,org.lenskit.eval.temporal,TemporalEvaluator,setListSize,4,1,1,177,0,,
lenskit_lenskit,org.lenskit.eval.temporal,TemporalEvaluator,getOutputFile,3,1,0,188,0,,
lenskit_lenskit,org.lenskit.eval.temporal,TemporalEvaluator,getRebuildPeriod,3,1,0,195,0,,
lenskit_lenskit,org.lenskit.eval.temporal,TemporalEvaluator,getListSize,3,1,0,202,0,,
lenskit_lenskit,org.lenskit.eval.temporal,TemporalEvaluator,loadInputs,4,1,0,209,0,,
lenskit_lenskit,org.lenskit.eval.temporal,TemporalEvaluator,execute,79,11,0,215,0,org.lenskit.eval.temporal.TemporalEvaluator,org.lenskit.eval.temporal.TemporalEvaluator
lenskit_lenskit,org.lenskit.eval.temporal,TemporalEvaluator,getRecommendationRank,19,2,4,333,0,,
lenskit_lenskit,org.lenskit.eval.temporal,TemporalEvaluator,openOutput,6,1,0,376,0,,
lenskit_lenskit,org.lenskit.eval.temporal,TemporalEvaluator,openExtendedOutput,8,2,0,395,0,,
lenskit_lenskit,org.lenskit.eval.temporal,TemporalEvaluatorTest,initialize,26,3,0,67,0,,
lenskit_lenskit,org.lenskit.eval.temporal,TemporalEvaluatorTest,ExecuteTest,11,1,0,103,1,,
lenskit_lenskit,org.lenskit.eval.traintest,StatusLogger,StatusLogger,3,1,1,39,0,,
lenskit_lenskit,org.lenskit.eval.traintest,StatusLogger,jobStarted,15,3,1,47,0,,
lenskit_lenskit,org.lenskit.eval.traintest,StatusLogger,progressUpdate,13,3,1,64,0,,
lenskit_lenskit,org.lenskit.eval.traintest,StatusLogger,jobFinished,14,3,1,78,0,,
lenskit_lenskit,org.lenskit.eval.traintest,StatusLogger,jobFailed,3,1,1,95,0,,
lenskit_lenskit,org.lenskit.eval.traintest,TestUserBuilder,TestUserBuilder,2,1,0,47,0,,
lenskit_lenskit,org.lenskit.eval.traintest,TestUserBuilder,setUserId,4,1,1,52,0,,
lenskit_lenskit,org.lenskit.eval.traintest,TestUserBuilder,addTestEntity,9,3,1,57,0,,
lenskit_lenskit,org.lenskit.eval.traintest,TestUserBuilder,addTestRating,4,1,2,67,0,,
lenskit_lenskit,org.lenskit.eval.traintest,TestUserBuilder,addTrainEntity,6,2,1,72,0,,
lenskit_lenskit,org.lenskit.eval.traintest,TestUserBuilder,setTrainHistory,4,1,1,79,0,,
lenskit_lenskit,org.lenskit.eval.traintest,TestUserBuilder,setTestHistory,4,1,1,84,0,,
lenskit_lenskit,org.lenskit.eval.traintest,TestUserBuilder,build,3,1,0,89,0,,
lenskit_lenskit,org.lenskit.eval.traintest,ExperimentOutputLayout,ExperimentOutputLayout,16,3,2,47,0,,
lenskit_lenskit,org.lenskit.eval.traintest,ExperimentOutputLayout,getConditionLayout,3,1,0,65,0,,
lenskit_lenskit,org.lenskit.eval.traintest,ExperimentOutputLayout,getConditionColumnCount,3,1,0,69,0,,
lenskit_lenskit,org.lenskit.eval.traintest,ExperimentOutputLayout,getDataColumn,9,2,1,73,0,,
lenskit_lenskit,org.lenskit.eval.traintest,ExperimentOutputLayout,getAlgorithmColumn,9,2,1,82,0,,
lenskit_lenskit,org.lenskit.eval.traintest,ExperimentOutputLayout,prefixTable,15,4,3,91,0,org.lenskit.eval.traintest.ExperimentOutputLayout,org.lenskit.eval.traintest.ExperimentOutputLayout
lenskit_lenskit,org.lenskit.eval.traintest,TrainTestExperiment,setOutputFile,3,1,1,114,0,,
lenskit_lenskit,org.lenskit.eval.traintest,TrainTestExperiment,getOutputFile,3,1,0,122,0,,
lenskit_lenskit,org.lenskit.eval.traintest,TrainTestExperiment,getUserOutputFile,3,1,0,130,0,,
lenskit_lenskit,org.lenskit.eval.traintest,TrainTestExperiment,setUserOutputFile,3,1,1,138,0,,
lenskit_lenskit,org.lenskit.eval.traintest,TrainTestExperiment,getAlgorithms,3,1,0,146,0,,
lenskit_lenskit,org.lenskit.eval.traintest,TrainTestExperiment,addAlgorithm,3,1,1,154,0,,
lenskit_lenskit,org.lenskit.eval.traintest,TrainTestExperiment,addAlgorithms,3,1,1,162,0,,
lenskit_lenskit,org.lenskit.eval.traintest,TrainTestExperiment,addAlgorithm,6,1,2,170,0,org.lenskit.eval.traintest.TrainTestExperiment,org.lenskit.eval.traintest.TrainTestExperiment
lenskit_lenskit,org.lenskit.eval.traintest,TrainTestExperiment,addAlgorithm,3,1,2,182,0,org.lenskit.eval.traintest.TrainTestExperiment,org.lenskit.eval.traintest.TrainTestExperiment
lenskit_lenskit,org.lenskit.eval.traintest,TrainTestExperiment,addAlgorithms,3,1,1,191,0,,
lenskit_lenskit,org.lenskit.eval.traintest,TrainTestExperiment,getDataSets,3,1,0,199,0,,
lenskit_lenskit,org.lenskit.eval.traintest,TrainTestExperiment,addDataSet,3,1,1,207,0,,
lenskit_lenskit,org.lenskit.eval.traintest,TrainTestExperiment,addDataSets,3,1,1,215,0,,
lenskit_lenskit,org.lenskit.eval.traintest,TrainTestExperiment,getShareModelComponents,3,1,0,223,0,,
lenskit_lenskit,org.lenskit.eval.traintest,TrainTestExperiment,setShareModelComponents,3,1,1,233,0,,
lenskit_lenskit,org.lenskit.eval.traintest,TrainTestExperiment,getCacheDirectory,3,1,0,246,0,,
lenskit_lenskit,org.lenskit.eval.traintest,TrainTestExperiment,setCacheDirectory,3,1,1,254,0,,
lenskit_lenskit,org.lenskit.eval.traintest,TrainTestExperiment,getThreadCount,13,4,0,262,0,,
lenskit_lenskit,org.lenskit.eval.traintest,TrainTestExperiment,setThreadCount,3,1,1,281,0,,
lenskit_lenskit,org.lenskit.eval.traintest,TrainTestExperiment,getParallelTasks,3,1,0,292,0,,
lenskit_lenskit,org.lenskit.eval.traintest,TrainTestExperiment,setParallelTasks,3,1,1,302,0,,
lenskit_lenskit,org.lenskit.eval.traintest,TrainTestExperiment,getContinueAfterError,3,1,0,313,0,,
lenskit_lenskit,org.lenskit.eval.traintest,TrainTestExperiment,setContinueAfterError,3,1,1,321,0,,
lenskit_lenskit,org.lenskit.eval.traintest,TrainTestExperiment,getClassLoader,3,1,0,329,0,,
lenskit_lenskit,org.lenskit.eval.traintest,TrainTestExperiment,setClassLoader,3,1,1,337,0,,
lenskit_lenskit,org.lenskit.eval.traintest,TrainTestExperiment,getTasks,3,1,0,345,0,,
lenskit_lenskit,org.lenskit.eval.traintest,TrainTestExperiment,addTask,3,1,1,353,0,,
lenskit_lenskit,org.lenskit.eval.traintest,TrainTestExperiment,getPredictionTask,14,3,0,361,0,org.lenskit.eval.traintest.TrainTestExperiment,org.lenskit.eval.traintest.TrainTestExperiment
lenskit_lenskit,org.lenskit.eval.traintest,TrainTestExperiment,getGlobalOutput,5,1,0,382,0,,
lenskit_lenskit,org.lenskit.eval.traintest,TrainTestExperiment,getUserOutput,4,1,0,393,0,,
lenskit_lenskit,org.lenskit.eval.traintest,TrainTestExperiment,execute,40,4,0,403,0,org.lenskit.eval.traintest.TrainTestExperiment,org.lenskit.eval.traintest.TrainTestExperiment
lenskit_lenskit,org.lenskit.eval.traintest,TrainTestExperiment,getOutputLayout,4,1,0,448,0,,
lenskit_lenskit,org.lenskit.eval.traintest,TrainTestExperiment,makeExperimentOutputLayout,11,3,0,453,0,org.lenskit.eval.traintest.TrainTestExperiment,org.lenskit.eval.traintest.TrainTestExperiment
lenskit_lenskit,org.lenskit.eval.traintest,TrainTestExperiment,openOutputs,19,3,1,465,0,org.lenskit.eval.traintest.TrainTestExperiment,org.lenskit.eval.traintest.TrainTestExperiment
lenskit_lenskit,org.lenskit.eval.traintest,TrainTestExperiment,makeGlobalResultLayout,8,2,1,484,0,,
lenskit_lenskit,org.lenskit.eval.traintest,TrainTestExperiment,makeUserResultLayout,8,2,1,495,0,,
lenskit_lenskit,org.lenskit.eval.traintest,TrainTestExperiment,buildJobGraph,52,11,0,507,0,org.lenskit.eval.traintest.TrainTestExperiment,org.lenskit.eval.traintest.TrainTestExperiment
lenskit_lenskit,org.lenskit.eval.traintest,TrainTestExperiment,runJobList,13,2,0,570,0,,
lenskit_lenskit,org.lenskit.eval.traintest,TrainTestExperiment,runJobGraph,17,2,1,588,0,,
lenskit_lenskit,org.lenskit.eval.traintest,TrainTestExperiment,load,6,1,1,605,0,org.lenskit.eval.traintest.TrainTestExperiment,org.lenskit.eval.traintest.TrainTestExperiment
lenskit_lenskit,org.lenskit.eval.traintest,TrainTestExperiment,fromJSON,66,16,2,618,0,org.lenskit.eval.traintest.TrainTestExperiment,org.lenskit.eval.traintest.TrainTestExperiment
lenskit_lenskit,org.lenskit.eval.traintest,TrainTestExperiment,configureTask,0,3,2,703,0,,
lenskit_lenskit,org.lenskit.eval.traintest,DataSetBuilder,DataSetBuilder,3,1,0,55,0,,
lenskit_lenskit,org.lenskit.eval.traintest,DataSetBuilder,DataSetBuilder,3,1,1,59,0,org.lenskit.eval.traintest.DataSetBuilder,org.lenskit.eval.traintest.DataSetBuilder
lenskit_lenskit,org.lenskit.eval.traintest,DataSetBuilder,setName,4,1,1,63,0,,
lenskit_lenskit,org.lenskit.eval.traintest,DataSetBuilder,setTrain,4,1,1,73,0,,
lenskit_lenskit,org.lenskit.eval.traintest,DataSetBuilder,setRuntime,4,1,1,78,0,,
lenskit_lenskit,org.lenskit.eval.traintest,DataSetBuilder,setTest,4,1,1,83,0,,
lenskit_lenskit,org.lenskit.eval.traintest,DataSetBuilder,setEntityTypes,4,1,1,88,0,,
lenskit_lenskit,org.lenskit.eval.traintest,DataSetBuilder,setIsolationGroup,4,1,1,93,0,,
lenskit_lenskit,org.lenskit.eval.traintest,DataSetBuilder,getName,8,2,0,103,0,,
lenskit_lenskit,org.lenskit.eval.traintest,DataSetBuilder,getAttributes,3,1,0,111,0,,
lenskit_lenskit,org.lenskit.eval.traintest,DataSetBuilder,setAttribute,4,1,2,115,0,,
lenskit_lenskit,org.lenskit.eval.traintest,DataSetBuilder,build,8,2,0,120,0,org.lenskit.eval.traintest.DataSetBuilder,org.lenskit.eval.traintest.DataSetBuilder
lenskit_lenskit,org.lenskit.eval.traintest,AlgorithmInstance,AlgorithmInstance,3,1,2,57,0,,
lenskit_lenskit,org.lenskit.eval.traintest,AlgorithmInstance,AlgorithmInstance,5,1,3,67,0,,
lenskit_lenskit,org.lenskit.eval.traintest,AlgorithmInstance,getName,3,1,0,80,0,,
lenskit_lenskit,org.lenskit.eval.traintest,AlgorithmInstance,getAttributes,3,1,0,90,0,,
lenskit_lenskit,org.lenskit.eval.traintest,AlgorithmInstance,getConfigurations,3,1,0,100,0,,
lenskit_lenskit,org.lenskit.eval.traintest,AlgorithmInstance,load,23,3,3,109,0,,
lenskit_lenskit,org.lenskit.eval.traintest,AlgorithmInstance,toString,12,2,0,141,0,org.lenskit.eval.traintest.AlgorithmInstance,org.lenskit.eval.traintest.AlgorithmInstance
lenskit_lenskit,org.lenskit.eval.traintest,SimpleEvaluator,SimpleEvaluator,5,1,0,53,0,,
lenskit_lenskit,org.lenskit.eval.traintest,SimpleEvaluator,getWorkDir,3,1,0,62,0,,
lenskit_lenskit,org.lenskit.eval.traintest,SimpleEvaluator,setWorkDir,4,1,1,70,0,,
lenskit_lenskit,org.lenskit.eval.traintest,SimpleEvaluator,addAlgorithm,4,1,1,80,0,,
lenskit_lenskit,org.lenskit.eval.traintest,SimpleEvaluator,addAlgorithm,4,1,2,92,0,,
lenskit_lenskit,org.lenskit.eval.traintest,SimpleEvaluator,addDataSet,4,1,1,103,0,,
lenskit_lenskit,org.lenskit.eval.traintest,SimpleEvaluator,addDataSet,5,1,4,114,0,org.lenskit.eval.traintest.SimpleEvaluator,org.lenskit.eval.traintest.SimpleEvaluator
lenskit_lenskit,org.lenskit.eval.traintest,SimpleEvaluator,addDataSet,3,1,3,136,0,org.lenskit.eval.traintest.SimpleEvaluator,org.lenskit.eval.traintest.SimpleEvaluator
lenskit_lenskit,org.lenskit.eval.traintest,SimpleEvaluator,addDataSet,3,1,3,150,0,org.lenskit.eval.traintest.SimpleEvaluator,org.lenskit.eval.traintest.SimpleEvaluator
lenskit_lenskit,org.lenskit.eval.traintest,SimpleEvaluator,addDataSet,3,1,2,170,0,,
lenskit_lenskit,org.lenskit.eval.traintest,SimpleEvaluator,addDataSet,4,1,1,187,0,,
lenskit_lenskit,org.lenskit.eval.traintest,SimpleEvaluator,addDataSet,4,1,2,198,0,,
lenskit_lenskit,org.lenskit.eval.traintest,SimpleEvaluator,addMetric,4,1,1,216,0,,
lenskit_lenskit,org.lenskit.eval.traintest,SimpleEvaluator,setOutput,4,1,1,227,0,,
lenskit_lenskit,org.lenskit.eval.traintest,SimpleEvaluator,setUserOutput,4,1,1,237,0,,
lenskit_lenskit,org.lenskit.eval.traintest,SimpleEvaluator,getExperiment,3,1,0,247,0,,
lenskit_lenskit,org.lenskit.eval.traintest,SimpleEvaluator,execute,12,2,0,256,0,,
lenskit_lenskit,org.lenskit.eval.traintest,DataSet,DataSet,22,2,7,75,0,,
lenskit_lenskit,org.lenskit.eval.traintest,DataSet,get,3,1,0,105,0,,
lenskit_lenskit,org.lenskit.eval.traintest,DataSet,getName,3,1,0,114,0,,
lenskit_lenskit,org.lenskit.eval.traintest,DataSet,getAttributes,3,1,0,124,0,,
lenskit_lenskit,org.lenskit.eval.traintest,DataSet,getIsolationGroup,3,1,0,135,0,,
lenskit_lenskit,org.lenskit.eval.traintest,DataSet,getTestData,3,1,0,145,0,,
lenskit_lenskit,org.lenskit.eval.traintest,DataSet,getTrainingData,3,1,0,155,0,,
lenskit_lenskit,org.lenskit.eval.traintest,DataSet,getRuntimeData,3,1,0,165,0,,
lenskit_lenskit,org.lenskit.eval.traintest,DataSet,getAllItems,10,3,0,176,0,,
lenskit_lenskit,org.lenskit.eval.traintest,DataSet,getEntityTypes,3,1,0,188,0,,
lenskit_lenskit,org.lenskit.eval.traintest,DataSet,getExtraConfiguration,9,2,0,197,0,,
lenskit_lenskit,org.lenskit.eval.traintest,DataSet,toString,10,2,0,213,0,org.lenskit.eval.traintest.DataSet,org.lenskit.eval.traintest.DataSet
lenskit_lenskit,org.lenskit.eval.traintest,DataSet,newBuilder,3,1,0,229,0,,
lenskit_lenskit,org.lenskit.eval.traintest,DataSet,newBuilder,3,1,1,237,0,,
lenskit_lenskit,org.lenskit.eval.traintest,DataSet,copyBuilder,3,1,0,246,0,org.lenskit.eval.traintest.DataSet,org.lenskit.eval.traintest.DataSet
lenskit_lenskit,org.lenskit.eval.traintest,DataSet,copyBuilder,8,2,1,254,0,org.lenskit.eval.traintest.DataSet,org.lenskit.eval.traintest.DataSet
lenskit_lenskit,org.lenskit.eval.traintest,DataSet,fromJSON,32,7,2,269,0,org.lenskit.eval.traintest.DataSet,org.lenskit.eval.traintest.DataSet
lenskit_lenskit,org.lenskit.eval.traintest,DataSet,loadDataSet,35,8,4,310,0,org.lenskit.eval.traintest.DataSet,org.lenskit.eval.traintest.DataSet
lenskit_lenskit,org.lenskit.eval.traintest,DataSet,loadDataSource,11,2,3,357,0,,
lenskit_lenskit,org.lenskit.eval.traintest,DataSet,load,6,1,1,376,0,org.lenskit.eval.traintest.DataSet,org.lenskit.eval.traintest.DataSet
lenskit_lenskit,org.lenskit.eval.traintest,DataSet,load,11,1,1,388,0,org.lenskit.eval.traintest.DataSet,org.lenskit.eval.traintest.DataSet
lenskit_lenskit,org.lenskit.eval.traintest,EvaluationException,EvaluationException,2,1,0,33,0,,
lenskit_lenskit,org.lenskit.eval.traintest,EvaluationException,EvaluationException,3,1,1,36,0,,
lenskit_lenskit,org.lenskit.eval.traintest,EvaluationException,EvaluationException,3,1,2,40,0,,
lenskit_lenskit,org.lenskit.eval.traintest,EvaluationException,EvaluationException,3,1,1,44,0,,
lenskit_lenskit,org.lenskit.eval.traintest,ComponentCache,ComponentCache,6,1,2,88,0,,
lenskit_lenskit,org.lenskit.eval.traintest,ComponentCache,getCacheDir,3,1,0,101,0,,
lenskit_lenskit,org.lenskit.eval.traintest,ComponentCache,instantiate,4,1,1,106,0,org.lenskit.eval.traintest.ComponentCache,org.lenskit.eval.traintest.ComponentCache
lenskit_lenskit,org.lenskit.eval.traintest,ComponentCache,processNode,43,7,2,111,0,,
lenskit_lenskit,org.lenskit.eval.traintest,ComponentCache,makeNodeKey,5,1,1,337,0,,
lenskit_lenskit,org.lenskit.eval.traintest,ComponentCache,describe,6,1,2,349,0,,
lenskit_lenskit,org.lenskit.eval.traintest,ConditionEvaluator,measureUser,0,1,2,38,0,,
lenskit_lenskit,org.lenskit.eval.traintest,ConditionEvaluator,finish,0,1,0,47,0,,
lenskit_lenskit,org.lenskit.eval.traintest,TestUser,TestUser,7,1,3,58,0,,
lenskit_lenskit,org.lenskit.eval.traintest,TestUser,newBuilder,3,1,0,72,0,,
lenskit_lenskit,org.lenskit.eval.traintest,TestUser,getUser,3,1,0,81,0,,
lenskit_lenskit,org.lenskit.eval.traintest,TestUser,getUserId,3,1,0,85,0,,
lenskit_lenskit,org.lenskit.eval.traintest,TestUser,getTrainHistory,3,1,0,94,0,,
lenskit_lenskit,org.lenskit.eval.traintest,TestUser,getTrainItems,13,4,0,103,0,,
lenskit_lenskit,org.lenskit.eval.traintest,TestUser,getTestHistory,3,1,0,118,0,,
lenskit_lenskit,org.lenskit.eval.traintest,TestUser,getTestItems,13,4,0,127,0,,
lenskit_lenskit,org.lenskit.eval.traintest,TestUser,getSeenItems,8,2,0,141,0,org.lenskit.eval.traintest.TestUser,org.lenskit.eval.traintest.TestUser
lenskit_lenskit,org.lenskit.eval.traintest,TestUser,getTestRatings,9,2,0,154,0,,
lenskit_lenskit,org.lenskit.eval.traintest,EvalTask,getGlobalColumns,0,1,0,40,0,,
lenskit_lenskit,org.lenskit.eval.traintest,EvalTask,getUserColumns,0,1,0,47,0,,
lenskit_lenskit,org.lenskit.eval.traintest,EvalTask,getRequiredRoots,0,1,0,54,0,,
lenskit_lenskit,org.lenskit.eval.traintest,EvalTask,start,0,1,1,60,0,,
lenskit_lenskit,org.lenskit.eval.traintest,EvalTask,finish,0,1,0,67,0,,
lenskit_lenskit,org.lenskit.eval.traintest,EvalTask,createConditionEvaluator,0,1,3,72,0,,
lenskit_lenskit,org.lenskit.eval.traintest,AlgorithmInstanceBuilder,AlgorithmInstanceBuilder,3,1,0,51,0,,
lenskit_lenskit,org.lenskit.eval.traintest,AlgorithmInstanceBuilder,AlgorithmInstanceBuilder,5,1,1,58,0,,
lenskit_lenskit,org.lenskit.eval.traintest,AlgorithmInstanceBuilder,AlgorithmInstanceBuilder,6,1,1,68,0,org.lenskit.eval.traintest.AlgorithmInstanceBuilder,org.lenskit.eval.traintest.AlgorithmInstanceBuilder
lenskit_lenskit,org.lenskit.eval.traintest,AlgorithmInstanceBuilder,setName,5,1,1,75,0,,
lenskit_lenskit,org.lenskit.eval.traintest,AlgorithmInstanceBuilder,getName,8,2,0,87,0,org.lenskit.eval.traintest.AlgorithmInstanceBuilder,org.lenskit.eval.traintest.AlgorithmInstanceBuilder
lenskit_lenskit,org.lenskit.eval.traintest,AlgorithmInstanceBuilder,setAttribute,6,1,2,100,0,,
lenskit_lenskit,org.lenskit.eval.traintest,AlgorithmInstanceBuilder,getAttributes,3,1,0,115,0,,
lenskit_lenskit,org.lenskit.eval.traintest,AlgorithmInstanceBuilder,getAllAttributes,11,2,0,125,0,org.lenskit.eval.traintest.AlgorithmInstanceBuilder,org.lenskit.eval.traintest.AlgorithmInstanceBuilder
lenskit_lenskit,org.lenskit.eval.traintest,AlgorithmInstanceBuilder,getConfig,3,1,0,142,0,,
lenskit_lenskit,org.lenskit.eval.traintest,AlgorithmInstanceBuilder,setConfig,4,1,1,150,0,,
lenskit_lenskit,org.lenskit.eval.traintest,AlgorithmInstanceBuilder,getConfigurations,11,2,0,160,0,org.lenskit.eval.traintest.AlgorithmInstanceBuilder,org.lenskit.eval.traintest.AlgorithmInstanceBuilder
lenskit_lenskit,org.lenskit.eval.traintest,AlgorithmInstanceBuilder,extend,4,1,0,175,0,,
lenskit_lenskit,org.lenskit.eval.traintest,AlgorithmInstanceBuilder,build,3,1,0,186,0,org.lenskit.eval.traintest.AlgorithmInstanceBuilder,org.lenskit.eval.traintest.AlgorithmInstanceBuilder
lenskit_lenskit,org.lenskit.eval.traintest,MultiAlgorithmDSL,MultiAlgorithmDSL,4,1,2,51,0,,
lenskit_lenskit,org.lenskit.eval.traintest,MultiAlgorithmDSL,getInstances,3,1,0,56,0,,
lenskit_lenskit,org.lenskit.eval.traintest,MultiAlgorithmDSL,getAttributes,3,1,0,60,0,,
lenskit_lenskit,org.lenskit.eval.traintest,MultiAlgorithmDSL,algorithm,3,1,1,64,0,org.lenskit.eval.traintest.MultiAlgorithmDSL,org.lenskit.eval.traintest.MultiAlgorithmDSL
lenskit_lenskit,org.lenskit.eval.traintest,MultiAlgorithmDSL,algorithm,19,3,2,68,0,org.lenskit.eval.traintest.MultiAlgorithmDSL,org.lenskit.eval.traintest.MultiAlgorithmDSL
lenskit_lenskit,org.lenskit.eval.traintest,ExperimentJob,ExperimentJob,10,1,8,97,0,,
lenskit_lenskit,org.lenskit.eval.traintest,ExperimentJob,compute,39,5,0,114,0,org.lenskit.eval.traintest.ExperimentJob,org.lenskit.eval.traintest.ExperimentJob
lenskit_lenskit,org.lenskit.eval.traintest,ExperimentJob,doEvaluate,96,5,0,150,0,org.lenskit.eval.traintest.ExperimentJob,org.lenskit.eval.traintest.ExperimentJob
lenskit_lenskit,org.lenskit.eval.traintest,ExperimentJob,buildRecommenderEngine,10,2,1,266,0,,
lenskit_lenskit,org.lenskit.eval.traintest,ExperimentJob,buildRecommender,6,2,3,280,0,,
lenskit_lenskit,org.lenskit.eval.traintest,ExperimentJob,execute,3,1,0,289,0,org.lenskit.eval.traintest.ExperimentJob,org.lenskit.eval.traintest.ExperimentJob
lenskit_lenskit,org.lenskit.eval.traintest,ExperimentJob,writeObject,3,1,1,296,0,,
lenskit_lenskit,org.lenskit.eval.traintest,ExperimentOutputLayoutTest,testSingleton,8,1,0,41,1,,
lenskit_lenskit,org.lenskit.eval.traintest,ExperimentOutputLayoutTest,testAttributes,8,1,0,52,1,,
lenskit_lenskit,org.lenskit.eval.traintest,ExperimentOutputLayoutTest,testPrefixNullTable,9,1,0,63,1,,
lenskit_lenskit,org.lenskit.eval.traintest,ExperimentOutputLayoutTest,testPrefixTable,21,1,0,77,1,,
lenskit_lenskit,org.lenskit.eval.traintest,DataSetTest,testBasicConfig,12,1,0,44,1,,
lenskit_lenskit,org.lenskit.eval.traintest,DataSetTest,testDataSetPartitions,22,1,0,63,1,,
lenskit_lenskit,org.lenskit.eval.traintest,DataSetTest,testEntityTypeArray,7,1,0,97,1,,
lenskit_lenskit,org.lenskit.eval.traintest,DataSetTest,testEntityTypeString,7,1,0,112,1,,
lenskit_lenskit,org.lenskit.eval.traintest,DataSetTest,testRuntimeData,13,1,0,129,1,,
lenskit_lenskit,org.lenskit.eval.traintest,DataSetBuilderTest,testAttributeOrder,19,3,0,40,1,,
lenskit_lenskit,org.lenskit.eval.traintest.metrics,Metric,Metric,4,1,2,74,0,,
lenskit_lenskit,org.lenskit.eval.traintest.metrics,Metric,getAggregateColumnLabels,3,1,0,79,0,,
lenskit_lenskit,org.lenskit.eval.traintest.metrics,Metric,getColumnLabels,3,1,0,89,0,,
lenskit_lenskit,org.lenskit.eval.traintest.metrics,Metric,getRequiredRoots,3,1,0,98,0,,
lenskit_lenskit,org.lenskit.eval.traintest.metrics,Metric,createContext,3,1,3,106,0,,
lenskit_lenskit,org.lenskit.eval.traintest.metrics,Metric,getAggregateMeasurements,3,1,1,126,0,,
lenskit_lenskit,org.lenskit.eval.traintest.metrics,TypedMetricResult,getColumns,3,1,1,43,0,org.lenskit.eval.traintest.metrics.TypedMetricResult,org.lenskit.eval.traintest.metrics.TypedMetricResult
lenskit_lenskit,org.lenskit.eval.traintest.metrics,TypedMetricResult,getColumns,24,4,2,52,0,org.lenskit.eval.traintest.metrics.TypedMetricResult,org.lenskit.eval.traintest.metrics.TypedMetricResult
lenskit_lenskit,org.lenskit.eval.traintest.metrics,TypedMetricResult,apply,5,1,1,69,0,,
lenskit_lenskit,org.lenskit.eval.traintest.metrics,TypedMetricResult,getValues,7,2,0,90,0,org.lenskit.eval.traintest.metrics.TypedMetricResult,org.lenskit.eval.traintest.metrics.TypedMetricResult
lenskit_lenskit,org.lenskit.eval.traintest.metrics,TypedMetricResult,getColumnInfo,20,6,1,101,0,,
lenskit_lenskit,org.lenskit.eval.traintest.metrics,ResultMetric,ResultMetric,3,1,2,38,0,,
lenskit_lenskit,org.lenskit.eval.traintest.metrics,ResultMetric,ResultMetric,3,1,2,47,0,,
lenskit_lenskit,org.lenskit.eval.traintest.metrics,ResultMetric,measureResult,0,1,3,58,0,,
lenskit_lenskit,org.lenskit.eval.traintest.metrics,MapMetricResult,MapMetricResult,3,1,1,39,0,,
lenskit_lenskit,org.lenskit.eval.traintest.metrics,MapMetricResult,getValues,3,1,0,43,0,,
lenskit_lenskit,org.lenskit.eval.traintest.metrics,MapMetricResult,toString,3,1,0,48,0,,
lenskit_lenskit,org.lenskit.eval.traintest.metrics,ExponentialDiscount,ExponentialDiscount,4,1,1,35,0,,
lenskit_lenskit,org.lenskit.eval.traintest.metrics,ExponentialDiscount,getHalfLife,3,1,0,44,0,,
lenskit_lenskit,org.lenskit.eval.traintest.metrics,ExponentialDiscount,discount,3,1,1,52,0,,
lenskit_lenskit,org.lenskit.eval.traintest.metrics,ExponentialDiscount,equals,6,3,1,57,0,,
lenskit_lenskit,org.lenskit.eval.traintest.metrics,ExponentialDiscount,hashCode,4,1,0,68,0,,
lenskit_lenskit,org.lenskit.eval.traintest.metrics,ExponentialDiscount,toString,3,1,0,74,0,,
lenskit_lenskit,org.lenskit.eval.traintest.metrics,LogDiscount,LogDiscount,5,1,1,36,0,,
lenskit_lenskit,org.lenskit.eval.traintest.metrics,LogDiscount,getLogBase,3,1,0,46,0,,
lenskit_lenskit,org.lenskit.eval.traintest.metrics,LogDiscount,discount,8,2,1,54,0,,
lenskit_lenskit,org.lenskit.eval.traintest.metrics,LogDiscount,equals,6,3,1,63,0,,
lenskit_lenskit,org.lenskit.eval.traintest.metrics,LogDiscount,hashCode,4,1,0,74,0,,
lenskit_lenskit,org.lenskit.eval.traintest.metrics,LogDiscount,toString,3,1,0,80,0,,
lenskit_lenskit,org.lenskit.eval.traintest.metrics,Discounts,Discounts,2,1,0,34,0,,
lenskit_lenskit,org.lenskit.eval.traintest.metrics,Discounts,log2,3,1,0,39,0,,
lenskit_lenskit,org.lenskit.eval.traintest.metrics,Discounts,log,3,1,1,54,0,,
lenskit_lenskit,org.lenskit.eval.traintest.metrics,Discounts,exp,3,1,1,70,0,,
lenskit_lenskit,org.lenskit.eval.traintest.metrics,Discounts,parse,17,4,1,82,0,org.lenskit.eval.traintest.metrics.Discounts,org.lenskit.eval.traintest.metrics.Discounts
lenskit_lenskit,org.lenskit.eval.traintest.metrics,MetricResult,getValues,0,1,0,37,0,,
lenskit_lenskit,org.lenskit.eval.traintest.metrics,MetricResult,withSuffix,10,3,1,44,0,org.lenskit.eval.traintest.metrics.MetricResult,org.lenskit.eval.traintest.metrics.MetricResult
lenskit_lenskit,org.lenskit.eval.traintest.metrics,MetricResult,withPrefix,10,3,1,63,0,org.lenskit.eval.traintest.metrics.MetricResult,org.lenskit.eval.traintest.metrics.MetricResult
lenskit_lenskit,org.lenskit.eval.traintest.metrics,MetricResult,empty,3,1,0,81,0,org.lenskit.eval.traintest.metrics.MetricResult,org.lenskit.eval.traintest.metrics.MetricResult
lenskit_lenskit,org.lenskit.eval.traintest.metrics,MetricResult,fromNullable,3,1,1,90,0,org.lenskit.eval.traintest.metrics.MetricResult,org.lenskit.eval.traintest.metrics.MetricResult
lenskit_lenskit,org.lenskit.eval.traintest.metrics,MetricResult,fromMap,3,1,1,100,0,,
lenskit_lenskit,org.lenskit.eval.traintest.metrics,MetricResult,singleton,3,1,2,109,0,org.lenskit.eval.traintest.metrics.MetricResult,org.lenskit.eval.traintest.metrics.MetricResult
lenskit_lenskit,org.lenskit.eval.traintest.metrics,MetricLoaderHelper,MetricLoaderHelper,11,2,2,53,0,,
lenskit_lenskit,org.lenskit.eval.traintest.metrics,MetricLoaderHelper,findClass,22,2,1,71,0,,
lenskit_lenskit,org.lenskit.eval.traintest.metrics,MetricLoaderHelper,getMetricTypeName,12,3,1,97,0,,
lenskit_lenskit,org.lenskit.eval.traintest.metrics,MetricLoaderHelper,createMetric,26,6,2,114,0,org.lenskit.eval.traintest.metrics.MetricLoaderHelper,org.lenskit.eval.traintest.metrics.MetricLoaderHelper
lenskit_lenskit,org.lenskit.eval.traintest.metrics,MetricLoaderHelper,createMetric,11,1,2,144,0,,
lenskit_lenskit,org.lenskit.eval.traintest.metrics,Discount,discount,0,1,1,31,0,,
lenskit_lenskit,org.lenskit.eval.traintest.metrics,DiscountsTest,testParseLog,5,1,0,34,1,,
lenskit_lenskit,org.lenskit.eval.traintest.metrics,DiscountsTest,testParseLog2,5,1,0,42,1,,
lenskit_lenskit,org.lenskit.eval.traintest.metrics,DiscountsTest,testParseLogBase,5,1,0,50,1,,
lenskit_lenskit,org.lenskit.eval.traintest.metrics,DiscountsTest,testParseExp,5,1,0,58,1,,
lenskit_lenskit,org.lenskit.eval.traintest.metrics,MetricResultTest,testEmpty,3,1,0,38,1,,
lenskit_lenskit,org.lenskit.eval.traintest.metrics,MetricResultTest,testFromMap,6,2,0,44,1,,
lenskit_lenskit,org.lenskit.eval.traintest.metrics,TypedMetricResultTest,testEmpty,4,1,0,33,1,,
lenskit_lenskit,org.lenskit.eval.traintest.metrics,TypedMetricResultTest,testField,4,1,0,41,1,,
lenskit_lenskit,org.lenskit.eval.traintest.metrics,TypedMetricResultTest,testMethod,4,1,0,49,1,,
lenskit_lenskit,org.lenskit.eval.traintest.metrics,TypedMetricResultTest,testSubclassMethod,4,1,0,57,1,,
lenskit_lenskit,org.lenskit.eval.traintest.metrics,TypedMetricResultTest,testSubclassField,4,1,0,66,1,,
lenskit_lenskit,org.lenskit.eval.traintest.recommend,TopNNDCGMetric,TopNNDCGMetric,3,1,0,66,0,,
lenskit_lenskit,org.lenskit.eval.traintest.recommend,TopNNDCGMetric,TopNNDCGMetric,3,1,1,73,0,,
lenskit_lenskit,org.lenskit.eval.traintest.recommend,TopNNDCGMetric,TopNNDCGMetric,3,1,1,81,0,,
lenskit_lenskit,org.lenskit.eval.traintest.recommend,TopNNDCGMetric,TopNNDCGMetric,3,1,2,90,0,,
lenskit_lenskit,org.lenskit.eval.traintest.recommend,TopNNDCGMetric,TopNNDCGMetric,6,1,3,99,0,,
lenskit_lenskit,org.lenskit.eval.traintest.recommend,TopNNDCGMetric,createContext,3,1,3,112,0,,
lenskit_lenskit,org.lenskit.eval.traintest.recommend,TopNNDCGMetric,getAggregateMeasurements,3,1,1,118,0,,
lenskit_lenskit,org.lenskit.eval.traintest.recommend,TopNNDCGMetric,measureUserRecList,24,4,5,124,0,org.lenskit.eval.traintest.recommend.TopNNDCGMetric,org.lenskit.eval.traintest.recommend.TopNNDCGMetric
lenskit_lenskit,org.lenskit.eval.traintest.recommend,TopNNDCGMetric,computeDCG,10,2,2,160,0,,
lenskit_lenskit,org.lenskit.eval.traintest.recommend,TopNEntropyMetric,TopNEntropyMetric,3,1,0,59,0,,
lenskit_lenskit,org.lenskit.eval.traintest.recommend,TopNEntropyMetric,measureUserRecList,4,1,5,66,0,,
lenskit_lenskit,org.lenskit.eval.traintest.recommend,TopNEntropyMetric,createContext,3,1,3,73,0,,
lenskit_lenskit,org.lenskit.eval.traintest.recommend,TopNEntropyMetric,getAggregateMeasurements,3,1,1,79,0,,
lenskit_lenskit,org.lenskit.eval.traintest.recommend,TopNLengthMetric,TopNLengthMetric,3,1,0,47,0,,
lenskit_lenskit,org.lenskit.eval.traintest.recommend,TopNLengthMetric,measureUserRecList,7,1,5,54,0,,
lenskit_lenskit,org.lenskit.eval.traintest.recommend,TopNLengthMetric,createContext,3,1,3,64,0,,
lenskit_lenskit,org.lenskit.eval.traintest.recommend,TopNLengthMetric,getAggregateMeasurements,3,1,1,70,0,,
lenskit_lenskit,org.lenskit.eval.traintest.recommend,TopNMAPMetric,TopNMAPMetric,3,1,0,66,0,,
lenskit_lenskit,org.lenskit.eval.traintest.recommend,TopNMAPMetric,TopNMAPMetric,3,1,1,73,0,,
lenskit_lenskit,org.lenskit.eval.traintest.recommend,TopNMAPMetric,TopNMAPMetric,5,1,2,83,0,,
lenskit_lenskit,org.lenskit.eval.traintest.recommend,TopNMAPMetric,createContext,3,1,3,95,0,,
lenskit_lenskit,org.lenskit.eval.traintest.recommend,TopNMAPMetric,getAggregateMeasurements,3,1,1,101,0,,
lenskit_lenskit,org.lenskit.eval.traintest.recommend,TopNMAPMetric,measureUserRecList,24,5,5,107,0,,
lenskit_lenskit,org.lenskit.eval.traintest.recommend,TopNMRRMetric,TopNMRRMetric,3,1,0,63,0,,
lenskit_lenskit,org.lenskit.eval.traintest.recommend,TopNMRRMetric,TopNMRRMetric,3,1,1,70,0,,
lenskit_lenskit,org.lenskit.eval.traintest.recommend,TopNMRRMetric,TopNMRRMetric,5,1,2,80,0,,
lenskit_lenskit,org.lenskit.eval.traintest.recommend,TopNMRRMetric,createContext,3,1,3,92,0,,
lenskit_lenskit,org.lenskit.eval.traintest.recommend,TopNMRRMetric,getAggregateMeasurements,3,1,1,98,0,,
lenskit_lenskit,org.lenskit.eval.traintest.recommend,TopNMRRMetric,measureUserRecList,18,4,5,104,0,,
lenskit_lenskit,org.lenskit.eval.traintest.recommend,ItemSelector,selectItems,0,1,3,43,0,,
lenskit_lenskit,org.lenskit.eval.traintest.recommend,ItemSelector,nullSelector,3,1,0,52,0,,
lenskit_lenskit,org.lenskit.eval.traintest.recommend,ItemSelector,fixed,3,1,1,62,0,,
lenskit_lenskit,org.lenskit.eval.traintest.recommend,ItemSelector,fixed,3,1,1,70,0,org.lenskit.eval.traintest.recommend.ItemSelector,org.lenskit.eval.traintest.recommend.ItemSelector
lenskit_lenskit,org.lenskit.eval.traintest.recommend,ItemSelector,compileSelector,10,2,1,74,0,org.lenskit.eval.traintest.recommend.ItemSelector,org.lenskit.eval.traintest.recommend.ItemSelector
lenskit_lenskit,org.lenskit.eval.traintest.recommend,ItemSelector,allItems,3,1,0,99,0,org.lenskit.eval.traintest.recommend.ItemSelector,org.lenskit.eval.traintest.recommend.ItemSelector
lenskit_lenskit,org.lenskit.eval.traintest.recommend,ItemSelector,userTestItems,3,1,0,103,0,org.lenskit.eval.traintest.recommend.ItemSelector,org.lenskit.eval.traintest.recommend.ItemSelector
lenskit_lenskit,org.lenskit.eval.traintest.recommend,ItemSelector,userTrainItems,3,1,0,108,0,org.lenskit.eval.traintest.recommend.ItemSelector,org.lenskit.eval.traintest.recommend.ItemSelector
lenskit_lenskit,org.lenskit.eval.traintest.recommend,TopNPrecisionRecallMetric,TopNPrecisionRecallMetric,3,1,0,64,0,,
lenskit_lenskit,org.lenskit.eval.traintest.recommend,TopNPrecisionRecallMetric,TopNPrecisionRecallMetric,3,1,1,71,0,,
lenskit_lenskit,org.lenskit.eval.traintest.recommend,TopNPrecisionRecallMetric,TopNPrecisionRecallMetric,5,1,2,81,0,,
lenskit_lenskit,org.lenskit.eval.traintest.recommend,TopNPrecisionRecallMetric,measureUserRecList,19,4,5,92,0,,
lenskit_lenskit,org.lenskit.eval.traintest.recommend,TopNPrecisionRecallMetric,createContext,3,1,3,117,0,,
lenskit_lenskit,org.lenskit.eval.traintest.recommend,TopNPrecisionRecallMetric,getAggregateMeasurements,3,1,1,123,0,,
lenskit_lenskit,org.lenskit.eval.traintest.recommend,TopNPopularityMetric,TopNPopularityMetric,3,1,0,51,0,,
lenskit_lenskit,org.lenskit.eval.traintest.recommend,TopNPopularityMetric,getRequiredRoots,3,1,0,55,0,,
lenskit_lenskit,org.lenskit.eval.traintest.recommend,TopNPopularityMetric,createContext,3,1,3,61,0,,
lenskit_lenskit,org.lenskit.eval.traintest.recommend,TopNPopularityMetric,measureUserRecList,16,4,5,67,0,,
lenskit_lenskit,org.lenskit.eval.traintest.recommend,TopNPopularityMetric,getAggregateMeasurements,3,1,1,87,0,,
lenskit_lenskit,org.lenskit.eval.traintest.recommend,PRMetricSpec,getGoodItems,3,1,0,37,0,,
lenskit_lenskit,org.lenskit.eval.traintest.recommend,PRMetricSpec,setGoodItems,3,1,1,41,0,,
lenskit_lenskit,org.lenskit.eval.traintest.recommend,PRMetricSpec,getSuffix,3,1,0,45,0,,
lenskit_lenskit,org.lenskit.eval.traintest.recommend,PRMetricSpec,setSuffix,3,1,1,49,0,,
lenskit_lenskit,org.lenskit.eval.traintest.recommend,ListOnlyTopNMetric,ListOnlyTopNMetric,3,1,2,46,0,,
lenskit_lenskit,org.lenskit.eval.traintest.recommend,ListOnlyTopNMetric,ListOnlyTopNMetric,3,1,2,50,0,,
lenskit_lenskit,org.lenskit.eval.traintest.recommend,ListOnlyTopNMetric,ListOnlyTopNMetric,3,1,3,54,0,,
lenskit_lenskit,org.lenskit.eval.traintest.recommend,ListOnlyTopNMetric,measureUser,3,1,5,58,0,org.lenskit.eval.traintest.recommend.ListOnlyTopNMetric,org.lenskit.eval.traintest.recommend.ListOnlyTopNMetric
lenskit_lenskit,org.lenskit.eval.traintest.recommend,ListOnlyTopNMetric,measureUserRecList,0,1,5,66,0,,
lenskit_lenskit,org.lenskit.eval.traintest.recommend,RecommendEvalTask,RecommendEvalTask,2,1,0,86,0,,
lenskit_lenskit,org.lenskit.eval.traintest.recommend,RecommendEvalTask,fromJSON,37,8,2,91,0,org.lenskit.eval.traintest.recommend.RecommendEvalTask,org.lenskit.eval.traintest.recommend.RecommendEvalTask
lenskit_lenskit,org.lenskit.eval.traintest.recommend,RecommendEvalTask,getOutputFile,3,1,0,143,0,,
lenskit_lenskit,org.lenskit.eval.traintest.recommend,RecommendEvalTask,setOutputFile,3,1,1,151,0,,
lenskit_lenskit,org.lenskit.eval.traintest.recommend,RecommendEvalTask,getItemOutputFile,3,1,0,159,0,,
lenskit_lenskit,org.lenskit.eval.traintest.recommend,RecommendEvalTask,setItemOutputFile,3,1,1,167,0,,
lenskit_lenskit,org.lenskit.eval.traintest.recommend,RecommendEvalTask,getLabelPrefix,3,1,0,175,0,,
lenskit_lenskit,org.lenskit.eval.traintest.recommend,RecommendEvalTask,setLabelPrefix,3,1,1,183,0,,
lenskit_lenskit,org.lenskit.eval.traintest.recommend,RecommendEvalTask,getListSize,3,1,0,192,0,,
lenskit_lenskit,org.lenskit.eval.traintest.recommend,RecommendEvalTask,setListSize,3,1,1,200,0,,
lenskit_lenskit,org.lenskit.eval.traintest.recommend,RecommendEvalTask,getSeparateItems,3,1,0,208,0,,
lenskit_lenskit,org.lenskit.eval.traintest.recommend,RecommendEvalTask,setSeparateItems,3,1,1,216,0,,
lenskit_lenskit,org.lenskit.eval.traintest.recommend,RecommendEvalTask,getCandidateSelector,3,1,0,224,0,,
lenskit_lenskit,org.lenskit.eval.traintest.recommend,RecommendEvalTask,setCandidateSelector,3,1,1,232,0,,
lenskit_lenskit,org.lenskit.eval.traintest.recommend,RecommendEvalTask,getExcludeSelector,3,1,0,240,0,,
lenskit_lenskit,org.lenskit.eval.traintest.recommend,RecommendEvalTask,setExcludeSelector,3,1,1,248,0,,
lenskit_lenskit,org.lenskit.eval.traintest.recommend,RecommendEvalTask,getTopNMetrics,3,1,0,256,0,,
lenskit_lenskit,org.lenskit.eval.traintest.recommend,RecommendEvalTask,getAllMetrics,5,1,0,264,0,,
lenskit_lenskit,org.lenskit.eval.traintest.recommend,RecommendEvalTask,addMetric,3,1,1,274,0,,
lenskit_lenskit,org.lenskit.eval.traintest.recommend,RecommendEvalTask,getRequiredRoots,8,1,0,282,0,org.lenskit.eval.traintest.recommend.RecommendEvalTask,org.lenskit.eval.traintest.recommend.RecommendEvalTask
lenskit_lenskit,org.lenskit.eval.traintest.recommend,RecommendEvalTask,apply,3,1,1,286,0,,
lenskit_lenskit,org.lenskit.eval.traintest.recommend,RecommendEvalTask,getGlobalColumns,9,3,0,294,0,org.lenskit.eval.traintest.recommend.RecommendEvalTask,org.lenskit.eval.traintest.recommend.RecommendEvalTask
lenskit_lenskit,org.lenskit.eval.traintest.recommend,RecommendEvalTask,getUserColumns,12,4,0,305,0,org.lenskit.eval.traintest.recommend.RecommendEvalTask,org.lenskit.eval.traintest.recommend.RecommendEvalTask
lenskit_lenskit,org.lenskit.eval.traintest.recommend,RecommendEvalTask,prefixColumn,9,2,1,320,0,org.lenskit.eval.traintest.recommend.RecommendEvalTask,org.lenskit.eval.traintest.recommend.RecommendEvalTask
lenskit_lenskit,org.lenskit.eval.traintest.recommend,RecommendEvalTask,start,39,6,1,329,0,org.lenskit.eval.traintest.recommend.RecommendEvalTask,org.lenskit.eval.traintest.recommend.RecommendEvalTask
lenskit_lenskit,org.lenskit.eval.traintest.recommend,RecommendEvalTask,finish,21,3,0,376,0,,
lenskit_lenskit,org.lenskit.eval.traintest.recommend,RecommendEvalTask,createConditionEvaluator,21,3,3,398,0,,
lenskit_lenskit,org.lenskit.eval.traintest.recommend,TopNMetric,TopNMetric,3,1,2,43,0,,
lenskit_lenskit,org.lenskit.eval.traintest.recommend,TopNMetric,TopNMetric,3,1,2,52,0,,
lenskit_lenskit,org.lenskit.eval.traintest.recommend,TopNMetric,TopNMetric,3,1,3,63,0,,
lenskit_lenskit,org.lenskit.eval.traintest.recommend,TopNMetric,measureUser,0,1,5,76,0,,
lenskit_lenskit,org.lenskit.eval.traintest.recommend,ItemSelectorTest,testUniverse,6,1,0,36,1,,
lenskit_lenskit,org.lenskit.eval.traintest.recommend,ItemSelectorTest,testTestItems,7,1,0,44,1,,
lenskit_lenskit,org.lenskit.eval.traintest.recommend,ItemSelectorTest,testExpression,7,1,0,57,1,,
lenskit_lenskit,org.lenskit.eval.traintest.recommend,ItemSelectorTest,testRandom,8,1,0,70,1,,
lenskit_lenskit,org.lenskit.eval.traintest.predict,PredictEvalTask,PredictEvalTask,2,1,0,74,0,,
lenskit_lenskit,org.lenskit.eval.traintest.predict,PredictEvalTask,fromJSON,17,4,2,80,0,org.lenskit.eval.traintest.predict.PredictEvalTask,org.lenskit.eval.traintest.predict.PredictEvalTask
lenskit_lenskit,org.lenskit.eval.traintest.predict,PredictEvalTask,getOutputFile,3,1,0,107,0,,
lenskit_lenskit,org.lenskit.eval.traintest.predict,PredictEvalTask,setOutputFile,3,1,1,115,0,,
lenskit_lenskit,org.lenskit.eval.traintest.predict,PredictEvalTask,getPredictMetrics,3,1,0,123,0,,
lenskit_lenskit,org.lenskit.eval.traintest.predict,PredictEvalTask,getAllMetrics,5,1,0,131,0,,
lenskit_lenskit,org.lenskit.eval.traintest.predict,PredictEvalTask,addMetric,3,1,1,141,0,,
lenskit_lenskit,org.lenskit.eval.traintest.predict,PredictEvalTask,getRequiredRoots,8,1,0,149,0,org.lenskit.eval.traintest.predict.PredictEvalTask,org.lenskit.eval.traintest.predict.PredictEvalTask
lenskit_lenskit,org.lenskit.eval.traintest.predict,PredictEvalTask,apply,3,1,1,153,0,,
lenskit_lenskit,org.lenskit.eval.traintest.predict,PredictEvalTask,getGlobalColumns,7,2,0,161,0,org.lenskit.eval.traintest.predict.PredictEvalTask,org.lenskit.eval.traintest.predict.PredictEvalTask
lenskit_lenskit,org.lenskit.eval.traintest.predict,PredictEvalTask,getUserColumns,7,2,0,170,0,org.lenskit.eval.traintest.predict.PredictEvalTask,org.lenskit.eval.traintest.predict.PredictEvalTask
lenskit_lenskit,org.lenskit.eval.traintest.predict,PredictEvalTask,start,16,2,1,179,0,org.lenskit.eval.traintest.predict.PredictEvalTask,org.lenskit.eval.traintest.predict.PredictEvalTask
lenskit_lenskit,org.lenskit.eval.traintest.predict,PredictEvalTask,finish,12,2,0,201,0,,
lenskit_lenskit,org.lenskit.eval.traintest.predict,PredictEvalTask,createConditionEvaluator,9,2,3,214,0,,
lenskit_lenskit,org.lenskit.eval.traintest.predict,MAEPredictMetric,MAEPredictMetric,3,1,0,49,0,,
lenskit_lenskit,org.lenskit.eval.traintest.predict,MAEPredictMetric,createContext,3,1,3,53,0,,
lenskit_lenskit,org.lenskit.eval.traintest.predict,MAEPredictMetric,measureUser,21,4,3,59,0,,
lenskit_lenskit,org.lenskit.eval.traintest.predict,MAEPredictMetric,getAggregateMeasurements,3,1,1,83,0,,
lenskit_lenskit,org.lenskit.eval.traintest.predict,RMSEPredictMetric,RMSEPredictMetric,3,1,0,53,0,,
lenskit_lenskit,org.lenskit.eval.traintest.predict,RMSEPredictMetric,createContext,3,1,3,57,0,,
lenskit_lenskit,org.lenskit.eval.traintest.predict,RMSEPredictMetric,measureUser,21,4,3,63,0,,
lenskit_lenskit,org.lenskit.eval.traintest.predict,RMSEPredictMetric,getAggregateMeasurements,3,1,1,87,0,,
lenskit_lenskit,org.lenskit.eval.traintest.predict,NDCGPredictMetric,NDCGPredictMetric,3,1,0,73,0,,
lenskit_lenskit,org.lenskit.eval.traintest.predict,NDCGPredictMetric,NDCGPredictMetric,3,1,1,80,0,,
lenskit_lenskit,org.lenskit.eval.traintest.predict,NDCGPredictMetric,NDCGPredictMetric,3,1,1,88,0,,
lenskit_lenskit,org.lenskit.eval.traintest.predict,NDCGPredictMetric,NDCGPredictMetric,5,1,2,98,0,,
lenskit_lenskit,org.lenskit.eval.traintest.predict,NDCGPredictMetric,createContext,3,1,3,109,0,,
lenskit_lenskit,org.lenskit.eval.traintest.predict,NDCGPredictMetric,getAggregateMeasurements,4,1,1,115,0,,
lenskit_lenskit,org.lenskit.eval.traintest.predict,NDCGPredictMetric,measureUser,19,2,3,122,0,org.lenskit.eval.traintest.predict.NDCGPredictMetric,org.lenskit.eval.traintest.predict.NDCGPredictMetric
lenskit_lenskit,org.lenskit.eval.traintest.predict,NDCGPredictMetric,computeDCG,10,2,2,148,0,,
lenskit_lenskit,org.lenskit.eval.traintest.predict,PredictMetric,PredictMetric,3,1,2,42,0,,
lenskit_lenskit,org.lenskit.eval.traintest.predict,PredictMetric,PredictMetric,3,1,2,51,0,,
lenskit_lenskit,org.lenskit.eval.traintest.predict,PredictMetric,measureUser,0,1,3,62,0,,
lenskit_lenskit,org.lenskit.eval.traintest.predict,CoveragePredictMetric,CoveragePredictMetric,3,1,0,51,0,,
lenskit_lenskit,org.lenskit.eval.traintest.predict,CoveragePredictMetric,createContext,3,1,3,55,0,,
lenskit_lenskit,org.lenskit.eval.traintest.predict,CoveragePredictMetric,measureUser,7,1,3,61,0,,
lenskit_lenskit,org.lenskit.eval.traintest.predict,CoveragePredictMetric,getAggregateMeasurements,3,1,1,73,0,,
lenskit_lenskit,org.lenskit.eval.traintest.predict,NDCGPredictMetricTest,createMetric,3,1,0,43,0,,
lenskit_lenskit,org.lenskit.eval.traintest.predict,NDCGPredictMetricTest,testEmpty,5,1,0,48,1,,
lenskit_lenskit,org.lenskit.eval.traintest.predict,NDCGPredictMetricTest,testSingleton,5,1,0,58,1,,
lenskit_lenskit,org.lenskit.eval.traintest.predict,NDCGPredictMetricTest,testInOrder,8,1,0,71,1,,
lenskit_lenskit,org.lenskit.eval.traintest.predict,NDCGPredictMetricTest,testNotInOrder,12,1,0,93,1,,
lenskit_lenskit,org.lenskit.eval.traintest.predict,RMSEPredictMetricTest,createMetric,3,1,0,41,0,,
lenskit_lenskit,org.lenskit.eval.traintest.predict,RMSEPredictMetricTest,testColumnLabels,4,1,0,46,1,,
lenskit_lenskit,org.lenskit.eval.traintest.predict,RMSEPredictMetricTest,testOneRating,9,1,0,53,1,,
lenskit_lenskit,org.lenskit.eval.traintest.predict,RMSEPredictMetricTest,testTwoRatings,9,1,0,70,1,,
lenskit_lenskit,org.lenskit.eval.traintest.predict,PredictEvalTaskTest,parse,4,1,1,39,0,,
lenskit_lenskit,org.lenskit.eval.traintest.predict,PredictEvalTaskTest,testCreateFromEmptySpec,6,1,0,44,1,,
lenskit_lenskit,org.lenskit.eval.traintest.predict,PredictEvalTaskTest,testConfigureOutputFile,5,1,0,53,1,,
lenskit_lenskit,org.lenskit.eval.traintest.predict,PredictEvalTaskTest,testConfigureMetrics,5,1,0,61,1,,
lenskit_lenskit,org.lenskit.eval.traintest.predict,MAEPredictMetricTest,createMetric,3,1,0,41,0,,
lenskit_lenskit,org.lenskit.eval.traintest.predict,MAEPredictMetricTest,testColumnLabels,4,1,0,46,1,,
lenskit_lenskit,org.lenskit.eval.traintest.predict,MAEPredictMetricTest,testOneRating,9,1,0,53,1,,
lenskit_lenskit,org.lenskit.eval.traintest.predict,MAEPredictMetricTest,testTwoRatings,9,1,0,70,1,,
lenskit_lenskit,org.lenskit.eval.crossfold,EntityPartitionCrossfoldMethod,EntityPartitionCrossfoldMethod,2,1,0,47,0,,
lenskit_lenskit,org.lenskit.eval.crossfold,EntityPartitionCrossfoldMethod,crossfold,21,4,3,49,0,,
lenskit_lenskit,org.lenskit.eval.crossfold,EntityPartitionCrossfoldMethod,toString,3,1,0,74,0,,
lenskit_lenskit,org.lenskit.eval.crossfold,EntityPartitionCrossfoldMethod,equals,11,3,1,80,0,,
lenskit_lenskit,org.lenskit.eval.crossfold,EntityPartitionCrossfoldMethod,hashCode,3,1,0,91,0,,
lenskit_lenskit,org.lenskit.eval.crossfold,CrossfoldOutput,CrossfoldOutput,23,3,2,46,0,,
lenskit_lenskit,org.lenskit.eval.crossfold,CrossfoldOutput,getRandom,3,1,0,71,0,,
lenskit_lenskit,org.lenskit.eval.crossfold,CrossfoldOutput,getCount,3,1,0,79,0,,
lenskit_lenskit,org.lenskit.eval.crossfold,CrossfoldOutput,getTrainWriter,3,1,1,83,0,,
lenskit_lenskit,org.lenskit.eval.crossfold,CrossfoldOutput,getTestWriter,3,1,1,87,0,,
lenskit_lenskit,org.lenskit.eval.crossfold,CrossfoldOutput,close,3,1,0,91,0,,
lenskit_lenskit,org.lenskit.eval.crossfold,GroupEntitySplitter,partition,3,1,0,43,0,,
lenskit_lenskit,org.lenskit.eval.crossfold,GroupEntitySplitter,disjointSample,3,1,1,51,0,,
lenskit_lenskit,org.lenskit.eval.crossfold,GroupEntitySplitter,splitEntities,0,1,3,60,0,,
lenskit_lenskit,org.lenskit.eval.crossfold,CrossfoldMethods,CrossfoldMethods,2,1,0,31,0,,
lenskit_lenskit,org.lenskit.eval.crossfold,CrossfoldMethods,partitionUsers,3,1,2,33,0,,
lenskit_lenskit,org.lenskit.eval.crossfold,CrossfoldMethods,sampleUsers,3,1,3,45,0,,
lenskit_lenskit,org.lenskit.eval.crossfold,CrossfoldMethods,partitionEntities,3,1,0,58,0,,
lenskit_lenskit,org.lenskit.eval.crossfold,CrossfoldMethods,sampleEntities,3,1,1,66,0,,
lenskit_lenskit,org.lenskit.eval.crossfold,CrossfoldMethods,partitionItems,3,1,1,74,0,,
lenskit_lenskit,org.lenskit.eval.crossfold,CrossfoldMethods,sampleItems,3,1,2,85,0,,
lenskit_lenskit,org.lenskit.eval.crossfold,HistoryPartitions,HistoryPartitions,2,1,0,31,0,,
lenskit_lenskit,org.lenskit.eval.crossfold,HistoryPartitions,holdout,3,1,1,33,0,,
lenskit_lenskit,org.lenskit.eval.crossfold,HistoryPartitions,holdoutFraction,3,1,1,40,0,,
lenskit_lenskit,org.lenskit.eval.crossfold,HistoryPartitions,retain,3,1,1,47,0,,
lenskit_lenskit,org.lenskit.eval.crossfold,EntitySampleCrossfoldMethod,EntitySampleCrossfoldMethod,3,1,1,49,0,,
lenskit_lenskit,org.lenskit.eval.crossfold,EntitySampleCrossfoldMethod,crossfold,28,5,3,53,0,,
lenskit_lenskit,org.lenskit.eval.crossfold,EntitySampleCrossfoldMethod,toString,3,1,0,84,0,,
lenskit_lenskit,org.lenskit.eval.crossfold,EntitySampleCrossfoldMethod,equals,11,3,1,90,0,,
lenskit_lenskit,org.lenskit.eval.crossfold,EntitySampleCrossfoldMethod,hashCode,3,1,0,101,0,,
lenskit_lenskit,org.lenskit.eval.crossfold,HistoryPartitionMethod,partition,0,1,1,35,0,,
lenskit_lenskit,org.lenskit.eval.crossfold,GroupedCrossfoldMethod,GroupedCrossfoldMethod,7,1,5,54,0,,
lenskit_lenskit,org.lenskit.eval.crossfold,GroupedCrossfoldMethod,crossfold,30,7,3,62,0,,
lenskit_lenskit,org.lenskit.eval.crossfold,GroupedCrossfoldMethod,equals,6,3,1,99,0,,
lenskit_lenskit,org.lenskit.eval.crossfold,GroupedCrossfoldMethod,hashCode,3,1,0,116,0,,
lenskit_lenskit,org.lenskit.eval.crossfold,GroupedCrossfoldMethod,toString,3,1,0,127,0,,
lenskit_lenskit,org.lenskit.eval.crossfold,Crossfolder,Crossfolder,3,1,0,91,0,,
lenskit_lenskit,org.lenskit.eval.crossfold,Crossfolder,Crossfolder,4,1,1,95,0,,
lenskit_lenskit,org.lenskit.eval.crossfold,Crossfolder,getEntityType,3,1,0,100,0,,
lenskit_lenskit,org.lenskit.eval.crossfold,Crossfolder,setEntityType,3,1,1,108,0,,
lenskit_lenskit,org.lenskit.eval.crossfold,Crossfolder,setPartitionCount,4,1,1,116,0,,
lenskit_lenskit,org.lenskit.eval.crossfold,Crossfolder,getPartitionCount,3,1,0,127,0,,
lenskit_lenskit,org.lenskit.eval.crossfold,Crossfolder,setOutputFormat,4,1,1,135,0,,
lenskit_lenskit,org.lenskit.eval.crossfold,Crossfolder,getOutputFormat,3,1,0,145,0,,
lenskit_lenskit,org.lenskit.eval.crossfold,Crossfolder,setOutputDir,4,1,1,153,0,,
lenskit_lenskit,org.lenskit.eval.crossfold,Crossfolder,setOutputDir,3,1,1,163,0,org.lenskit.eval.crossfold.Crossfolder,org.lenskit.eval.crossfold.Crossfolder
lenskit_lenskit,org.lenskit.eval.crossfold,Crossfolder,setOutputDir,3,1,1,172,0,org.lenskit.eval.crossfold.Crossfolder,org.lenskit.eval.crossfold.Crossfolder
lenskit_lenskit,org.lenskit.eval.crossfold,Crossfolder,getOutputDir,8,2,0,181,0,org.lenskit.eval.crossfold.Crossfolder,org.lenskit.eval.crossfold.Crossfolder
lenskit_lenskit,org.lenskit.eval.crossfold,Crossfolder,setSource,4,1,1,193,0,,
lenskit_lenskit,org.lenskit.eval.crossfold,Crossfolder,setMethod,4,1,1,203,0,,
lenskit_lenskit,org.lenskit.eval.crossfold,Crossfolder,getMethod,3,1,0,213,0,,
lenskit_lenskit,org.lenskit.eval.crossfold,Crossfolder,setWriteTimestamps,4,1,1,221,0,,
lenskit_lenskit,org.lenskit.eval.crossfold,Crossfolder,getWriteTimestamps,3,1,0,231,0,,
lenskit_lenskit,org.lenskit.eval.crossfold,Crossfolder,getName,8,2,0,239,0,,
lenskit_lenskit,org.lenskit.eval.crossfold,Crossfolder,setName,4,1,1,252,0,,
lenskit_lenskit,org.lenskit.eval.crossfold,Crossfolder,getSource,3,1,0,262,0,,
lenskit_lenskit,org.lenskit.eval.crossfold,Crossfolder,execute,15,2,0,271,0,org.lenskit.eval.crossfold.Crossfolder,org.lenskit.eval.crossfold.Crossfolder
lenskit_lenskit,org.lenskit.eval.crossfold,Crossfolder,getTrainingFiles,3,1,0,290,0,org.lenskit.eval.crossfold.Crossfolder,org.lenskit.eval.crossfold.Crossfolder
lenskit_lenskit,org.lenskit.eval.crossfold,Crossfolder,getTrainingManifestFiles,3,1,0,294,0,org.lenskit.eval.crossfold.Crossfolder,org.lenskit.eval.crossfold.Crossfolder
lenskit_lenskit,org.lenskit.eval.crossfold,Crossfolder,getTestFiles,3,1,0,298,0,org.lenskit.eval.crossfold.Crossfolder,org.lenskit.eval.crossfold.Crossfolder
lenskit_lenskit,org.lenskit.eval.crossfold,Crossfolder,getTestManifestFiles,3,1,0,302,0,org.lenskit.eval.crossfold.Crossfolder,org.lenskit.eval.crossfold.Crossfolder
lenskit_lenskit,org.lenskit.eval.crossfold,Crossfolder,getSpecFiles,3,1,0,306,0,org.lenskit.eval.crossfold.Crossfolder,org.lenskit.eval.crossfold.Crossfolder
lenskit_lenskit,org.lenskit.eval.crossfold,Crossfolder,getFileList,7,2,1,310,0,org.lenskit.eval.crossfold.Crossfolder,org.lenskit.eval.crossfold.Crossfolder
lenskit_lenskit,org.lenskit.eval.crossfold,Crossfolder,writeItemFile,30,3,1,318,0,org.lenskit.eval.crossfold.Crossfolder,org.lenskit.eval.crossfold.Crossfolder
lenskit_lenskit,org.lenskit.eval.crossfold,Crossfolder,createTTFiles,19,4,1,359,0,,
lenskit_lenskit,org.lenskit.eval.crossfold,Crossfolder,writeManifests,57,6,3,389,0,org.lenskit.eval.crossfold.Crossfolder,org.lenskit.eval.crossfold.Crossfolder
lenskit_lenskit,org.lenskit.eval.crossfold,Crossfolder,getDataSets,10,1,0,459,0,,
lenskit_lenskit,org.lenskit.eval.crossfold,Crossfolder,openWriter,3,1,1,475,0,,
lenskit_lenskit,org.lenskit.eval.crossfold,Crossfolder,toString,3,1,0,479,0,,
lenskit_lenskit,org.lenskit.eval.crossfold,RetainNHistoryPartitionMethod,RetainNHistoryPartitionMethod,3,1,1,42,0,,
lenskit_lenskit,org.lenskit.eval.crossfold,RetainNHistoryPartitionMethod,partition,3,1,1,51,0,,
lenskit_lenskit,org.lenskit.eval.crossfold,RetainNHistoryPartitionMethod,toString,3,1,0,56,0,,
lenskit_lenskit,org.lenskit.eval.crossfold,RetainNHistoryPartitionMethod,equals,6,3,1,61,0,,
lenskit_lenskit,org.lenskit.eval.crossfold,RetainNHistoryPartitionMethod,hashCode,3,1,0,74,0,,
lenskit_lenskit,org.lenskit.eval.crossfold,HoldoutNHistoryPartitionMethod,HoldoutNHistoryPartitionMethod,3,1,1,41,0,,
lenskit_lenskit,org.lenskit.eval.crossfold,HoldoutNHistoryPartitionMethod,partition,3,1,1,50,0,,
lenskit_lenskit,org.lenskit.eval.crossfold,HoldoutNHistoryPartitionMethod,toString,3,1,0,55,0,,
lenskit_lenskit,org.lenskit.eval.crossfold,HoldoutNHistoryPartitionMethod,equals,6,3,1,60,0,,
lenskit_lenskit,org.lenskit.eval.crossfold,HoldoutNHistoryPartitionMethod,hashCode,3,1,0,73,0,,
lenskit_lenskit,org.lenskit.eval.crossfold,FractionHistoryPartitionMethod,FractionHistoryPartitionMethod,3,1,1,43,0,,
lenskit_lenskit,org.lenskit.eval.crossfold,FractionHistoryPartitionMethod,partition,4,1,1,52,0,,
lenskit_lenskit,org.lenskit.eval.crossfold,FractionHistoryPartitionMethod,toString,3,1,0,58,0,,
lenskit_lenskit,org.lenskit.eval.crossfold,FractionHistoryPartitionMethod,equals,6,3,1,63,0,,
lenskit_lenskit,org.lenskit.eval.crossfold,FractionHistoryPartitionMethod,hashCode,3,1,0,76,0,,
lenskit_lenskit,org.lenskit.eval.crossfold,CrossfoldMethod,crossfold,0,1,3,36,0,,
lenskit_lenskit,org.lenskit.eval.crossfold,SortOrderTest,testRandom,12,2,0,38,1,,
lenskit_lenskit,org.lenskit.eval.crossfold,SortOrderTest,testTimestamp,10,1,0,55,1,,
lenskit_lenskit,org.lenskit.eval.crossfold,GroupEntitySplitterTest,testPartitionN,7,1,0,41,1,,
lenskit_lenskit,org.lenskit.eval.crossfold,GroupEntitySplitterTest,testPartitionABunch,15,3,0,50,1,,
lenskit_lenskit,org.lenskit.eval.crossfold,GroupEntitySplitterTest,testSampleN,7,1,0,70,1,,
lenskit_lenskit,org.lenskit.eval.crossfold,GroupEntitySplitterTest,testSampleABunch,16,3,0,79,1,,
lenskit_lenskit,org.lenskit.eval.crossfold,GroupEntitySplitterTest,testSampleButICant,15,3,0,100,1,,
lenskit_lenskit,org.lenskit.graph,GVNode,GVNode,5,1,3,39,0,,
lenskit_lenskit,org.lenskit.graph,GVNode,getId,3,1,0,52,0,,
lenskit_lenskit,org.lenskit.graph,GVNode,getAttributes,3,1,0,56,0,,
lenskit_lenskit,org.lenskit.graph,GVNode,getTarget,3,1,0,60,0,,
lenskit_lenskit,org.lenskit.graph,GraphWriter,GraphWriter,11,1,1,59,0,,
lenskit_lenskit,org.lenskit.graph,GraphWriter,close,6,1,0,76,0,,
lenskit_lenskit,org.lenskit.graph,GraphWriter,safeValue,9,2,1,85,0,,
lenskit_lenskit,org.lenskit.graph,GraphWriter,putAttributes,12,2,1,94,0,org.lenskit.graph.GraphWriter,org.lenskit.graph.GraphWriter
lenskit_lenskit,org.lenskit.graph,GraphWriter,apply,3,1,1,100,0,org.lenskit.graph.GraphWriter,org.lenskit.graph.GraphWriter
lenskit_lenskit,org.lenskit.graph,GraphWriter,putNode,7,1,1,110,0,org.lenskit.graph.GraphWriter,org.lenskit.graph.GraphWriter
lenskit_lenskit,org.lenskit.graph,GraphWriter,putEdge,8,1,1,119,0,org.lenskit.graph.GraphWriter,org.lenskit.graph.GraphWriter
lenskit_lenskit,org.lenskit.graph,GraphWriter,putSubgraph,21,5,1,131,0,org.lenskit.graph.GraphWriter,org.lenskit.graph.GraphWriter
lenskit_lenskit,org.lenskit.graph,GVEdge,GVEdge,5,1,3,39,0,,
lenskit_lenskit,org.lenskit.graph,GVEdge,getSource,3,1,0,51,0,,
lenskit_lenskit,org.lenskit.graph,GVEdge,getTarget,3,1,0,55,0,,
lenskit_lenskit,org.lenskit.graph,GVEdge,getAttributes,3,1,0,59,0,,
lenskit_lenskit,org.lenskit.graph,HTMLLabel,HTMLLabel,3,1,1,33,0,,
lenskit_lenskit,org.lenskit.graph,HTMLLabel,getLabel,3,1,0,37,0,,
lenskit_lenskit,org.lenskit.graph,HTMLLabel,toString,3,1,0,41,0,,
lenskit_lenskit,org.lenskit.graph,NodeBuilder,NodeBuilder,4,1,1,40,0,,
lenskit_lenskit,org.lenskit.graph,NodeBuilder,create,3,1,1,45,0,,
lenskit_lenskit,org.lenskit.graph,NodeBuilder,setTarget,4,1,1,53,0,,
lenskit_lenskit,org.lenskit.graph,NodeBuilder,set,4,1,2,63,0,,
lenskit_lenskit,org.lenskit.graph,NodeBuilder,add,9,2,2,74,0,org.lenskit.graph.NodeBuilder,org.lenskit.graph.NodeBuilder
lenskit_lenskit,org.lenskit.graph,NodeBuilder,setLabel,3,1,1,89,0,org.lenskit.graph.NodeBuilder,org.lenskit.graph.NodeBuilder
lenskit_lenskit,org.lenskit.graph,NodeBuilder,setLabel,3,1,1,98,0,org.lenskit.graph.NodeBuilder,org.lenskit.graph.NodeBuilder
lenskit_lenskit,org.lenskit.graph,NodeBuilder,setShape,3,1,1,107,0,org.lenskit.graph.NodeBuilder,org.lenskit.graph.NodeBuilder
lenskit_lenskit,org.lenskit.graph,NodeBuilder,setFont,3,1,1,111,0,org.lenskit.graph.NodeBuilder,org.lenskit.graph.NodeBuilder
lenskit_lenskit,org.lenskit.graph,NodeBuilder,build,3,1,0,115,0,,
lenskit_lenskit,org.lenskit.graph,GraphDumper,GraphDumper,10,1,3,70,0,,
lenskit_lenskit,org.lenskit.graph,GraphDumper,setRoot,9,2,1,81,0,,
lenskit_lenskit,org.lenskit.graph,GraphDumper,process,35,5,1,101,0,,
lenskit_lenskit,org.lenskit.graph,GraphDumper,finish,10,3,0,141,0,,
lenskit_lenskit,org.lenskit.graph,GraphDumper,renderGraph,22,3,2,326,0,org.lenskit.graph.GraphDumper,org.lenskit.graph.GraphDumper
lenskit_lenskit,org.lenskit.graph,GraphDumper,satIsNull,8,1,1,363,0,,
lenskit_lenskit,org.lenskit.graph,GraphDumper,visitNull,3,1,0,365,0,,
lenskit_lenskit,org.lenskit.graph,EdgeBuilder,EdgeBuilder,7,1,2,40,0,,
lenskit_lenskit,org.lenskit.graph,EdgeBuilder,EdgeBuilder,5,1,3,48,0,,
lenskit_lenskit,org.lenskit.graph,EdgeBuilder,create,3,1,2,54,0,,
lenskit_lenskit,org.lenskit.graph,EdgeBuilder,of,3,1,1,63,0,,
lenskit_lenskit,org.lenskit.graph,EdgeBuilder,set,4,1,2,67,0,,
lenskit_lenskit,org.lenskit.graph,EdgeBuilder,setSource,5,1,1,78,0,,
lenskit_lenskit,org.lenskit.graph,EdgeBuilder,setTarget,5,1,1,84,0,,
lenskit_lenskit,org.lenskit.graph,EdgeBuilder,build,3,1,0,90,0,,
lenskit_lenskit,org.lenskit.graph,SubgraphBuilder,SubgraphBuilder,5,1,0,43,0,,
lenskit_lenskit,org.lenskit.graph,SubgraphBuilder,setName,4,1,1,52,0,,
lenskit_lenskit,org.lenskit.graph,SubgraphBuilder,set,4,1,2,57,0,,
lenskit_lenskit,org.lenskit.graph,SubgraphBuilder,addNode,4,1,1,68,0,,
lenskit_lenskit,org.lenskit.graph,SubgraphBuilder,addEdge,4,1,1,78,0,,
lenskit_lenskit,org.lenskit.graph,SubgraphBuilder,build,3,1,0,88,0,,
lenskit_lenskit,org.lenskit.graph,GVSubgraph,GVSubgraph,6,1,4,43,0,,
lenskit_lenskit,org.lenskit.graph,GVSubgraph,getName,3,1,0,56,0,,
lenskit_lenskit,org.lenskit.graph,GVSubgraph,getAttributes,3,1,0,64,0,,
lenskit_lenskit,org.lenskit.graph,GVSubgraph,getNodes,3,1,0,72,0,,
lenskit_lenskit,org.lenskit.graph,GVSubgraph,getEdges,3,1,0,80,0,,
lenskit_lenskit,org.lenskit.graph,ComponentNodeBuilder,ComponentNodeBuilder,5,1,2,62,0,org.lenskit.graph.ComponentNodeBuilder,org.lenskit.graph.ComponentNodeBuilder
lenskit_lenskit,org.lenskit.graph,ComponentNodeBuilder,create,3,1,2,68,0,,
lenskit_lenskit,org.lenskit.graph,ComponentNodeBuilder,addDependency,11,2,1,77,0,org.lenskit.graph.ComponentNodeBuilder,org.lenskit.graph.ComponentNodeBuilder
lenskit_lenskit,org.lenskit.graph,ComponentNodeBuilder,addParameter,12,2,2,93,0,org.lenskit.graph.ComponentNodeBuilder,org.lenskit.graph.ComponentNodeBuilder
lenskit_lenskit,org.lenskit.graph,ComponentNodeBuilder,getLastDependencyPort,6,2,0,108,0,,
lenskit_lenskit,org.lenskit.graph,ComponentNodeBuilder,setShareable,4,1,1,119,0,,
lenskit_lenskit,org.lenskit.graph,ComponentNodeBuilder,setShared,4,1,1,124,0,,
lenskit_lenskit,org.lenskit.graph,ComponentNodeBuilder,setIsProvider,4,1,1,129,0,,
lenskit_lenskit,org.lenskit.graph,ComponentNodeBuilder,setIsProvided,4,1,1,134,0,,
lenskit_lenskit,org.lenskit.graph,ComponentNodeBuilder,fillColor,13,3,0,139,0,,
lenskit_lenskit,org.lenskit.graph,ComponentNodeBuilder,build,23,4,0,151,0,org.lenskit.graph.ComponentNodeBuilder,org.lenskit.graph.ComponentNodeBuilder
lenskit_lenskit,org.lenskit.graph,ComponentNodeBuilder,shortClassName,23,5,1,211,0,,
lenskit_lenskit,org.lenskit.graph,ComponentNodeBuilder,shortAnnotation,18,3,1,235,0,org.lenskit.graph.ComponentNodeBuilder,org.lenskit.graph.ComponentNodeBuilder
lenskit_lenskit,org.lenskit.config,ConfigurationLoader,ConfigurationLoader,3,1,0,59,0,,
lenskit_lenskit,org.lenskit.config,ConfigurationLoader,ConfigurationLoader,12,1,1,66,0,,
lenskit_lenskit,org.lenskit.config,ConfigurationLoader,getDirectory,3,1,0,83,0,,
lenskit_lenskit,org.lenskit.config,ConfigurationLoader,loadScript,12,1,2,87,0,,
lenskit_lenskit,org.lenskit.config,ConfigurationLoader,load,4,1,1,108,0,org.lenskit.config.ConfigurationLoader,org.lenskit.config.ConfigurationLoader
lenskit_lenskit,org.lenskit.config,ConfigurationLoader,load,4,1,1,118,0,,
lenskit_lenskit,org.lenskit.config,ConfigurationLoader,load,4,1,1,128,0,,
lenskit_lenskit,org.lenskit.config,ConfigurationLoader,loadScript,5,1,1,140,0,org.lenskit.config.ConfigurationLoader,org.lenskit.config.ConfigurationLoader
lenskit_lenskit,org.lenskit.config,ConfigurationLoader,loadScript,9,1,1,151,0,org.lenskit.config.ConfigurationLoader,org.lenskit.config.ConfigurationLoader
lenskit_lenskit,org.lenskit.config,ConfigurationLoader,loadScript,4,1,1,165,0,org.lenskit.config.ConfigurationLoader,org.lenskit.config.ConfigurationLoader
lenskit_lenskit,org.lenskit.config,ConfigurationLoader,load,3,1,1,176,0,,
lenskit_lenskit,org.lenskit.config,LenskitConfigScript,LenskitConfigScript,3,1,0,50,0,,
lenskit_lenskit,org.lenskit.config,LenskitConfigScript,LenskitConfigScript,3,1,1,54,0,,
lenskit_lenskit,org.lenskit.config,LenskitConfigScript,getConfig,3,1,0,58,0,,
lenskit_lenskit,org.lenskit.config,LenskitConfigScript,getDelegate,6,2,0,62,0,,
lenskit_lenskit,org.lenskit.config,LenskitConfigScript,setDelegate,3,1,1,73,0,,
lenskit_lenskit,org.lenskit.config,LenskitConfigScript,methodMissing,8,1,2,81,0,org.lenskit.config.LenskitConfigScript,org.lenskit.config.LenskitConfigScript
lenskit_lenskit,org.lenskit.config,LenskitConfigScript,propertyMissing,21,4,1,95,0,,
lenskit_lenskit,org.lenskit.config,LenskitConfigScript,runScript,11,1,0,122,0,,
lenskit_lenskit,org.lenskit.config,LenskitConfigScript,configure,10,1,1,136,0,org.lenskit.config.LenskitConfigScript,org.lenskit.config.LenskitConfigScript
lenskit_lenskit,org.lenskit.config,LenskitConfigScript,configure,4,1,0,150,0,org.lenskit.config.LenskitConfigScript,org.lenskit.config.LenskitConfigScript
lenskit_lenskit,org.lenskit.config,GroovyUtils,GroovyUtils,2,1,0,41,0,,
lenskit_lenskit,org.lenskit.config,GroovyUtils,callWithDelegate,13,1,2,44,0,,
lenskit_lenskit,org.lenskit.config,GroovyUtils,buildObject,7,2,2,63,0,,
lenskit_lenskit,org.lenskit.config,ConfigHelpers,ConfigHelpers,2,1,0,46,0,,
lenskit_lenskit,org.lenskit.config,ConfigHelpers,load,6,1,1,49,0,org.lenskit.config.ConfigHelpers,org.lenskit.config.ConfigHelpers
lenskit_lenskit,org.lenskit.config,ConfigHelpers,load,3,1,1,65,0,,
lenskit_lenskit,org.lenskit.config,ConfigHelpers,load,3,1,1,77,0,,
lenskit_lenskit,org.lenskit.config,ConfigHelpers,load,3,1,1,87,0,,
lenskit_lenskit,org.lenskit.config,ConfigHelpers,configure,18,2,2,97,0,,
lenskit_lenskit,org.lenskit.config,LenskitConfigDSL,LenskitConfigDSL,3,1,1,49,0,,
lenskit_lenskit,org.lenskit.config,LenskitConfigDSL,LenskitConfigDSL,3,1,2,58,0,,
lenskit_lenskit,org.lenskit.config,LenskitConfigDSL,LenskitConfigDSL,11,2,3,68,0,,
lenskit_lenskit,org.lenskit.config,LenskitConfigDSL,forConfig,3,1,1,86,0,,
lenskit_lenskit,org.lenskit.config,LenskitConfigDSL,getConfig,3,1,0,90,0,,
lenskit_lenskit,org.lenskit.config,LenskitConfigDSL,getConfigLoader,6,2,0,98,0,,
lenskit_lenskit,org.lenskit.config,LenskitConfigDSL,getBaseURI,8,2,0,110,0,,
lenskit_lenskit,org.lenskit.config,LenskitConfigDSL,setBaseURI,3,1,1,123,0,,
lenskit_lenskit,org.lenskit.config,LenskitConfigDSL,root,3,1,1,131,0,,
lenskit_lenskit,org.lenskit.config,LenskitConfigDSL,include,8,2,1,141,0,org.lenskit.config.LenskitConfigDSL,org.lenskit.config.LenskitConfigDSL
lenskit_lenskit,org.lenskit.config,BindingDSL,BindingDSL,3,1,1,60,0,,
lenskit_lenskit,org.lenskit.config,BindingDSL,getContext,3,1,0,69,0,,
lenskit_lenskit,org.lenskit.config,BindingDSL,include,3,1,1,77,0,,
lenskit_lenskit,org.lenskit.config,BindingDSL,include,3,1,1,86,0,,
lenskit_lenskit,org.lenskit.config,BindingDSL,include,3,1,1,99,0,,
lenskit_lenskit,org.lenskit.config,BindingDSL,include,3,1,1,108,0,,
lenskit_lenskit,org.lenskit.config,BindingDSL,bind,3,1,1,117,0,,
lenskit_lenskit,org.lenskit.config,BindingDSL,bind,3,1,2,123,0,,
lenskit_lenskit,org.lenskit.config,BindingDSL,bindAny,3,1,1,129,0,,
lenskit_lenskit,org.lenskit.config,BindingDSL,set,3,1,1,135,0,,
lenskit_lenskit,org.lenskit.config,BindingDSL,addComponent,3,1,1,142,0,,
lenskit_lenskit,org.lenskit.config,BindingDSL,configure,4,1,2,147,0,,
lenskit_lenskit,org.lenskit.config,BindingDSL,within,3,1,1,152,0,,
lenskit_lenskit,org.lenskit.config,BindingDSL,within,3,1,2,158,0,org.lenskit.config.BindingDSL,org.lenskit.config.BindingDSL
lenskit_lenskit,org.lenskit.config,BindingDSL,within,3,1,2,171,0,,
lenskit_lenskit,org.lenskit.config,BindingDSL,within,3,1,3,177,0,org.lenskit.config.BindingDSL,org.lenskit.config.BindingDSL
lenskit_lenskit,org.lenskit.config,BindingDSL,within,3,1,2,192,0,,
lenskit_lenskit,org.lenskit.config,BindingDSL,within,3,1,3,198,0,org.lenskit.config.BindingDSL,org.lenskit.config.BindingDSL
lenskit_lenskit,org.lenskit.config,BindingDSL,matching,3,1,1,213,0,,
lenskit_lenskit,org.lenskit.config,BindingDSL,matching,3,1,2,218,0,org.lenskit.config.BindingDSL,org.lenskit.config.BindingDSL
lenskit_lenskit,org.lenskit.config,BindingDSL,at,3,1,1,222,0,,
lenskit_lenskit,org.lenskit.config,BindingDSL,at,3,1,2,228,0,org.lenskit.config.BindingDSL,org.lenskit.config.BindingDSL
lenskit_lenskit,org.lenskit.config,BindingDSL,at,3,1,2,239,0,,
lenskit_lenskit,org.lenskit.config,BindingDSL,at,3,1,3,245,0,org.lenskit.config.BindingDSL,org.lenskit.config.BindingDSL
lenskit_lenskit,org.lenskit.config,BindingDSL,at,3,1,2,260,0,,
lenskit_lenskit,org.lenskit.config,BindingDSL,at,3,1,3,266,0,org.lenskit.config.BindingDSL,org.lenskit.config.BindingDSL
lenskit_lenskit,org.lenskit.config,BindingDSL,domain,5,1,1,281,0,org.lenskit.config.BindingDSL,org.lenskit.config.BindingDSL
lenskit_lenskit,org.lenskit.config,BindingDSL,prefDomain,3,1,1,301,0,,
lenskit_lenskit,org.lenskit.config,LenskitConfigDSLTest,testInitialBaseURI,4,1,0,37,1,,
lenskit_lenskit,org.lenskit.config,LenskitConfigDSLTest,testConfiguredBaseURI,5,1,0,44,1,,
lenskit_lenskit,org.lenskit.api,ItemBasedItemRecommender,recommendRelatedItems,0,1,1,43,0,,
lenskit_lenskit,org.lenskit.api,ItemBasedItemRecommender,recommendRelatedItems,0,1,2,52,0,,
lenskit_lenskit,org.lenskit.api,ItemBasedItemRecommender,recommendRelatedItems,0,1,1,62,0,,
lenskit_lenskit,org.lenskit.api,ItemBasedItemRecommender,recommendRelatedItems,0,1,2,71,0,,
lenskit_lenskit,org.lenskit.api,ItemBasedItemRecommender,recommendRelatedItems,0,1,4,81,0,,
lenskit_lenskit,org.lenskit.api,ItemBasedItemRecommender,recommendRelatedItemsWithDetails,0,1,4,104,0,,
lenskit_lenskit,org.lenskit.api,RatingPredictor,predict,0,1,2,40,0,,
lenskit_lenskit,org.lenskit.api,RatingPredictor,predict,0,1,2,50,0,,
lenskit_lenskit,org.lenskit.api,RatingPredictor,predictWithDetails,0,1,2,61,0,,
lenskit_lenskit,org.lenskit.api,ItemBasedItemScorer,scoreRelatedItem,0,1,2,42,0,,
lenskit_lenskit,org.lenskit.api,ItemBasedItemScorer,scoreRelatedItems,0,1,2,52,0,,
lenskit_lenskit,org.lenskit.api,ItemBasedItemScorer,scoreRelatedItemsWithDetails,0,1,2,64,0,,
lenskit_lenskit,org.lenskit.api,ItemRecommender,recommend,0,1,1,61,0,,
lenskit_lenskit,org.lenskit.api,ItemRecommender,recommend,0,1,2,70,0,,
lenskit_lenskit,org.lenskit.api,ItemRecommender,recommend,0,1,4,82,0,,
lenskit_lenskit,org.lenskit.api,ItemRecommender,recommendWithDetails,0,1,4,106,0,,
lenskit_lenskit,org.lenskit.api,ItemScorer,score,0,1,2,39,0,,
lenskit_lenskit,org.lenskit.api,ItemScorer,score,0,1,2,48,0,,
lenskit_lenskit,org.lenskit.api,ItemScorer,scoreWithDetails,0,1,2,58,0,,
lenskit_lenskit,org.lenskit.api,Result,getId,0,1,0,38,0,,
lenskit_lenskit,org.lenskit.api,Result,getScore,0,1,0,44,0,,
lenskit_lenskit,org.lenskit.api,Result,hasScore,0,1,0,50,0,,
lenskit_lenskit,org.lenskit.api,Result,as,0,1,1,58,0,,
lenskit_lenskit,org.lenskit.api,RecommenderBuildException,RecommenderBuildException,2,1,0,35,0,,
lenskit_lenskit,org.lenskit.api,RecommenderBuildException,RecommenderBuildException,3,1,1,41,0,,
lenskit_lenskit,org.lenskit.api,RecommenderBuildException,RecommenderBuildException,3,1,2,49,0,,
lenskit_lenskit,org.lenskit.api,RecommenderBuildException,RecommenderBuildException,3,1,1,58,0,,
lenskit_lenskit,org.lenskit.api,ResultList,idList,0,1,0,34,0,,
lenskit_lenskit,org.lenskit.api,RecommenderEngine,createRecommender,0,1,0,41,0,,
lenskit_lenskit,org.lenskit.api,Recommender,getRatingPredictor,0,1,0,44,0,,
lenskit_lenskit,org.lenskit.api,Recommender,getItemRecommender,0,1,0,53,0,,
lenskit_lenskit,org.lenskit.api,Recommender,getItemScorer,0,1,0,62,0,,
lenskit_lenskit,org.lenskit.api,Recommender,getItemBasedItemScorer,0,1,0,69,0,,
lenskit_lenskit,org.lenskit.api,Recommender,getItemBasedItemRecommender,0,1,0,77,0,,
lenskit_lenskit,org.lenskit.api,Recommender,close,0,1,0,85,0,,
lenskit_lenskit,org.lenskit.api,ResultMap,scoreMap,0,1,0,35,0,,
lenskit_lenskit,org.lenskit.api,ResultMap,get,0,1,1,41,0,,
lenskit_lenskit,org.lenskit.api,ResultMap,getScore,0,1,1,49,0,,
lenskit_lenskit,org.lenskit.slopeone,WeightedSlopeOneItemScorer,WeightedSlopeOneItemScorer,3,1,3,49,0,,
lenskit_lenskit,org.lenskit.slopeone,WeightedSlopeOneItemScorer,scoreWithDetails,29,7,2,55,0,,
lenskit_lenskit,org.lenskit.slopeone,SlopeOneModelProvider,SlopeOneModelProvider,4,1,2,47,0,,
lenskit_lenskit,org.lenskit.slopeone,SlopeOneModelProvider,get,17,4,0,55,0,,
lenskit_lenskit,org.lenskit.slopeone,SlopeOneItemScorer,SlopeOneItemScorer,5,1,3,54,0,,
lenskit_lenskit,org.lenskit.slopeone,SlopeOneItemScorer,scoreWithDetails,29,7,2,63,0,,
lenskit_lenskit,org.lenskit.slopeone,SlopeOneItemScorer,getModel,3,1,0,96,0,,
lenskit_lenskit,org.lenskit.slopeone,SlopeOneModelDataAccumulator,SlopeOneModelDataAccumulator,9,2,2,40,0,,
lenskit_lenskit,org.lenskit.slopeone,SlopeOneModelDataAccumulator,putItemPair,21,5,4,59,0,,
lenskit_lenskit,org.lenskit.slopeone,SlopeOneModelDataAccumulator,buildMatrix,24,4,0,92,0,,
lenskit_lenskit,org.lenskit.slopeone,SlopeOneModel,SlopeOneModel,3,1,1,46,0,,
lenskit_lenskit,org.lenskit.slopeone,SlopeOneModel,getDeviation,23,5,2,50,0,,
lenskit_lenskit,org.lenskit.slopeone,SlopeOneModel,getCoratings,23,5,2,70,0,,
lenskit_lenskit,org.lenskit.slopeone,SlopeOneItemScorerTest,testPredict1,36,1,0,49,1,,
lenskit_lenskit,org.lenskit.slopeone,SlopeOneItemScorerTest,testPredict2,24,1,0,93,1,,
lenskit_lenskit,org.lenskit.slopeone,SlopeOneItemRecommenderTest,setup,15,1,0,57,0,,
lenskit_lenskit,org.lenskit.slopeone,SlopeOneItemRecommenderTest,testSlopeOneRecommenderEngineCreate,10,1,0,80,1,,
lenskit_lenskit,org.lenskit.slopeone,SlopeOneItemRecommenderTest,testConfigSeparation,6,1,0,97,1,,
lenskit_lenskit,org.lenskit.slopeone,SlopeOneModelProviderTest,getModel,8,1,1,45,0,,
lenskit_lenskit,org.lenskit.slopeone,SlopeOneModelProviderTest,testBuild1,12,1,0,55,1,,
lenskit_lenskit,org.lenskit.slopeone,SlopeOneModelProviderTest,testBuild2,25,1,0,72,1,,
lenskit_lenskit,org.lenskit.slopeone,SlopeOneModelProviderTest,testBuild3,42,1,0,102,1,,
lenskit_lenskit,org.lenskit.slopeone,SlopeOneModelProviderTest,testBuild4,35,1,0,149,1,,
lenskit_lenskit,org.lenskit.slopeone,WeightedSlopeOneItemScorerTest,testPredict1,36,1,0,50,1,,
lenskit_lenskit,org.lenskit.slopeone,WeightedSlopeOneItemScorerTest,testPredict2,24,1,0,94,1,,
lenskit_lenskit,org.lenskit.gradle,DataSetProvider,getDataSetFile,0,1,0,35,0,,
lenskit_lenskit,org.lenskit.gradle,LenskitPlugin,apply,38,6,1,58,0,,
lenskit_lenskit,org.lenskit.gradle,LenskitExtension,LenskitExtension,11,1,1,70,0,,
lenskit_lenskit,org.lenskit.gradle,LenskitExtension,jvmArgs,7,2,1,83,0,,
lenskit_lenskit,org.lenskit.gradle,LenskitExtension,getThreadCount,3,1,0,96,0,,
lenskit_lenskit,org.lenskit.gradle,LenskitExtension,threadCount,4,1,1,104,0,,
lenskit_lenskit,org.lenskit.gradle,LenskitExtension,getMaxMemory,3,1,0,110,0,,
lenskit_lenskit,org.lenskit.gradle,LenskitExtension,maxMemory,4,1,1,119,0,,
lenskit_lenskit,org.lenskit.gradle,LenskitExtension,getClasspath,3,1,0,125,0,,
lenskit_lenskit,org.lenskit.gradle,LenskitExtension,classpath,3,1,1,132,0,,
lenskit_lenskit,org.lenskit.gradle,LenskitExtension,getLogLevel,3,1,0,136,0,,
lenskit_lenskit,org.lenskit.gradle,LenskitExtension,logLevel,4,1,1,143,0,,
lenskit_lenskit,org.lenskit.gradle,LenskitExtension,getLogFileLevel,3,1,0,149,0,,
lenskit_lenskit,org.lenskit.gradle,LenskitExtension,logFileLevel,4,1,1,157,0,,
lenskit_lenskit,org.lenskit.gradle,LenskitExtension,getJvmArgs,3,1,0,163,0,,
lenskit_lenskit,org.grouplens.lenskit.util.test,ExtraMatchers,ExtraMatchers,2,1,0,39,0,,
lenskit_lenskit,org.grouplens.lenskit.util.test,ExtraMatchers,notANumber,3,1,0,41,0,,
lenskit_lenskit,org.grouplens.lenskit.util.test,ExtraMatchers,existingFile,3,1,0,49,0,,
lenskit_lenskit,org.grouplens.lenskit.util.test,ExtraMatchers,lineCount,3,1,1,53,0,org.grouplens.lenskit.util.test.ExtraMatchers,org.grouplens.lenskit.util.test.ExtraMatchers
lenskit_lenskit,org.grouplens.lenskit.util.test,ExtraMatchers,hasLineCount,3,1,1,57,0,,
lenskit_lenskit,org.grouplens.lenskit.util.test,ExtraMatchers,matchesPattern,3,1,1,61,0,,
lenskit_lenskit,org.grouplens.lenskit.util.test,ExtraMatchers,equivalentTo,3,1,2,70,0,,
lenskit_lenskit,org.grouplens.lenskit.util.test,EquivalenceMatcher,EquivalenceMatcher,4,1,2,36,0,,
lenskit_lenskit,org.grouplens.lenskit.util.test,EquivalenceMatcher,matches,3,1,1,41,0,,
lenskit_lenskit,org.grouplens.lenskit.util.test,EquivalenceMatcher,describeTo,3,1,1,47,0,,
lenskit_lenskit,org.grouplens.lenskit.util.test,NotANumberMatcher,matches,8,2,1,35,0,,
lenskit_lenskit,org.grouplens.lenskit.util.test,NotANumberMatcher,describeTo,3,1,1,44,0,,
lenskit_lenskit,org.grouplens.lenskit.util.test,LineCountMatcher,LineCountMatcher,3,1,1,40,0,,
lenskit_lenskit,org.grouplens.lenskit.util.test,LineCountMatcher,matches,11,1,1,44,0,org.grouplens.lenskit.util.test.LineCountMatcher,org.grouplens.lenskit.util.test.LineCountMatcher
lenskit_lenskit,org.grouplens.lenskit.util.test,LineCountMatcher,getLineCount,9,2,1,55,0,,
lenskit_lenskit,org.grouplens.lenskit.util.test,LineCountMatcher,describeTo,3,1,1,66,0,,
lenskit_lenskit,org.grouplens.lenskit.util.test,LineCountMatcher,describeMismatch,17,2,2,72,0,org.grouplens.lenskit.util.test.LineCountMatcher,org.grouplens.lenskit.util.test.LineCountMatcher
lenskit_lenskit,org.grouplens.lenskit.util.test,LoggingListener,testStarted,4,1,1,40,0,,
lenskit_lenskit,org.grouplens.lenskit.util.test,LoggingListener,testFinished,4,1,1,46,0,,
lenskit_lenskit,org.grouplens.lenskit.util.test,LoggingListener,testFailure,3,1,1,52,0,,
lenskit_lenskit,org.grouplens.lenskit.util.test,RegexMatcher,RegexMatcher,3,1,1,39,0,,
lenskit_lenskit,org.grouplens.lenskit.util.test,RegexMatcher,matches,3,1,1,43,0,,
lenskit_lenskit,org.grouplens.lenskit.util.test,RegexMatcher,describeTo,3,1,1,48,0,,
lenskit_lenskit,org.grouplens.lenskit.util.test,FileExistsMatcher,matches,8,2,1,36,0,,
lenskit_lenskit,org.grouplens.lenskit.util.test,FileExistsMatcher,describeTo,3,1,1,45,0,,
lenskit_lenskit,org.grouplens.lenskit.util.test,EquivalenceMatcherTest,testEqual,3,1,0,35,1,,
lenskit_lenskit,org.grouplens.lenskit.util.test,EquivalenceMatcherTest,testNotEqual,3,1,0,40,1,,
lenskit_lenskit,org.grouplens.lenskit.util.test,EquivalenceMatcherTest,testNotEquivalent,3,1,0,45,1,,
lenskit_lenskit,org.lenskit.util.test,LenskitGenerators,ratings,3,1,0,38,0,,
lenskit_lenskit,org.lenskit.util.test,LenskitGenerators,ratingsWithoutTimestamps,5,1,0,42,0,,
lenskit_lenskit,org.lenskit.util.test,RunScript,main,10,1,1,40,0,,
lenskit_lenskit,org.lenskit.build,CustomMavenDeploy,CustomMavenDeploy,3,1,0,15,0,,
lenskit_lenskit,org.lenskit.build,CustomMavenDeploy,getRepository,3,1,0,19,0,,
lenskit_lenskit,org.lenskit.build,CustomMavenDeploy,getMavenRepositoryLocator,3,1,0,23,0,,
lenskit_lenskit,org.grouplens.lenskit.test,VerifyTestRun,main,7,1,1,39,0,,
lenskit_lenskit,org.grouplens.lenskit.test,CrossfoldTestSuite,configureAlgorithm,0,1,1,47,0,,
lenskit_lenskit,org.grouplens.lenskit.test,CrossfoldTestSuite,checkResults,0,1,1,49,0,,
lenskit_lenskit,org.grouplens.lenskit.test,CrossfoldTestSuite,testAlgorithmAccuracy,13,1,0,51,1,,
lenskit_lenskit,org.grouplens.lenskit.test,CrossfoldTestSuite,addExtraConfig,2,1,1,68,0,,
lenskit_lenskit,org.grouplens.lenskit.test,ML100KTestSuite,getDaoConfig,5,1,0,57,0,,
lenskit_lenskit,org.grouplens.lenskit.test,ML100KTestSuite,createDAO,31,4,0,64,0,,
lenskit_lenskit,org.lenskit.predict.ordrec,OrdRecAccuracyTest,configureAlgorithm,10,1,1,48,0,,
lenskit_lenskit,org.lenskit.predict.ordrec,OrdRecAccuracyTest,checkResults,4,1,1,68,0,,
lenskit_lenskit,org.lenskit.predict.ordrec,OrdRecModel,OrdRecModel,12,2,1,43,0,,
lenskit_lenskit,org.lenskit.predict.ordrec,OrdRecModel,getT1,3,1,0,66,0,,
lenskit_lenskit,org.lenskit.predict.ordrec,OrdRecModel,getBeta,3,1,0,75,0,,
lenskit_lenskit,org.lenskit.predict.ordrec,OrdRecModel,getLevelCount,3,1,0,84,0,,
lenskit_lenskit,org.lenskit.predict.ordrec,OrdRecModel,getThreshold,18,5,1,93,0,,
lenskit_lenskit,org.lenskit.predict.ordrec,OrdRecModel,getProbLE,3,1,2,115,0,org.lenskit.predict.ordrec.OrdRecModel,org.lenskit.predict.ordrec.OrdRecModel
lenskit_lenskit,org.lenskit.predict.ordrec,OrdRecModel,getProbEQ,3,1,2,127,0,org.lenskit.predict.ordrec.OrdRecModel,org.lenskit.predict.ordrec.OrdRecModel
lenskit_lenskit,org.lenskit.predict.ordrec,OrdRecModel,getProbDistribution,9,2,2,138,0,org.lenskit.predict.ordrec.OrdRecModel,org.lenskit.predict.ordrec.OrdRecModel
lenskit_lenskit,org.lenskit.predict.ordrec,OrdRecModel,update,4,1,2,154,0,,
lenskit_lenskit,org.lenskit.predict.ordrec,OrdRecModel,toString,5,1,0,159,0,,
lenskit_lenskit,org.lenskit.predict.ordrec,OrdRecRatingPredictor,OrdRecRatingPredictor,8,1,6,76,0,,
lenskit_lenskit,org.lenskit.predict.ordrec,OrdRecRatingPredictor,OrdRecRatingPredictor,8,1,3,98,0,,
lenskit_lenskit,org.lenskit.predict.ordrec,OrdRecRatingPredictor,makeUserVector,8,2,2,113,0,,
lenskit_lenskit,org.lenskit.predict.ordrec,OrdRecRatingPredictor,dBeta,11,3,3,132,0,,
lenskit_lenskit,org.lenskit.predict.ordrec,OrdRecRatingPredictor,trainModel,23,4,3,152,0,org.lenskit.predict.ordrec.OrdRecRatingPredictor,org.lenskit.predict.ordrec.OrdRecRatingPredictor
lenskit_lenskit,org.lenskit.predict.ordrec,OrdRecRatingPredictor,predict,3,1,2,187,0,org.lenskit.predict.ordrec.OrdRecRatingPredictor,org.lenskit.predict.ordrec.OrdRecRatingPredictor
lenskit_lenskit,org.lenskit.predict.ordrec,OrdRecRatingPredictor,predictWithDetails,3,1,2,193,0,org.lenskit.predict.ordrec.OrdRecRatingPredictor,org.lenskit.predict.ordrec.OrdRecRatingPredictor
lenskit_lenskit,org.lenskit.predict.ordrec,OrdRecRatingPredictor,computePredictions,42,6,3,205,0,org.lenskit.predict.ordrec.OrdRecRatingPredictor,org.lenskit.predict.ordrec.OrdRecRatingPredictor
lenskit_lenskit,org.lenskit.predict.ordrec,OrdRecRatingPredictorTest,setup,16,1,0,50,0,,
lenskit_lenskit,org.lenskit.predict.ordrec,OrdRecRatingPredictorTest,testOrdRecPrediction1,8,1,0,72,1,,
lenskit_lenskit,org.lenskit.predict.ordrec,OrdRecRatingPredictorTest,testOrdRecPrediction2,8,1,0,102,1,,
lenskit_lenskit,org.lenskit.predict.ordrec,OrdRecRatingPredictorTest,testOrdRecPrediction3,8,1,0,132,1,,
lenskit_lenskit,org.lenskit.test,TestComponent,TestComponent,3,1,1,16,0,,
lenskit_lenskit,org.lenskit.test,TestComponent,predictWithDetails,3,1,2,21,0,,
lenskit_lenskit,org.lenskit.test,TestComponent,predict,3,1,2,27,0,,
lenskit_lenskit,org.lenskit.test,TestComponent,predict,3,1,2,32,0,,
lenskit_lenskit,org.lenskit.external,ExternalProcessItemScorerBuilder,setWorkingDir,4,1,1,78,0,,
lenskit_lenskit,org.lenskit.external,ExternalProcessItemScorerBuilder,setWorkingDir,3,1,1,88,0,org.lenskit.external.ExternalProcessItemScorerBuilder,org.lenskit.external.ExternalProcessItemScorerBuilder
lenskit_lenskit,org.lenskit.external,ExternalProcessItemScorerBuilder,setExecutable,4,1,1,97,0,,
lenskit_lenskit,org.lenskit.external,ExternalProcessItemScorerBuilder,addArgument,4,1,1,107,0,,
lenskit_lenskit,org.lenskit.external,ExternalProcessItemScorerBuilder,addArguments,6,2,1,117,0,org.lenskit.external.ExternalProcessItemScorerBuilder,org.lenskit.external.ExternalProcessItemScorerBuilder
lenskit_lenskit,org.lenskit.external,ExternalProcessItemScorerBuilder,addArguments,3,1,1,129,0,org.lenskit.external.ExternalProcessItemScorerBuilder,org.lenskit.external.ExternalProcessItemScorerBuilder
lenskit_lenskit,org.lenskit.external,ExternalProcessItemScorerBuilder,addRatingFileArgument,4,1,2,138,0,,
lenskit_lenskit,org.lenskit.external,ExternalProcessItemScorerBuilder,addRatingFileArgument,3,1,1,152,0,org.lenskit.external.ExternalProcessItemScorerBuilder,org.lenskit.external.ExternalProcessItemScorerBuilder
lenskit_lenskit,org.lenskit.external,ExternalProcessItemScorerBuilder,addItemFileArgument,4,1,2,163,0,,
lenskit_lenskit,org.lenskit.external,ExternalProcessItemScorerBuilder,addItemFileArgument,3,1,1,177,0,org.lenskit.external.ExternalProcessItemScorerBuilder,org.lenskit.external.ExternalProcessItemScorerBuilder
lenskit_lenskit,org.lenskit.external,ExternalProcessItemScorerBuilder,addUserFileArgument,4,1,2,188,0,,
lenskit_lenskit,org.lenskit.external,ExternalProcessItemScorerBuilder,addUserFileArgument,3,1,1,202,0,org.lenskit.external.ExternalProcessItemScorerBuilder,org.lenskit.external.ExternalProcessItemScorerBuilder
lenskit_lenskit,org.lenskit.external,ExternalProcessItemScorerBuilder,build,42,3,0,213,0,,
lenskit_lenskit,org.lenskit.external,ExternalProcessItemScorerBuilder,get,3,1,0,261,0,org.lenskit.external.ExternalProcessItemScorerBuilder,org.lenskit.external.ExternalProcessItemScorerBuilder
lenskit_lenskit,org.lenskit.external,ExternalProcessException,ExternalProcessException,2,1,0,33,0,,
lenskit_lenskit,org.lenskit.external,ExternalProcessException,ExternalProcessException,3,1,1,39,0,,
lenskit_lenskit,org.lenskit.external,ExternalProcessException,ExternalProcessException,3,1,2,47,0,,
lenskit_lenskit,org.lenskit.external,ExternalProcessException,ExternalProcessException,3,1,1,54,0,,
lenskit_lenskit,org.lenskit.predict,QuantizedRatingPredictor,QuantizedRatingPredictor,4,1,2,48,0,,
lenskit_lenskit,org.lenskit.predict,QuantizedRatingPredictor,predictWithDetails,10,2,2,60,0,,
lenskit_lenskit,org.lenskit.predict,KnownRatingRatingPredictor,KnownRatingRatingPredictor,3,1,1,57,0,,
lenskit_lenskit,org.lenskit.predict,KnownRatingRatingPredictor,predictWithDetails,12,3,2,62,0,,
lenskit_lenskit,org.lenskit.predict,RatingPredictorItemScorer,RatingPredictorItemScorer,3,1,1,46,0,,
lenskit_lenskit,org.lenskit.predict,RatingPredictorItemScorer,scoreWithDetails,3,1,2,51,0,,
lenskit_lenskit,org.lenskit.predict,RatingPredictorItemScorer,score,3,1,2,57,0,,
lenskit_lenskit,org.lenskit.predict,RatingPredictorItemScorer,score,3,1,2,62,0,,
lenskit_lenskit,org.lenskit.predict,KnownRatingRatingPredictorTest,createPredictor,15,1,0,53,0,,
lenskit_lenskit,org.lenskit.predict,KnownRatingRatingPredictorTest,testPredictForMissingUser,5,1,0,72,1,,
lenskit_lenskit,org.lenskit.predict,KnownRatingRatingPredictorTest,testPredictForRatingByGivenUser,8,1,0,82,1,,
lenskit_lenskit,org.lenskit.predict,KnownRatingRatingPredictorTest,testPredictForOnlyRatedItems,7,1,0,96,1,,
lenskit_lenskit,org.lenskit.predict,KnownRatingRatingPredictorTest,testPredictForUnratedItems,11,1,0,110,1,,
lenskit_lenskit,org.lenskit.knn.item,ItemItemItemBasedItemScorer,ItemItemItemBasedItemScorer,5,1,2,57,0,,
lenskit_lenskit,org.lenskit.knn.item,ItemItemItemBasedItemScorer,scoreRelatedItems,6,1,2,65,0,org.lenskit.knn.item.ItemItemItemBasedItemScorer,org.lenskit.knn.item.ItemItemItemBasedItemScorer
lenskit_lenskit,org.lenskit.knn.item,ItemItemItemBasedItemScorer,scoreRelatedItemsWithDetails,6,1,2,76,0,org.lenskit.knn.item.ItemItemItemBasedItemScorer,org.lenskit.knn.item.ItemItemItemBasedItemScorer
lenskit_lenskit,org.lenskit.knn.item,ItemItemItemBasedItemScorer,scoreItems,9,2,3,86,0,org.lenskit.knn.item.ItemItemItemBasedItemScorer,org.lenskit.knn.item.ItemItemItemBasedItemScorer
lenskit_lenskit,org.lenskit.knn.item,ItemItemItemBasedItemScorer,scoreItem,17,4,3,103,0,,
lenskit_lenskit,org.lenskit.knn.item,ItemVectorSimilarity,ItemVectorSimilarity,3,1,1,47,0,,
lenskit_lenskit,org.lenskit.knn.item,ItemVectorSimilarity,similarity,3,1,4,52,0,,
lenskit_lenskit,org.lenskit.knn.item,ItemVectorSimilarity,isSparse,3,1,0,57,0,,
lenskit_lenskit,org.lenskit.knn.item,ItemVectorSimilarity,isSymmetric,3,1,0,62,0,,
lenskit_lenskit,org.lenskit.knn.item,ItemVectorSimilarity,isThreadSafe,3,1,0,67,0,,
lenskit_lenskit,org.lenskit.knn.item,ItemVectorSimilarity,toString,3,1,0,72,0,,
lenskit_lenskit,org.lenskit.knn.item,ItemItemScoreAccumulator,ItemItemScoreAccumulator,2,1,0,42,0,,
lenskit_lenskit,org.lenskit.knn.item,ItemItemScoreAccumulator,add,0,1,4,44,0,,
lenskit_lenskit,org.lenskit.knn.item,ItemItemScoreAccumulator,applyReversedTransform,0,1,1,53,0,,
lenskit_lenskit,org.lenskit.knn.item,ItemItemScoreAccumulator,basic,3,1,1,59,0,,
lenskit_lenskit,org.lenskit.knn.item,ItemItemScoreAccumulator,detailed,3,1,1,68,0,,
lenskit_lenskit,org.lenskit.knn.item,ItemSimilarity,similarity,0,1,4,38,0,,
lenskit_lenskit,org.lenskit.knn.item,ItemSimilarity,isSparse,0,1,0,49,0,,
lenskit_lenskit,org.lenskit.knn.item,ItemSimilarity,isSymmetric,0,1,0,57,0,,
lenskit_lenskit,org.lenskit.knn.item,WeightedAverageNeighborhoodScorer,score,7,2,4,42,0,,
lenskit_lenskit,org.lenskit.knn.item,WeightedAverageNeighborhoodScorer,toString,3,1,0,51,0,,
lenskit_lenskit,org.lenskit.knn.item,NeighborhoodScorer,score,0,1,4,43,0,,
lenskit_lenskit,org.lenskit.knn.item,SimilaritySumNeighborhoodScorer,score,6,2,4,42,0,,
lenskit_lenskit,org.lenskit.knn.item,SimilaritySumNeighborhoodScorer,toString,3,1,0,50,0,,
lenskit_lenskit,org.lenskit.knn.item,ItemItemResult,ItemItemResult,5,1,4,36,0,,
lenskit_lenskit,org.lenskit.knn.item,ItemItemResult,getNeighborhoodSize,3,1,0,48,0,,
lenskit_lenskit,org.lenskit.knn.item,ItemItemResult,getNeighborWeight,3,1,0,56,0,,
lenskit_lenskit,org.lenskit.knn.item,ItemItemResult,rescore,3,1,1,64,0,org.lenskit.knn.item.ItemItemResult,org.lenskit.knn.item.ItemItemResult
lenskit_lenskit,org.lenskit.knn.item,ItemItemResult,toString,3,1,0,73,0,,
lenskit_lenskit,org.lenskit.knn.item,ItemItemResult,hashCode,3,1,0,83,0,,
lenskit_lenskit,org.lenskit.knn.item,ItemItemResult,equals,9,2,1,88,0,,
lenskit_lenskit,org.lenskit.knn.item,ItemItemScorer,ItemItemScorer,9,1,6,69,0,,
lenskit_lenskit,org.lenskit.knn.item,ItemItemScorer,getNormalizer,3,1,0,93,0,,
lenskit_lenskit,org.lenskit.knn.item,ItemItemScorer,score,8,1,2,98,0,org.lenskit.knn.item.ItemItemScorer,org.lenskit.knn.item.ItemItemScorer
lenskit_lenskit,org.lenskit.knn.item,ItemItemScorer,scoreWithDetails,8,1,2,111,0,org.lenskit.knn.item.ItemItemScorer,org.lenskit.knn.item.ItemItemScorer
lenskit_lenskit,org.lenskit.knn.item,ItemItemScorer,scoreItems,12,2,3,127,0,org.lenskit.knn.item.ItemItemScorer,org.lenskit.knn.item.ItemItemScorer
lenskit_lenskit,org.lenskit.knn.item,ItemItemScorer,scoreItem,22,6,3,149,0,,
lenskit_lenskit,org.lenskit.knn.item,ItemItemRecommenderBuildTest,setup,13,1,0,54,0,,
lenskit_lenskit,org.lenskit.knn.item,ItemItemRecommenderBuildTest,testItemItemRecommenderEngineCreate,9,1,0,75,1,,
lenskit_lenskit,org.lenskit.knn.item,ItemItemRecommenderBuildTest,testContextRemoved,5,1,0,93,1,,
lenskit_lenskit,org.lenskit.knn.item,ItemItemRecommenderBuildTest,testConfigSeparation,6,1,0,101,1,,
lenskit_lenskit,org.lenskit.knn.item,ItemItemRecommenderTest,setup,25,1,0,63,0,,
lenskit_lenskit,org.lenskit.knn.item,ItemItemRecommenderTest,teardown,3,1,0,94,0,,
lenskit_lenskit,org.lenskit.knn.item,ItemItemRecommenderTest,testItemScorerNoRating,10,1,0,99,1,,
lenskit_lenskit,org.lenskit.knn.item,ItemItemRecommenderTest,testItemScorerChannels,18,1,0,118,1,,
lenskit_lenskit,org.lenskit.knn.item,ItemItemRecommenderTest,testItemItemRecommender1,15,1,0,144,1,,
lenskit_lenskit,org.lenskit.knn.item,ItemItemRecommenderTest,testItemItemRecommenderNonSymmetric,18,1,0,171,1,,
lenskit_lenskit,org.lenskit.knn.item,ItemItemRecommenderTest,testItemItemRecommender2,10,1,0,203,1,,
lenskit_lenskit,org.lenskit.knn.item,ItemItemRecommenderTest,testItemItemRecommender3,35,1,0,224,1,,
lenskit_lenskit,org.lenskit.knn.item,ItemItemRecommenderTest,testItemItemRecommender4,46,1,0,277,1,,
lenskit_lenskit,org.lenskit.knn.item,ItemItemRecommenderTest,testRecommendWithMinCommonUsers,9,1,0,348,1,,
lenskit_lenskit,org.lenskit.knn.item,ItemItemRecommenderTest,testRecommendWithMinCommonUsers3,7,1,0,360,1,,
lenskit_lenskit,org.lenskit.knn.item,SimilaritySumNeighborhoodScorerTest,createScorer,3,1,0,44,0,,
lenskit_lenskit,org.lenskit.knn.item,SimilaritySumNeighborhoodScorerTest,closeTo,3,1,1,49,0,,
lenskit_lenskit,org.lenskit.knn.item,SimilaritySumNeighborhoodScorerTest,testEmpty,8,1,0,53,1,,
lenskit_lenskit,org.lenskit.knn.item,SimilaritySumNeighborhoodScorerTest,testEmptyNbrs,8,1,0,65,1,,
lenskit_lenskit,org.lenskit.knn.item,SimilaritySumNeighborhoodScorerTest,testOneNbr,9,1,0,77,1,,
lenskit_lenskit,org.lenskit.knn.item,SimilaritySumNeighborhoodScorerTest,testMultipleNeighbors,16,1,0,89,1,,
lenskit_lenskit,org.lenskit.knn.item,ItemItemGlobalRecommenderTest,setup,21,1,0,76,0,,
lenskit_lenskit,org.lenskit.knn.item,ItemItemGlobalRecommenderTest,teardown,3,1,0,104,0,,
lenskit_lenskit,org.lenskit.knn.item,ItemItemGlobalRecommenderTest,testGlobalItemScorerNoRating,12,1,0,109,1,,
lenskit_lenskit,org.lenskit.knn.item,ItemItemGlobalRecommenderTest,testGlobalItemItemRecommender1,12,1,0,128,1,,
lenskit_lenskit,org.lenskit.knn.item,ItemItemGlobalRecommenderTest,testGlobalItemItemRecommender2,8,1,0,147,1,,
lenskit_lenskit,org.lenskit.knn.item,ItemItemGlobalRecommenderTest,testGlobalItemItemRecommender4,15,1,0,160,1,,
lenskit_lenskit,org.lenskit.knn.item,ItemItemGlobalRecommenderTest,testGlobalItemItemRecommender5,9,1,0,181,1,,
lenskit_lenskit,org.lenskit.knn.item,ItemItemGlobalRecommenderTest,testGlobalItemItemRecommender7,17,1,0,195,1,,
lenskit_lenskit,org.lenskit.knn.item.model,ItemItemBuildContextProvider,ItemItemBuildContextProvider,5,1,3,57,0,,
lenskit_lenskit,org.lenskit.knn.item.model,ItemItemBuildContextProvider,ItemItemBuildContextProvider,3,1,2,72,0,,
lenskit_lenskit,org.lenskit.knn.item.model,ItemItemBuildContextProvider,get,23,2,0,77,0,org.lenskit.knn.item.model.ItemItemBuildContextProvider,org.lenskit.knn.item.model.ItemItemBuildContextProvider
lenskit_lenskit,org.lenskit.knn.item.model,ItemItemBuildContextProvider,buildItemRatings,24,5,2,113,0,,
lenskit_lenskit,org.lenskit.knn.item.model,ItemItemBuildContextProvider,pruneItems,15,5,2,151,0,,
lenskit_lenskit,org.lenskit.knn.item.model,ItemItemBuildContext,ItemItemBuildContext,5,1,3,68,0,,
lenskit_lenskit,org.lenskit.knn.item.model,ItemItemBuildContext,getItems,3,1,0,82,0,,
lenskit_lenskit,org.lenskit.knn.item.model,ItemItemBuildContext,itemVector,5,1,1,92,0,,
lenskit_lenskit,org.lenskit.knn.item.model,ItemItemBuildContext,getUserItems,7,2,1,107,0,,
lenskit_lenskit,org.lenskit.knn.item.model,NeighborIterationStrategy,neighborIterator,0,1,3,41,0,,
lenskit_lenskit,org.lenskit.knn.item.model,SimilarityMatrixModel,SimilarityMatrixModel,4,1,2,63,0,,
lenskit_lenskit,org.lenskit.knn.item.model,SimilarityMatrixModel,SimilarityMatrixModel,10,2,1,76,0,,
lenskit_lenskit,org.lenskit.knn.item.model,SimilarityMatrixModel,getItemUniverse,3,1,0,92,0,,
lenskit_lenskit,org.lenskit.knn.item.model,SimilarityMatrixModel,getNeighbors,9,2,1,97,0,,
lenskit_lenskit,org.lenskit.knn.item.model,SimilarityMatrixModel,toString,12,3,0,108,0,,
lenskit_lenskit,org.lenskit.knn.item.model,AdaptiveSparseItemIterator,AdaptiveSparseItemIterator,3,1,2,64,0,,
lenskit_lenskit,org.lenskit.knn.item.model,AdaptiveSparseItemIterator,AdaptiveSparseItemIterator,13,2,3,68,0,,
lenskit_lenskit,org.lenskit.knn.item.model,AdaptiveSparseItemIterator,maybeAdvance,44,12,0,84,0,,
lenskit_lenskit,org.lenskit.knn.item.model,AdaptiveSparseItemIterator,hasNext,4,1,0,137,0,org.lenskit.knn.item.model.AdaptiveSparseItemIterator,org.lenskit.knn.item.model.AdaptiveSparseItemIterator
lenskit_lenskit,org.lenskit.knn.item.model,AdaptiveSparseItemIterator,nextLong,10,2,0,143,0,org.lenskit.knn.item.model.AdaptiveSparseItemIterator,org.lenskit.knn.item.model.AdaptiveSparseItemIterator
lenskit_lenskit,org.lenskit.knn.item.model,NormalizingItemItemModelProvider,NormalizingItemItemModelProvider,7,1,5,58,0,,
lenskit_lenskit,org.lenskit.knn.item.model,NormalizingItemItemModelProvider,get,30,4,0,83,0,,
lenskit_lenskit,org.lenskit.knn.item.model,NormalizingItemItemModelProvider,toString,3,1,0,130,0,,
lenskit_lenskit,org.lenskit.knn.item.model,ItemItemModel,getItemUniverse,0,1,0,46,0,,
lenskit_lenskit,org.lenskit.knn.item.model,ItemItemModel,getNeighbors,0,1,1,53,0,,
lenskit_lenskit,org.lenskit.knn.item.model,ItemItemModelProvider,ItemItemModelProvider,8,1,6,77,0,,
lenskit_lenskit,org.lenskit.knn.item.model,ItemItemModelProvider,get,36,4,0,92,0,,
lenskit_lenskit,org.lenskit.knn.item.model,ItemItemModelProvider,makeSimilarityRow,20,5,1,144,0,,
lenskit_lenskit,org.lenskit.knn.item.model,ItemItemModelProvider,newAccumulator,10,2,0,170,0,,
lenskit_lenskit,org.lenskit.knn.item.model,ItemItemModelProvider,finishRows,7,2,1,181,0,,
lenskit_lenskit,org.lenskit.knn.item.model,DefaultNeighborIterationStrategyProvider,DefaultNeighborIterationStrategyProvider,3,1,1,45,0,,
lenskit_lenskit,org.lenskit.knn.item.model,DefaultNeighborIterationStrategyProvider,get,8,2,0,54,0,,
lenskit_lenskit,org.lenskit.knn.item.model,StandardVectorTruncatorProvider,StandardVectorTruncatorProvider,4,1,2,48,0,,
lenskit_lenskit,org.lenskit.knn.item.model,StandardVectorTruncatorProvider,get,8,2,0,60,0,,
lenskit_lenskit,org.lenskit.knn.item.model,StandardVectorTruncatorProvider,toString,3,1,0,69,0,,
lenskit_lenskit,org.lenskit.knn.item.model,SparseNeighborIterationStrategy,neighborIterator,4,1,3,37,0,,
lenskit_lenskit,org.lenskit.knn.item.model,BasicNeighborIterationStrategy,neighborIterator,8,2,3,36,0,,
lenskit_lenskit,org.lenskit.knn.item.model,NormalizingItemItemRecommenderBuildTest,setup,14,1,0,54,0,,
lenskit_lenskit,org.lenskit.knn.item.model,NormalizingItemItemRecommenderBuildTest,testItemItemRecommenderEngineCreate,9,1,0,76,1,,
lenskit_lenskit,org.lenskit.knn.item.model,NormalizingItemItemRecommenderBuildTest,testConfigSeparation,6,1,0,94,1,,
lenskit_lenskit,org.lenskit.knn.item.model,AdaptiveSparseItemIteratorTest,createContext,8,1,0,40,0,,
lenskit_lenskit,org.lenskit.knn.item.model,AdaptiveSparseItemIteratorTest,testEmptyUserSet,10,1,0,51,1,,
lenskit_lenskit,org.lenskit.knn.item.model,AdaptiveSparseItemIteratorTest,testSingleUserSet,5,1,0,63,1,,
lenskit_lenskit,org.lenskit.knn.item.model,AdaptiveSparseItemIteratorTest,testTwoUserSet,6,1,0,70,1,,
lenskit_lenskit,org.lenskit.knn.item.model,AdaptiveSparseItemIteratorTest,testTwoUserSetInvasive,13,1,0,78,1,,
lenskit_lenskit,org.lenskit.knn.item.model,AdaptiveSparseItemIteratorTest,testLowerBound,6,1,0,99,1,,
lenskit_lenskit,org.lenskit.knn.item.model,AdaptiveSparseItemIteratorTest,testAdaptive,6,1,0,107,1,,
lenskit_lenskit,org.lenskit.knn.item.model,ItemItemBuildContextTest,testAllItemsData,16,1,0,36,1,,
lenskit_lenskit,org.lenskit.knn.item.model,ItemItemBuildContextTest,testSomeItemsData,12,1,0,61,1,,
lenskit_lenskit,org.lenskit.knn.item.model,ItemItemBuildContextTest,testNoItemsData,6,1,0,88,1,,
lenskit_lenskit,org.lenskit.knn.item.model,ItemItemBuildContextTest,testEmpty,6,1,0,107,1,,
lenskit_lenskit,org.lenskit.knn.item.model,ItemItemBuildContextTest,testRatingIntegrity,5,2,3,120,0,,
lenskit_lenskit,org.lenskit.knn.user,UserUserResult,UserUserResult,5,1,4,36,0,,
lenskit_lenskit,org.lenskit.knn.user,UserUserResult,newBuilder,3,1,0,42,0,,
lenskit_lenskit,org.lenskit.knn.user,UserUserResult,getNeighborhoodSize,3,1,0,46,0,,
lenskit_lenskit,org.lenskit.knn.user,UserUserResult,getTotalNeighborWeight,3,1,0,54,0,,
lenskit_lenskit,org.lenskit.knn.user,UserUserResult,copyBuilder,3,1,0,62,0,org.lenskit.knn.user.UserUserResult,org.lenskit.knn.user.UserUserResult
lenskit_lenskit,org.lenskit.knn.user,UserUserResult,hashCode,3,1,0,70,0,,
lenskit_lenskit,org.lenskit.knn.user,UserUserResult,equals,9,2,1,77,0,,
lenskit_lenskit,org.lenskit.knn.user,SnapshotNeighborFinder,SnapshotNeighborFinder,7,1,5,56,0,,
lenskit_lenskit,org.lenskit.knn.user,SnapshotNeighborFinder,getCandidateNeighbors,28,5,2,69,0,,
lenskit_lenskit,org.lenskit.knn.user,SnapshotNeighborFinder,iterator,3,1,0,95,0,,
lenskit_lenskit,org.lenskit.knn.user,SnapshotNeighborFinder,acceptSimilarity,3,1,1,102,0,,
lenskit_lenskit,org.lenskit.knn.user,ResultBuilder,getItemId,3,1,0,36,0,,
lenskit_lenskit,org.lenskit.knn.user,ResultBuilder,setItemId,4,1,1,40,0,,
lenskit_lenskit,org.lenskit.knn.user,ResultBuilder,getScore,3,1,0,45,0,,
lenskit_lenskit,org.lenskit.knn.user,ResultBuilder,setScore,4,1,1,49,0,,
lenskit_lenskit,org.lenskit.knn.user,ResultBuilder,getNeighborhoodSize,3,1,0,54,0,,
lenskit_lenskit,org.lenskit.knn.user,ResultBuilder,setNeighborhoodSize,4,1,1,58,0,,
lenskit_lenskit,org.lenskit.knn.user,ResultBuilder,getTotalWeight,3,1,0,63,0,,
lenskit_lenskit,org.lenskit.knn.user,ResultBuilder,setTotalWeight,4,1,1,67,0,,
lenskit_lenskit,org.lenskit.knn.user,ResultBuilder,build,3,1,0,72,0,,
lenskit_lenskit,org.lenskit.knn.user,UserNeighborhoodScorer,score,0,1,2,37,0,,
lenskit_lenskit,org.lenskit.knn.user,UserUserItemScorer,UserUserItemScorer,7,1,5,64,0,,
lenskit_lenskit,org.lenskit.knn.user,UserUserItemScorer,scoreWithDetails,33,6,2,76,0,org.lenskit.knn.user.UserUserItemScorer,org.lenskit.knn.user.UserUserItemScorer
lenskit_lenskit,org.lenskit.knn.user,UserUserItemScorer,findNeighbors,25,6,2,128,0,,
lenskit_lenskit,org.lenskit.knn.user,LiveNeighborFinder,LiveNeighborFinder,9,1,6,61,0,,
lenskit_lenskit,org.lenskit.knn.user,LiveNeighborFinder,getCandidateNeighbors,15,2,2,87,0,org.lenskit.knn.user.LiveNeighborFinder,org.lenskit.knn.user.LiveNeighborFinder
lenskit_lenskit,org.lenskit.knn.user,LiveNeighborFinder,iterator,3,1,0,99,0,,
lenskit_lenskit,org.lenskit.knn.user,LiveNeighborFinder,findCandidateNeighbors,18,4,3,106,0,,
lenskit_lenskit,org.lenskit.knn.user,LiveNeighborFinder,acceptSimilarity,3,1,1,135,0,,
lenskit_lenskit,org.lenskit.knn.user,LiveNeighborFinder,getUserRatingVector,4,1,1,146,0,,
lenskit_lenskit,org.lenskit.knn.user,UserSimilarity,similarity,0,1,4,39,0,,
lenskit_lenskit,org.lenskit.knn.user,UserSimilarity,isSparse,0,1,0,50,0,,
lenskit_lenskit,org.lenskit.knn.user,UserSimilarity,isSymmetric,0,1,0,58,0,,
lenskit_lenskit,org.lenskit.knn.user,Neighbor,Neighbor,5,1,3,41,0,,
lenskit_lenskit,org.lenskit.knn.user,Neighbor,compare,3,1,2,57,0,,
lenskit_lenskit,org.lenskit.knn.user,NeighborFinder,getCandidateNeighbors,0,1,2,38,0,,
lenskit_lenskit,org.lenskit.knn.user,SimilaritySumUserNeighborhoodScorer,SimilaritySumUserNeighborhoodScorer,3,1,1,46,0,,
lenskit_lenskit,org.lenskit.knn.user,SimilaritySumUserNeighborhoodScorer,score,16,4,2,55,0,,
lenskit_lenskit,org.lenskit.knn.user,UserSnapshot,UserSnapshot,8,1,4,63,0,,
lenskit_lenskit,org.lenskit.knn.user,UserSnapshot,getUserVector,5,1,1,81,0,,
lenskit_lenskit,org.lenskit.knn.user,UserSnapshot,getNormalizedUserVector,5,1,1,92,0,,
lenskit_lenskit,org.lenskit.knn.user,UserSnapshot,getItemUsers,3,1,1,103,0,,
lenskit_lenskit,org.lenskit.knn.user,WeightedAverageUserNeighborhoodScorer,WeightedAverageUserNeighborhoodScorer,3,1,1,46,0,,
lenskit_lenskit,org.lenskit.knn.user,WeightedAverageUserNeighborhoodScorer,score,18,4,2,55,0,,
lenskit_lenskit,org.lenskit.knn.user,UserVectorSimilarity,UserVectorSimilarity,3,1,1,46,0,,
lenskit_lenskit,org.lenskit.knn.user,UserVectorSimilarity,similarity,3,1,4,51,0,,
lenskit_lenskit,org.lenskit.knn.user,UserVectorSimilarity,isSparse,3,1,0,56,0,,
lenskit_lenskit,org.lenskit.knn.user,UserVectorSimilarity,isSymmetric,3,1,0,61,0,,
lenskit_lenskit,org.lenskit.knn.user,UserVectorSimilarity,toString,3,1,0,66,0,,
lenskit_lenskit,org.lenskit.knn.user,UserUserRecommenderTest,setup,28,1,0,52,0,,
lenskit_lenskit,org.lenskit.knn.user,UserUserRecommenderTest,teardown,3,1,0,89,0,,
lenskit_lenskit,org.lenskit.knn.user,UserUserRecommenderTest,testUserUserRecommender1,16,1,0,94,1,,
lenskit_lenskit,org.lenskit.knn.user,UserUserRecommenderTest,testUserUserRecommender2,29,1,0,125,1,,
lenskit_lenskit,org.lenskit.knn.user,UserUserRecommenderTest,testUserUserRecommender3,46,1,0,177,1,,
lenskit_lenskit,org.lenskit.knn.user,UserUserRecommenderTest,testUserUserRecommender4,52,1,0,249,1,,
lenskit_lenskit,org.lenskit.knn.user,UserUserRecommenderBuildTest,setup,14,1,0,48,0,,
lenskit_lenskit,org.lenskit.knn.user,UserUserRecommenderBuildTest,testUserUserRecommenderEngineCreate,10,1,0,68,1,,
lenskit_lenskit,org.lenskit.knn.user,UserUserRecommenderBuildTest,testSnapshot,22,1,0,85,1,,
lenskit_lenskit,org.lenskit.cli,Command,getName,0,1,0,40,0,,
lenskit_lenskit,org.lenskit.cli,Command,getHelp,0,1,0,47,0,,
lenskit_lenskit,org.lenskit.cli,Command,configureArguments,0,1,1,54,0,,
lenskit_lenskit,org.lenskit.cli,Command,execute,0,1,1,61,0,,
lenskit_lenskit,org.lenskit.cli,LenskitCommandException,LenskitCommandException,3,1,0,31,0,,
lenskit_lenskit,org.lenskit.cli,LenskitCommandException,LenskitCommandException,3,1,1,35,0,,
lenskit_lenskit,org.lenskit.cli,LenskitCommandException,LenskitCommandException,3,1,2,39,0,,
lenskit_lenskit,org.lenskit.cli,LenskitCommandException,LenskitCommandException,3,1,1,43,0,,
lenskit_lenskit,org.lenskit.cli,LenskitCommandException,LenskitCommandException,3,1,4,47,0,,
lenskit_lenskit,org.lenskit.cli,Main,main,30,2,1,45,0,,
lenskit_lenskit,org.lenskit.cli.util,RecommenderLoader,RecommenderLoader,5,1,3,55,0,,
lenskit_lenskit,org.lenskit.cli.util,RecommenderLoader,configureArguments,4,1,1,61,0,,
lenskit_lenskit,org.lenskit.cli.util,RecommenderLoader,getConfigFiles,3,1,0,73,0,,
lenskit_lenskit,org.lenskit.cli.util,RecommenderLoader,loadEngine,36,4,0,77,0,org.lenskit.cli.util.RecommenderLoader,org.lenskit.cli.util.RecommenderLoader
lenskit_lenskit,org.lenskit.cli.util,InputData,InputData,4,1,2,61,0,,
lenskit_lenskit,org.lenskit.cli.util,InputData,getSource,70,13,0,66,0,org.lenskit.cli.util.InputData,org.lenskit.cli.util.InputData
lenskit_lenskit,org.lenskit.cli.util,InputData,loadDataSource,14,1,2,147,0,,
lenskit_lenskit,org.lenskit.cli.util,InputData,getDAO,4,1,0,162,0,org.lenskit.cli.util.InputData,org.lenskit.cli.util.InputData
lenskit_lenskit,org.lenskit.cli.util,InputData,getConfiguration,8,2,0,172,0,org.lenskit.cli.util.InputData,org.lenskit.cli.util.InputData
lenskit_lenskit,org.lenskit.cli.util,InputData,toString,4,1,0,182,0,org.lenskit.cli.util.InputData,org.lenskit.cli.util.InputData
lenskit_lenskit,org.lenskit.cli.util,InputData,configureArguments,3,1,1,188,0,org.lenskit.cli.util.InputData,org.lenskit.cli.util.InputData
lenskit_lenskit,org.lenskit.cli.util,InputData,configureArguments,13,1,2,192,0,,
lenskit_lenskit,org.lenskit.cli.util,ScriptEnvironment,configureArguments,5,1,1,56,0,,
lenskit_lenskit,org.lenskit.cli.util,ScriptEnvironment,ScriptEnvironment,16,4,1,86,0,,
lenskit_lenskit,org.lenskit.cli.util,ScriptEnvironment,getProperties,3,1,0,103,0,,
lenskit_lenskit,org.lenskit.cli.util,ScriptEnvironment,getClasspath,3,1,0,111,0,,
lenskit_lenskit,org.lenskit.cli.util,ScriptEnvironment,getClassLoader,25,4,0,119,0,,
lenskit_lenskit,org.lenskit.cli.util,ScriptEnvironment,loadConfigurations,11,3,1,147,0,org.lenskit.cli.util.ScriptEnvironment,org.lenskit.cli.util.ScriptEnvironment
lenskit_lenskit,org.lenskit.cli.util,Logging,Logging,2,1,0,50,0,,
lenskit_lenskit,org.lenskit.cli.util,Logging,addLoggingGroup,7,1,1,58,0,,
lenskit_lenskit,org.lenskit.cli.util,Logging,configureLogging,58,6,1,78,0,,
lenskit_lenskit,org.lenskit.cli.commands,Graph,getName,3,1,0,62,0,,
lenskit_lenskit,org.lenskit.cli.commands,Graph,getHelp,3,1,0,67,0,,
lenskit_lenskit,org.lenskit.cli.commands,Graph,makeDataConfig,10,2,1,72,0,,
lenskit_lenskit,org.lenskit.cli.commands,Graph,loadModel,10,2,2,83,0,org.lenskit.cli.commands.Graph,org.lenskit.cli.commands.Graph
lenskit_lenskit,org.lenskit.cli.commands,Graph,makeNewGraph,13,2,1,102,0,org.lenskit.cli.commands.Graph,org.lenskit.cli.commands.Graph
lenskit_lenskit,org.lenskit.cli.commands,Graph,execute,35,4,1,122,0,org.lenskit.cli.commands.Graph,org.lenskit.cli.commands.Graph
lenskit_lenskit,org.lenskit.cli.commands,Graph,writeDotFile,6,1,2,155,0,,
lenskit_lenskit,org.lenskit.cli.commands,Graph,writeSvgFile,29,1,2,162,0,,
lenskit_lenskit,org.lenskit.cli.commands,Graph,configureArguments,9,1,1,193,0,,
lenskit_lenskit,org.lenskit.cli.commands,Predict,getName,3,1,0,69,0,,
lenskit_lenskit,org.lenskit.cli.commands,Predict,getHelp,3,1,0,74,0,,
lenskit_lenskit,org.lenskit.cli.commands,Predict,execute,69,7,1,79,0,org.lenskit.cli.commands.Predict,org.lenskit.cli.commands.Predict
lenskit_lenskit,org.lenskit.cli.commands,Predict,predict,21,4,5,158,0,,
lenskit_lenskit,org.lenskit.cli.commands,Predict,configureArguments,10,1,1,180,0,,
lenskit_lenskit,org.lenskit.cli.commands,GlobalRecommend,getName,3,1,0,64,0,,
lenskit_lenskit,org.lenskit.cli.commands,GlobalRecommend,getHelp,3,1,0,69,0,,
lenskit_lenskit,org.lenskit.cli.commands,GlobalRecommend,execute,37,4,1,74,0,,
lenskit_lenskit,org.lenskit.cli.commands,GlobalRecommend,configureArguments,9,1,1,117,0,,
lenskit_lenskit,org.lenskit.cli.commands,Crossfold,getName,3,1,0,54,0,,
lenskit_lenskit,org.lenskit.cli.commands,Crossfold,getHelp,3,1,0,59,0,,
lenskit_lenskit,org.lenskit.cli.commands,Crossfold,getDelimiter,3,1,1,64,0,,
lenskit_lenskit,org.lenskit.cli.commands,Crossfold,execute,10,1,1,68,0,org.lenskit.cli.commands.Crossfold,org.lenskit.cli.commands.Crossfold
lenskit_lenskit,org.lenskit.cli.commands,Crossfold,configureCrossfolder,0,18,1,79,0,org.lenskit.cli.commands.Crossfold,org.lenskit.cli.commands.Crossfold
lenskit_lenskit,org.lenskit.cli.commands,Crossfold,configureArguments,23,1,1,166,0,,
lenskit_lenskit,org.lenskit.cli.commands,Version,getName,3,1,0,38,0,,
lenskit_lenskit,org.lenskit.cli.commands,Version,getHelp,3,1,0,43,0,,
lenskit_lenskit,org.lenskit.cli.commands,Version,execute,7,2,1,48,0,,
lenskit_lenskit,org.lenskit.cli.commands,Version,configureArguments,3,1,1,57,0,,
lenskit_lenskit,org.lenskit.cli.commands,Simulate,configureArguments,10,1,1,52,0,,
lenskit_lenskit,org.lenskit.cli.commands,Simulate,getName,3,1,0,83,0,,
lenskit_lenskit,org.lenskit.cli.commands,Simulate,getHelp,3,1,0,88,0,,
lenskit_lenskit,org.lenskit.cli.commands,Simulate,execute,35,4,1,93,0,,
lenskit_lenskit,org.lenskit.cli.commands,Recommend,getName,3,1,0,65,0,,
lenskit_lenskit,org.lenskit.cli.commands,Recommend,getHelp,3,1,0,70,0,,
lenskit_lenskit,org.lenskit.cli.commands,Recommend,execute,33,3,1,75,0,org.lenskit.cli.commands.Recommend,org.lenskit.cli.commands.Recommend
lenskit_lenskit,org.lenskit.cli.commands,Recommend,openOutput,8,2,2,112,0,,
lenskit_lenskit,org.lenskit.cli.commands,Recommend,configureArguments,9,1,1,120,0,,
lenskit_lenskit,org.lenskit.cli.commands,TrainModel,getName,3,1,0,56,0,,
lenskit_lenskit,org.lenskit.cli.commands,TrainModel,getHelp,3,1,0,61,0,,
lenskit_lenskit,org.lenskit.cli.commands,TrainModel,execute,27,2,1,66,0,,
lenskit_lenskit,org.lenskit.cli.commands,TrainModel,configureArguments,7,1,1,96,0,,
lenskit_lenskit,org.lenskit.cli.commands,TrainTest,getName,3,1,0,47,0,,
lenskit_lenskit,org.lenskit.cli.commands,TrainTest,getHelp,3,1,0,52,0,,
lenskit_lenskit,org.lenskit.cli.commands,TrainTest,configureArguments,4,1,1,57,0,,
lenskit_lenskit,org.lenskit.cli.commands,TrainTest,getSpecFile,3,1,1,67,0,,
lenskit_lenskit,org.lenskit.cli.commands,TrainTest,execute,20,1,1,71,0,org.lenskit.cli.commands.TrainTest,org.lenskit.cli.commands.TrainTest
lenskit_lenskit,org.lenskit.cli.commands,RunScript,getName,3,1,0,55,0,,
lenskit_lenskit,org.lenskit.cli.commands,RunScript,getHelp,3,1,0,60,0,,
lenskit_lenskit,org.lenskit.cli.commands,RunScript,configureArguments,8,1,1,65,0,,
lenskit_lenskit,org.lenskit.cli.commands,RunScript,execute,31,1,1,82,0,,
lenskit_lenskit,org.grouplens.lenskit.transform.truncate,NoOpTruncator,truncate,3,1,1,42,0,,
lenskit_lenskit,org.grouplens.lenskit.transform.truncate,TopNTruncator,TopNTruncator,9,2,2,46,0,,
lenskit_lenskit,org.grouplens.lenskit.transform.truncate,TopNTruncator,TopNTruncator,3,1,1,55,0,,
lenskit_lenskit,org.grouplens.lenskit.transform.truncate,TopNTruncator,truncate,10,3,1,59,0,,
lenskit_lenskit,org.grouplens.lenskit.transform.truncate,VectorTruncator,truncate,0,1,1,36,0,,
lenskit_lenskit,org.grouplens.lenskit.transform.truncate,ThresholdTruncator,ThresholdTruncator,3,1,1,47,0,,
lenskit_lenskit,org.grouplens.lenskit.transform.truncate,ThresholdTruncator,truncate,9,3,1,52,0,,
lenskit_lenskit,org.grouplens.lenskit.transform.truncate,ThresholdTruncatorTest,testTruncate,14,2,0,39,1,,
lenskit_lenskit,org.grouplens.lenskit.transform.truncate,TopNTruncatorTest,testSimpleTruncate,14,2,0,38,1,,
lenskit_lenskit,org.grouplens.lenskit.transform.truncate,NoOpTruncatorTest,testSimpleTruncate,14,2,0,38,1,,
lenskit_lenskit,org.grouplens.lenskit.transform.clamp,RatingRangeClampingFunction,RatingRangeClampingFunction,3,1,1,47,0,,
lenskit_lenskit,org.grouplens.lenskit.transform.clamp,RatingRangeClampingFunction,apply,3,1,3,52,0,,
lenskit_lenskit,org.grouplens.lenskit.transform.clamp,ClampingFunction,apply,0,1,3,37,0,,
lenskit_lenskit,org.grouplens.lenskit.transform.clamp,IdentityClampingFunction,apply,3,1,3,41,0,,
lenskit_lenskit,org.grouplens.lenskit.transform.threshold,AbsoluteThreshold,AbsoluteThreshold,3,1,1,42,0,,
lenskit_lenskit,org.grouplens.lenskit.transform.threshold,AbsoluteThreshold,retain,3,1,1,52,0,,
lenskit_lenskit,org.grouplens.lenskit.transform.threshold,Threshold,retain,0,1,1,35,0,,
lenskit_lenskit,org.grouplens.lenskit.transform.threshold,RealThreshold,RealThreshold,3,1,1,42,0,,
lenskit_lenskit,org.grouplens.lenskit.transform.threshold,RealThreshold,getValue,3,1,0,47,0,,
lenskit_lenskit,org.grouplens.lenskit.transform.threshold,RealThreshold,retain,3,1,1,56,0,,
lenskit_lenskit,org.grouplens.lenskit.transform.threshold,NoThreshold,retain,3,1,1,39,0,,
lenskit_lenskit,org.lenskit,LenskitRecommenderEngineLoader,getClassLoader,3,1,0,61,0,,
lenskit_lenskit,org.lenskit,LenskitRecommenderEngineLoader,setClassLoader,4,1,1,69,0,,
lenskit_lenskit,org.lenskit,LenskitRecommenderEngineLoader,addConfiguration,4,1,1,79,0,,
lenskit_lenskit,org.lenskit,LenskitRecommenderEngineLoader,setValidationMode,5,1,1,94,0,,
lenskit_lenskit,org.lenskit,LenskitRecommenderEngineLoader,setCompressionMode,4,1,1,106,0,,
lenskit_lenskit,org.lenskit,LenskitRecommenderEngineLoader,load,10,2,1,115,0,org.lenskit.LenskitRecommenderEngineLoader,org.lenskit.LenskitRecommenderEngineLoader
lenskit_lenskit,org.lenskit,LenskitRecommenderEngineLoader,load,8,1,1,141,0,org.lenskit.LenskitRecommenderEngineLoader,org.lenskit.LenskitRecommenderEngineLoader
lenskit_lenskit,org.lenskit,LenskitRecommenderEngineLoader,readGraph,3,1,1,160,0,,
lenskit_lenskit,org.lenskit,LenskitRecommenderEngineLoader,loadInternal,51,8,1,175,0,org.lenskit.LenskitRecommenderEngineLoader,org.lenskit.LenskitRecommenderEngineLoader
lenskit_lenskit,org.lenskit,LenskitBinding,toInstance,0,1,1,40,0,,
lenskit_lenskit,org.lenskit,LenskitBinding,withQualifier,0,1,1,46,0,,
lenskit_lenskit,org.lenskit,LenskitBinding,withQualifier,0,1,1,48,0,,
lenskit_lenskit,org.lenskit,LenskitBinding,withAnyQualifier,0,1,0,50,0,,
lenskit_lenskit,org.lenskit,LenskitBinding,unqualified,0,1,0,52,0,,
lenskit_lenskit,org.lenskit,LenskitBinding,exclude,0,1,1,54,0,,
lenskit_lenskit,org.lenskit,LenskitBinding,shared,0,1,0,56,0,,
lenskit_lenskit,org.lenskit,LenskitBinding,unshared,0,1,0,58,0,,
lenskit_lenskit,org.lenskit,LenskitRecommenderEngine,LenskitRecommenderEngine,5,1,2,74,0,,
lenskit_lenskit,org.lenskit,LenskitRecommenderEngine,load,3,1,1,87,0,org.lenskit.LenskitRecommenderEngine,org.lenskit.LenskitRecommenderEngine
lenskit_lenskit,org.lenskit,LenskitRecommenderEngine,load,3,1,2,103,0,org.lenskit.LenskitRecommenderEngine,org.lenskit.LenskitRecommenderEngine
lenskit_lenskit,org.lenskit,LenskitRecommenderEngine,load,3,1,1,121,0,org.lenskit.LenskitRecommenderEngine,org.lenskit.LenskitRecommenderEngine
lenskit_lenskit,org.lenskit,LenskitRecommenderEngine,write,3,1,1,137,0,org.lenskit.LenskitRecommenderEngine,org.lenskit.LenskitRecommenderEngine
lenskit_lenskit,org.lenskit,LenskitRecommenderEngine,write,5,1,2,151,0,,
lenskit_lenskit,org.lenskit,LenskitRecommenderEngine,write,5,1,1,169,0,,
lenskit_lenskit,org.lenskit,LenskitRecommenderEngine,createRecommender,4,1,0,185,0,,
lenskit_lenskit,org.lenskit,LenskitRecommenderEngine,createRecommender,4,1,1,197,0,org.lenskit.LenskitRecommenderEngine,org.lenskit.LenskitRecommenderEngine
lenskit_lenskit,org.lenskit,LenskitRecommenderEngine,createRecommender,7,2,1,211,0,org.lenskit.LenskitRecommenderEngine,org.lenskit.LenskitRecommenderEngine
lenskit_lenskit,org.lenskit,LenskitRecommenderEngine,createRecommenderGraph,15,1,1,224,0,,
lenskit_lenskit,org.lenskit,LenskitRecommenderEngine,isInstantiable,3,1,0,239,0,,
lenskit_lenskit,org.lenskit,LenskitRecommenderEngine,getGraph,3,1,0,248,0,,
lenskit_lenskit,org.lenskit,LenskitRecommenderEngine,getComponent,13,3,1,258,0,,
lenskit_lenskit,org.lenskit,LenskitRecommenderEngine,build,3,1,1,280,0,org.lenskit.LenskitRecommenderEngine,org.lenskit.LenskitRecommenderEngine
lenskit_lenskit,org.lenskit,LenskitRecommenderEngine,build,3,1,2,292,0,org.lenskit.LenskitRecommenderEngine,org.lenskit.LenskitRecommenderEngine
lenskit_lenskit,org.lenskit,LenskitRecommenderEngine,newBuilder,3,1,0,304,0,,
lenskit_lenskit,org.lenskit,LenskitRecommenderEngine,newLoader,3,1,0,312,0,,
lenskit_lenskit,org.lenskit,LenskitRecommender,LenskitRecommender,3,1,1,54,0,,
lenskit_lenskit,org.lenskit,LenskitRecommender,get,8,1,1,64,0,,
lenskit_lenskit,org.lenskit,LenskitRecommender,get,8,1,2,83,0,,
lenskit_lenskit,org.lenskit,LenskitRecommender,get,8,1,2,103,0,,
lenskit_lenskit,org.lenskit,LenskitRecommender,getItemScorer,3,1,0,123,0,,
lenskit_lenskit,org.lenskit,LenskitRecommender,getRatingPredictor,3,1,0,128,0,,
lenskit_lenskit,org.lenskit,LenskitRecommender,getItemRecommender,3,1,0,133,0,,
lenskit_lenskit,org.lenskit,LenskitRecommender,getItemBasedItemScorer,3,1,0,138,0,,
lenskit_lenskit,org.lenskit,LenskitRecommender,getItemBasedItemRecommender,3,1,0,144,0,,
lenskit_lenskit,org.lenskit,LenskitRecommender,getDataAccessObject,7,2,0,150,0,,
lenskit_lenskit,org.lenskit,LenskitRecommender,close,3,1,0,163,0,,
lenskit_lenskit,org.lenskit,LenskitRecommender,build,3,1,1,168,0,,
lenskit_lenskit,org.lenskit,LenskitRecommender,build,3,1,2,186,0,,
lenskit_lenskit,org.lenskit,LenskitConfigContext,bind,0,1,1,44,0,,
lenskit_lenskit,org.lenskit,LenskitConfigContext,bind,0,1,2,46,0,,
lenskit_lenskit,org.lenskit,LenskitConfigContext,bindAny,0,1,1,48,0,,
lenskit_lenskit,org.lenskit,LenskitConfigContext,set,0,1,1,51,0,,
lenskit_lenskit,org.lenskit,LenskitConfigContext,addComponent,0,1,1,62,0,,
lenskit_lenskit,org.lenskit,LenskitConfigContext,addComponent,0,1,1,75,0,,
lenskit_lenskit,org.lenskit,LenskitConfigContext,in,0,1,1,88,0,,
lenskit_lenskit,org.lenskit,LenskitConfigContext,in,0,1,2,92,0,,
lenskit_lenskit,org.lenskit,LenskitConfigContext,in,0,1,2,97,0,,
lenskit_lenskit,org.lenskit,LenskitConfigContext,within,0,1,1,101,0,,
lenskit_lenskit,org.lenskit,LenskitConfigContext,within,0,1,2,104,0,,
lenskit_lenskit,org.lenskit,LenskitConfigContext,within,0,1,2,108,0,,
lenskit_lenskit,org.lenskit,LenskitConfigContext,matching,0,1,1,111,0,,
lenskit_lenskit,org.lenskit,LenskitConfigContext,at,0,1,1,114,0,,
lenskit_lenskit,org.lenskit,LenskitConfigContext,at,0,1,2,117,0,,
lenskit_lenskit,org.lenskit,LenskitConfigContext,at,0,1,2,121,0,,
lenskit_lenskit,org.lenskit,LenskitRecommenderEngineBuilder,getClassLoader,3,1,0,65,0,,
lenskit_lenskit,org.lenskit,LenskitRecommenderEngineBuilder,setClassLoader,4,1,1,75,0,,
lenskit_lenskit,org.lenskit,LenskitRecommenderEngineBuilder,addConfiguration,3,1,1,85,0,org.lenskit.LenskitRecommenderEngineBuilder,org.lenskit.LenskitRecommenderEngineBuilder
lenskit_lenskit,org.lenskit,LenskitRecommenderEngineBuilder,addConfiguration,4,1,2,95,0,,
lenskit_lenskit,org.lenskit,LenskitRecommenderEngineBuilder,build,3,1,0,106,0,org.lenskit.LenskitRecommenderEngineBuilder,org.lenskit.LenskitRecommenderEngineBuilder
lenskit_lenskit,org.lenskit,LenskitRecommenderEngineBuilder,build,7,1,1,119,0,org.lenskit.LenskitRecommenderEngineBuilder,org.lenskit.LenskitRecommenderEngineBuilder
lenskit_lenskit,org.lenskit,LenskitRecommenderEngineBuilder,buildRecommender,5,1,1,137,0,org.lenskit.LenskitRecommenderEngineBuilder,org.lenskit.LenskitRecommenderEngineBuilder
lenskit_lenskit,org.lenskit,LenskitRecommenderEngineBuilder,buildRecommenderGraph,22,3,1,153,0,,
lenskit_lenskit,org.lenskit,LenskitRecommenderEngineBuilder,instantiateGraph,5,1,1,185,0,,
lenskit_lenskit,org.lenskit,LenskitRecommenderEngineBuilder,rewriteExcludedComponents,30,5,2,197,0,,
lenskit_lenskit,org.lenskit,LenskitInfo,LenskitInfo,2,1,0,50,0,,
lenskit_lenskit,org.lenskit,LenskitInfo,loadRevisionSet,29,3,0,53,0,,
lenskit_lenskit,org.lenskit,LenskitInfo,getRevisions,8,2,0,80,0,org.lenskit.LenskitInfo,org.lenskit.LenskitInfo
lenskit_lenskit,org.lenskit,LenskitInfo,includesRevision,3,1,1,95,0,org.lenskit.LenskitInfo,org.lenskit.LenskitInfo
lenskit_lenskit,org.lenskit,LenskitInfo,getHeadRevision,9,2,0,105,0,org.lenskit.LenskitInfo,org.lenskit.LenskitInfo
lenskit_lenskit,org.lenskit,LenskitInfo,lenskitVersion,10,1,0,119,0,,
lenskit_lenskit,org.lenskit,LenskitConfiguration,LenskitConfiguration,5,1,0,66,0,,
lenskit_lenskit,org.lenskit,LenskitConfiguration,LenskitConfiguration,4,1,1,75,0,,
lenskit_lenskit,org.lenskit,LenskitConfiguration,copy,3,1,0,84,0,,
lenskit_lenskit,org.lenskit,LenskitConfiguration,addRoot,3,1,1,92,0,,
lenskit_lenskit,org.lenskit,LenskitConfiguration,clearRoots,3,1,0,104,0,,
lenskit_lenskit,org.lenskit,LenskitConfiguration,bind,3,1,1,112,0,,
lenskit_lenskit,org.lenskit,LenskitConfiguration,within,3,1,1,117,0,,
lenskit_lenskit,org.lenskit,LenskitConfiguration,within,3,1,2,122,0,,
lenskit_lenskit,org.lenskit,LenskitConfiguration,within,3,1,2,127,0,,
lenskit_lenskit,org.lenskit,LenskitConfiguration,matching,3,1,1,132,0,,
lenskit_lenskit,org.lenskit,LenskitConfiguration,at,3,1,1,137,0,,
lenskit_lenskit,org.lenskit,LenskitConfiguration,at,3,1,2,142,0,,
lenskit_lenskit,org.lenskit,LenskitConfiguration,at,3,1,2,147,0,,
lenskit_lenskit,org.lenskit,LenskitConfiguration,getBindings,3,1,0,152,0,,
lenskit_lenskit,org.lenskit,LenskitConfiguration,getRoots,3,1,0,156,0,,
lenskit_lenskit,org.lenskit,LenskitConfiguration,buildGraph,11,1,0,160,0,,
lenskit_lenskit,org.lenskit,RecommenderConfigurationException,RecommenderConfigurationException,2,1,0,42,0,,
lenskit_lenskit,org.lenskit,RecommenderConfigurationException,RecommenderConfigurationException,3,1,1,45,0,,
lenskit_lenskit,org.lenskit,RecommenderConfigurationException,RecommenderConfigurationException,3,1,2,49,0,,
lenskit_lenskit,org.lenskit,RecommenderConfigurationException,RecommenderConfigurationException,3,1,1,53,0,,
lenskit_lenskit,org.lenskit,RecommenderConfigurationException,addHint,3,1,2,57,0,,
lenskit_lenskit,org.lenskit,RecommenderConfigurationException,getHints,3,1,0,61,0,,
lenskit_lenskit,org.lenskit,RecommenderConfigurationException,toString,7,2,0,65,0,,
lenskit_lenskit,org.lenskit,LenskitConfigurationTest,testSetFile,8,1,0,35,1,,
lenskit_lenskit,org.lenskit,LenskitInfoTest,verifyHasRevisions,3,1,0,39,0,,
lenskit_lenskit,org.lenskit,LenskitInfoTest,testGetRevisions,3,1,0,46,1,,
lenskit_lenskit,org.lenskit,LenskitInfoTest,testIncludesRevision,3,1,0,52,1,,
lenskit_lenskit,org.lenskit.hybrid,RankBlendingItemRecommender,RankBlendingItemRecommender,5,1,3,61,0,,
lenskit_lenskit,org.lenskit.hybrid,RankBlendingItemRecommender,recommendWithDetails,6,1,4,74,0,org.lenskit.hybrid.RankBlendingItemRecommender,org.lenskit.hybrid.RankBlendingItemRecommender
lenskit_lenskit,org.lenskit.hybrid,RankBlendingItemRecommender,merge,20,2,4,84,0,org.lenskit.hybrid.RankBlendingItemRecommender,org.lenskit.hybrid.RankBlendingItemRecommender
lenskit_lenskit,org.lenskit.hybrid,RankBlendingItemRecommender,rankToScore,11,3,2,108,0,,
lenskit_lenskit,org.lenskit.hybrid,RankBlendResult,RankBlendResult,7,1,6,37,0,,
lenskit_lenskit,org.lenskit.hybrid,RankBlendResult,getLeft,3,1,0,45,0,,
lenskit_lenskit,org.lenskit.hybrid,RankBlendResult,getLeftRank,3,1,0,53,0,,
lenskit_lenskit,org.lenskit.hybrid,RankBlendResult,getRight,3,1,0,61,0,,
lenskit_lenskit,org.lenskit.hybrid,RankBlendResult,getRightRank,3,1,0,69,0,,
lenskit_lenskit,org.lenskit.hybrid,RankBlendingItemRecommenderTest,testBlendScores,12,1,0,36,1,,
lenskit_lenskit,org.lenskit.data.entities,AbstractEntity,AbstractEntity,4,1,2,48,0,,
lenskit_lenskit,org.lenskit.data.entities,AbstractEntity,getId,3,1,0,53,0,,
lenskit_lenskit,org.lenskit.data.entities,AbstractEntity,getType,3,1,0,59,0,,
lenskit_lenskit,org.lenskit.data.entities,AbstractEntity,hasAttribute,4,1,1,64,0,,
lenskit_lenskit,org.lenskit.data.entities,AbstractEntity,getAttributeNames,7,2,0,75,0,,
lenskit_lenskit,org.lenskit.data.entities,AbstractEntity,getAttributes,3,1,0,90,0,,
lenskit_lenskit,org.lenskit.data.entities,AbstractEntity,asMap,3,1,0,100,0,,
lenskit_lenskit,org.lenskit.data.entities,AbstractEntity,get,9,2,1,105,0,,
lenskit_lenskit,org.lenskit.data.entities,AbstractEntity,get,9,2,1,121,0,org.lenskit.data.entities.AbstractEntity,org.lenskit.data.entities.AbstractEntity
lenskit_lenskit,org.lenskit.data.entities,AbstractEntity,getLong,3,1,1,137,0,,
lenskit_lenskit,org.lenskit.data.entities,AbstractEntity,getDouble,3,1,1,147,0,,
lenskit_lenskit,org.lenskit.data.entities,AbstractEntity,getInteger,3,1,1,157,0,,
lenskit_lenskit,org.lenskit.data.entities,AbstractEntity,getBoolean,3,1,1,167,0,,
lenskit_lenskit,org.lenskit.data.entities,AbstractEntity,maybeGet,8,1,1,177,0,,
lenskit_lenskit,org.lenskit.data.entities,AbstractEntity,equals,12,3,1,193,0,org.lenskit.data.entities.AbstractEntity,org.lenskit.data.entities.AbstractEntity
lenskit_lenskit,org.lenskit.data.entities,AbstractEntity,hashCode,8,2,0,205,0,org.lenskit.data.entities.AbstractEntity,org.lenskit.data.entities.AbstractEntity
lenskit_lenskit,org.lenskit.data.entities,AbstractEntity,toString,8,2,0,216,0,org.lenskit.data.entities.AbstractEntity,org.lenskit.data.entities.AbstractEntity
lenskit_lenskit,org.lenskit.data.entities,AbstractEntity,describeTo,6,2,1,226,0,org.lenskit.data.entities.AbstractEntity,org.lenskit.data.entities.AbstractEntity
lenskit_lenskit,org.lenskit.data.entities,Attribute,Attribute,7,1,2,43,0,,
lenskit_lenskit,org.lenskit.data.entities,Attribute,create,3,1,2,58,0,,
lenskit_lenskit,org.lenskit.data.entities,Attribute,getTypedName,3,1,0,70,0,,
lenskit_lenskit,org.lenskit.data.entities,Attribute,getName,3,1,0,79,0,,
lenskit_lenskit,org.lenskit.data.entities,Attribute,getType,3,1,0,88,0,,
lenskit_lenskit,org.lenskit.data.entities,Attribute,getValue,3,1,0,97,0,,
lenskit_lenskit,org.lenskit.data.entities,Attribute,equals,6,3,1,106,0,,
lenskit_lenskit,org.lenskit.data.entities,Attribute,hashCode,3,1,0,120,0,,
lenskit_lenskit,org.lenskit.data.entities,Attribute,toString,3,1,0,128,0,,
lenskit_lenskit,org.lenskit.data.entities,BareEntity,BareEntity,3,1,2,40,0,,
lenskit_lenskit,org.lenskit.data.entities,BareEntity,getAttributeNames,3,1,0,44,0,,
lenskit_lenskit,org.lenskit.data.entities,BareEntity,getTypedAttributeNames,3,1,0,49,0,,
lenskit_lenskit,org.lenskit.data.entities,BareEntity,hasAttribute,3,1,1,54,0,,
lenskit_lenskit,org.lenskit.data.entities,BareEntity,hasAttribute,3,1,1,59,0,,
lenskit_lenskit,org.lenskit.data.entities,BareEntity,maybeGet,3,1,1,64,0,,
lenskit_lenskit,org.lenskit.data.entities,BareEntity,maybeGet,3,1,1,73,0,,
lenskit_lenskit,org.lenskit.data.entities,EntityFactory,EntityFactory,2,1,0,36,0,,
lenskit_lenskit,org.lenskit.data.entities,EntityFactory,rating,3,1,3,40,0,,
lenskit_lenskit,org.lenskit.data.entities,EntityFactory,rating,3,1,4,49,0,,
lenskit_lenskit,org.lenskit.data.entities,EntityFactory,likeBatch,3,1,3,59,0,,
lenskit_lenskit,org.lenskit.data.entities,AttributeSet,AttributeSet,3,1,1,57,0,,
lenskit_lenskit,org.lenskit.data.entities,AttributeSet,create,3,1,1,61,0,,
lenskit_lenskit,org.lenskit.data.entities,AttributeSet,create,14,3,1,70,0,,
lenskit_lenskit,org.lenskit.data.entities,AttributeSet,lookup,3,1,1,90,0,org.lenskit.data.entities.AttributeSet,org.lenskit.data.entities.AttributeSet
lenskit_lenskit,org.lenskit.data.entities,AttributeSet,lookup,17,5,2,100,0,,
lenskit_lenskit,org.lenskit.data.entities,AttributeSet,lookup,10,3,1,125,0,,
lenskit_lenskit,org.lenskit.data.entities,AttributeSet,getAttribute,3,1,1,142,0,,
lenskit_lenskit,org.lenskit.data.entities,AttributeSet,iterator,3,1,0,151,0,,
lenskit_lenskit,org.lenskit.data.entities,AttributeSet,contains,3,1,1,156,0,org.lenskit.data.entities.AttributeSet,org.lenskit.data.entities.AttributeSet
lenskit_lenskit,org.lenskit.data.entities,AttributeSet,size,3,1,0,161,0,,
lenskit_lenskit,org.lenskit.data.entities,AttributeSet,nameSet,7,2,0,170,0,,
lenskit_lenskit,org.lenskit.data.entities,AttributeSet,readObject,3,1,1,216,0,,
lenskit_lenskit,org.lenskit.data.entities,AttributeSet,readObjectNoData,3,1,0,220,0,,
lenskit_lenskit,org.lenskit.data.entities,AttributeSet,writeReplace,3,1,0,224,0,,
lenskit_lenskit,org.lenskit.data.entities,AbstractBeanEntity,AbstractBeanEntity,4,1,3,57,0,,
lenskit_lenskit,org.lenskit.data.entities,AbstractBeanEntity,getTypedAttributeNames,3,1,0,69,0,,
lenskit_lenskit,org.lenskit.data.entities,AbstractBeanEntity,getAttributeNames,3,1,0,74,0,,
lenskit_lenskit,org.lenskit.data.entities,AbstractBeanEntity,getAttributes,20,2,0,79,0,,
lenskit_lenskit,org.lenskit.data.entities,AbstractBeanEntity,iterator,12,2,0,82,0,,
lenskit_lenskit,org.lenskit.data.entities,AbstractBeanEntity,size,3,1,0,97,0,,
lenskit_lenskit,org.lenskit.data.entities,AbstractBeanEntity,hasAttribute,3,1,1,104,0,,
lenskit_lenskit,org.lenskit.data.entities,AbstractBeanEntity,hasAttribute,3,1,1,109,0,,
lenskit_lenskit,org.lenskit.data.entities,AbstractBeanEntity,maybeGet,10,2,1,114,0,,
lenskit_lenskit,org.lenskit.data.entities,AbstractBeanEntity,maybeGet,10,2,1,126,0,,
lenskit_lenskit,org.lenskit.data.entities,AbstractBeanEntity,getLong,10,2,1,138,0,,
lenskit_lenskit,org.lenskit.data.entities,AbstractBeanEntity,getDouble,10,2,1,149,0,,
lenskit_lenskit,org.lenskit.data.entities,AbstractBeanEntity,getInteger,10,2,1,160,0,,
lenskit_lenskit,org.lenskit.data.entities,AbstractBeanEntity,getBoolean,10,2,1,171,0,,
lenskit_lenskit,org.lenskit.data.entities,AbstractBeanEntity,makeLayout,25,5,1,215,0,org.lenskit.data.entities.AbstractBeanEntity,org.lenskit.data.entities.AbstractBeanEntity
lenskit_lenskit,org.lenskit.data.entities,AbstractBeanEntity,generateGetter,22,3,3,244,0,org.lenskit.data.entities.AbstractBeanEntity,org.lenskit.data.entities.AbstractBeanEntity
lenskit_lenskit,org.lenskit.data.entities,AbstractBeanEntity,generateGetterConstructor,13,1,0,266,0,,
lenskit_lenskit,org.lenskit.data.entities,AbstractBeanEntity,generateGetterMethod,17,1,2,283,0,,
lenskit_lenskit,org.lenskit.data.entities,AbstractBeanEntity,generateLongGetterMethod,15,1,2,307,0,,
lenskit_lenskit,org.lenskit.data.entities,AbstractBeanEntity,generateDoubleGetterMethod,15,1,2,324,0,,
lenskit_lenskit,org.lenskit.data.entities,BasicEntity,BasicEntity,5,1,4,46,0,,
lenskit_lenskit,org.lenskit.data.entities,BasicEntity,getAttributeNames,3,1,0,52,0,,
lenskit_lenskit,org.lenskit.data.entities,BasicEntity,getTypedAttributeNames,3,1,0,57,0,,
lenskit_lenskit,org.lenskit.data.entities,BasicEntity,getAttributes,23,3,0,62,0,,
lenskit_lenskit,org.lenskit.data.entities,BasicEntity,iterator,15,3,0,65,0,,
lenskit_lenskit,org.lenskit.data.entities,BasicEntity,size,3,1,0,83,0,,
lenskit_lenskit,org.lenskit.data.entities,BasicEntity,hasAttribute,3,1,1,90,0,,
lenskit_lenskit,org.lenskit.data.entities,BasicEntity,hasAttribute,3,1,1,95,0,,
lenskit_lenskit,org.lenskit.data.entities,BasicEntity,maybeGet,12,3,1,100,0,,
lenskit_lenskit,org.lenskit.data.entities,BasicEntity,maybeGet,12,3,1,114,0,,
lenskit_lenskit,org.lenskit.data.entities,Entity,getId,0,1,0,50,0,,
lenskit_lenskit,org.lenskit.data.entities,Entity,getType,0,1,0,57,0,,
lenskit_lenskit,org.lenskit.data.entities,Entity,getAttributeNames,0,1,0,64,0,,
lenskit_lenskit,org.lenskit.data.entities,Entity,getTypedAttributeNames,0,1,0,69,0,,
lenskit_lenskit,org.lenskit.data.entities,Entity,getAttributes,0,1,0,74,0,,
lenskit_lenskit,org.lenskit.data.entities,Entity,asMap,0,1,0,79,0,,
lenskit_lenskit,org.lenskit.data.entities,Entity,hasAttribute,0,1,1,85,0,,
lenskit_lenskit,org.lenskit.data.entities,Entity,hasAttribute,0,1,1,93,0,,
lenskit_lenskit,org.lenskit.data.entities,Entity,get,0,1,1,101,0,,
lenskit_lenskit,org.lenskit.data.entities,Entity,get,0,1,1,113,0,,
lenskit_lenskit,org.lenskit.data.entities,Entity,maybeGet,0,1,1,122,0,,
lenskit_lenskit,org.lenskit.data.entities,Entity,maybeGet,0,1,1,133,0,,
lenskit_lenskit,org.lenskit.data.entities,Entity,getLong,0,1,1,141,0,,
lenskit_lenskit,org.lenskit.data.entities,Entity,getDouble,0,1,1,150,0,,
lenskit_lenskit,org.lenskit.data.entities,Entity,getInteger,0,1,1,159,0,,
lenskit_lenskit,org.lenskit.data.entities,Entity,getBoolean,0,1,1,168,0,,
lenskit_lenskit,org.lenskit.data.entities,EntityType,EntityType,3,1,1,53,0,,
lenskit_lenskit,org.lenskit.data.entities,EntityType,getName,3,1,0,57,0,,
lenskit_lenskit,org.lenskit.data.entities,EntityType,toString,3,1,0,66,0,,
lenskit_lenskit,org.lenskit.data.entities,EntityType,readResolve,3,1,0,71,0,org.lenskit.data.entities.EntityType,org.lenskit.data.entities.EntityType
lenskit_lenskit,org.lenskit.data.entities,EntityType,forName,6,1,1,79,0,,
lenskit_lenskit,org.lenskit.data.entities,TypedName,TypedName,4,1,2,67,0,,
lenskit_lenskit,org.lenskit.data.entities,TypedName,getName,3,1,0,72,0,,
lenskit_lenskit,org.lenskit.data.entities,TypedName,getType,3,1,0,81,0,,
lenskit_lenskit,org.lenskit.data.entities,TypedName,getRawType,7,2,0,92,0,,
lenskit_lenskit,org.lenskit.data.entities,TypedName,getJacksonType,7,2,0,107,0,,
lenskit_lenskit,org.lenskit.data.entities,TypedName,parseString,7,2,1,119,0,org.lenskit.data.entities.TypedName,org.lenskit.data.entities.TypedName
lenskit_lenskit,org.lenskit.data.entities,TypedName,toString,10,2,0,131,0,org.lenskit.data.entities.TypedName,org.lenskit.data.entities.TypedName
lenskit_lenskit,org.lenskit.data.entities,TypedName,create,9,2,2,142,0,,
lenskit_lenskit,org.lenskit.data.entities,TypedName,create,9,2,2,161,0,,
lenskit_lenskit,org.lenskit.data.entities,TypedName,create,3,1,2,180,0,,
lenskit_lenskit,org.lenskit.data.entities,TypedName,readResolve,3,1,0,191,0,,
lenskit_lenskit,org.lenskit.data.entities,TypedName,doEquivalent,3,1,2,200,0,org.lenskit.data.entities.TypedName,org.lenskit.data.entities.TypedName
lenskit_lenskit,org.lenskit.data.entities,TypedName,doHash,3,1,1,205,0,,
lenskit_lenskit,org.lenskit.data.entities,EntityDerivation,EntityDerivation,5,1,3,44,0,,
lenskit_lenskit,org.lenskit.data.entities,EntityDerivation,create,3,1,3,50,0,,
lenskit_lenskit,org.lenskit.data.entities,EntityDerivation,getType,3,1,0,61,0,,
lenskit_lenskit,org.lenskit.data.entities,EntityDerivation,getSourceType,3,1,0,69,0,,
lenskit_lenskit,org.lenskit.data.entities,EntityDerivation,getAttribute,3,1,0,77,0,,
lenskit_lenskit,org.lenskit.data.entities,EntityDerivation,fromJSON,9,1,1,85,0,org.lenskit.data.entities.EntityDerivation,org.lenskit.data.entities.EntityDerivation
lenskit_lenskit,org.lenskit.data.entities,AbstractBeanEntityBuilder,AbstractBeanEntityBuilder,4,1,1,57,0,org.lenskit.data.entities.AbstractBeanEntityBuilder,org.lenskit.data.entities.AbstractBeanEntityBuilder
lenskit_lenskit,org.lenskit.data.entities,AbstractBeanEntityBuilder,findEntry,8,3,1,62,0,,
lenskit_lenskit,org.lenskit.data.entities,AbstractBeanEntityBuilder,setAttribute,10,2,2,73,0,org.lenskit.data.entities.AbstractBeanEntityBuilder,org.lenskit.data.entities.AbstractBeanEntityBuilder
lenskit_lenskit,org.lenskit.data.entities,AbstractBeanEntityBuilder,clearAttribute,10,2,1,85,0,org.lenskit.data.entities.AbstractBeanEntityBuilder,org.lenskit.data.entities.AbstractBeanEntityBuilder
lenskit_lenskit,org.lenskit.data.entities,AbstractBeanEntityBuilder,setExtraAttribute,3,1,2,98,0,,
lenskit_lenskit,org.lenskit.data.entities,AbstractBeanEntityBuilder,clearExtraAttribute,2,1,1,110,0,,
lenskit_lenskit,org.lenskit.data.entities,AbstractBeanEntityBuilder,setLongAttribute,13,3,2,120,0,org.lenskit.data.entities.AbstractBeanEntityBuilder,org.lenskit.data.entities.AbstractBeanEntityBuilder
lenskit_lenskit,org.lenskit.data.entities,AbstractBeanEntityBuilder,build,3,1,0,134,0,,
lenskit_lenskit,org.lenskit.data.entities,AbstractBeanEntityBuilder,lookupAttrs,69,11,1,139,0,org.lenskit.data.entities.AbstractBeanEntityBuilder,org.lenskit.data.entities.AbstractBeanEntityBuilder
lenskit_lenskit,org.lenskit.data.entities,AbstractBeanEntityBuilder,generateBeanConstructor,14,1,1,214,0,,
lenskit_lenskit,org.lenskit.data.entities,AbstractBeanEntityBuilder,generateSetter,16,1,2,233,0,,
lenskit_lenskit,org.lenskit.data.entities,AbstractBeanEntityBuilder,generateLongSetter,15,1,2,259,0,,
lenskit_lenskit,org.lenskit.data.entities,AbstractBeanEntityBuilder,generateDoubleSetter,15,1,2,283,0,,
lenskit_lenskit,org.lenskit.data.entities,AbstractBeanEntityBuilder,generateClearer,31,3,3,307,0,,
lenskit_lenskit,org.lenskit.data.entities,EntityDefaults,EntityDefaults,3,1,2,55,0,,
lenskit_lenskit,org.lenskit.data.entities,EntityDefaults,EntityDefaults,11,2,5,65,0,,
lenskit_lenskit,org.lenskit.data.entities,EntityDefaults,lookup,15,2,1,84,0,org.lenskit.data.entities.EntityDefaults,org.lenskit.data.entities.EntityDefaults
lenskit_lenskit,org.lenskit.data.entities,EntityDefaults,getEntityType,3,1,0,107,0,,
lenskit_lenskit,org.lenskit.data.entities,EntityDefaults,getAttributeDefaults,3,1,1,115,0,,
lenskit_lenskit,org.lenskit.data.entities,EntityDefaults,getCommonAttributes,3,1,0,124,0,,
lenskit_lenskit,org.lenskit.data.entities,EntityDefaults,getDefaultColumns,3,1,0,132,0,,
lenskit_lenskit,org.lenskit.data.entities,EntityDefaults,getDefaultBuilder,3,1,0,141,0,,
lenskit_lenskit,org.lenskit.data.entities,EntityDefaults,getDefaultDerivations,3,1,0,149,0,,
lenskit_lenskit,org.lenskit.data.entities,EntityDefaults,fromBean,31,5,2,157,0,,
lenskit_lenskit,org.lenskit.data.entities,BasicEntityBuilder,BasicEntityBuilder,4,1,1,38,0,,
lenskit_lenskit,org.lenskit.data.entities,BasicEntityBuilder,setAttribute,12,2,2,47,0,,
lenskit_lenskit,org.lenskit.data.entities,BasicEntityBuilder,clearAttribute,8,2,1,61,0,,
lenskit_lenskit,org.lenskit.data.entities,BasicEntityBuilder,build,22,4,0,71,0,,
lenskit_lenskit,org.lenskit.data.entities,DefaultIETProvider,get,3,1,0,35,0,,
lenskit_lenskit,org.lenskit.data.entities,EntityBuilder,EntityBuilder,3,1,1,38,0,,
lenskit_lenskit,org.lenskit.data.entities,EntityBuilder,setId,5,1,1,47,0,,
lenskit_lenskit,org.lenskit.data.entities,EntityBuilder,setAttribute,0,1,2,58,0,,
lenskit_lenskit,org.lenskit.data.entities,EntityBuilder,setAttribute,4,1,1,68,0,,
lenskit_lenskit,org.lenskit.data.entities,EntityBuilder,setLongAttribute,3,1,2,80,0,,
lenskit_lenskit,org.lenskit.data.entities,EntityBuilder,setDoubleAttribute,3,1,2,91,0,,
lenskit_lenskit,org.lenskit.data.entities,EntityBuilder,clearAttribute,0,1,1,102,0,,
lenskit_lenskit,org.lenskit.data.entities,EntityBuilder,reset,4,1,0,109,0,,
lenskit_lenskit,org.lenskit.data.entities,EntityBuilder,build,0,1,0,119,0,,
lenskit_lenskit,org.lenskit.data.entities,Entities,Entities,2,1,0,44,0,,
lenskit_lenskit,org.lenskit.data.entities,Entities,create,3,1,2,46,0,,
lenskit_lenskit,org.lenskit.data.entities,Entities,newBuilder,3,1,1,56,0,,
lenskit_lenskit,org.lenskit.data.entities,Entities,newBuilder,3,1,2,65,0,org.lenskit.data.entities.Entities,org.lenskit.data.entities.Entities
lenskit_lenskit,org.lenskit.data.entities,Entities,copyBuilder,7,2,1,74,0,org.lenskit.data.entities.Entities,org.lenskit.data.entities.Entities
lenskit_lenskit,org.lenskit.data.entities,Entities,typePredicate,8,1,1,87,0,,
lenskit_lenskit,org.lenskit.data.entities,Entities,apply,3,1,1,94,0,,
lenskit_lenskit,org.lenskit.data.entities,Entities,idPredicate,8,1,1,101,0,,
lenskit_lenskit,org.lenskit.data.entities,Entities,apply,3,1,1,108,0,,
lenskit_lenskit,org.lenskit.data.entities,Entities,idOrdering,3,1,0,115,0,,
lenskit_lenskit,org.lenskit.data.entities,Entities,idKeyExtractor,3,1,0,123,0,,
lenskit_lenskit,org.lenskit.data.entities,Entities,attributeValueFunction,8,1,1,131,0,,
lenskit_lenskit,org.lenskit.data.entities,Entities,apply,3,1,1,133,0,,
lenskit_lenskit,org.lenskit.data.entities,Entities,entityTypeNameFunction,8,1,0,141,0,,
lenskit_lenskit,org.lenskit.data.entities,Entities,apply,3,1,1,147,0,,
lenskit_lenskit,org.lenskit.data.entities,Entities,project,39,6,2,155,0,,
lenskit_lenskit,org.lenskit.data.entities,Entities,projection,8,2,1,199,0,,
lenskit_lenskit,org.lenskit.data.entities,CommonAttributes,CommonAttributes,2,1,0,31,0,,
lenskit_lenskit,org.lenskit.data.entities,NoSuchAttributeException,NoSuchAttributeException,2,1,0,33,0,,
lenskit_lenskit,org.lenskit.data.entities,NoSuchAttributeException,NoSuchAttributeException,3,1,1,39,0,,
lenskit_lenskit,org.lenskit.data.entities,NoSuchAttributeException,NoSuchAttributeException,3,1,2,46,0,,
lenskit_lenskit,org.lenskit.data.entities,NoSuchAttributeException,NoSuchAttributeException,3,1,1,53,0,,
lenskit_lenskit,org.lenskit.data.entities,TypedNameTest,testBasicField,9,1,0,39,1,,
lenskit_lenskit,org.lenskit.data.entities,TypedNameTest,testSerialize,4,1,0,54,1,,
lenskit_lenskit,org.lenskit.data.entities,TypedNameTest,testDifferentTypes,5,1,0,61,1,,
lenskit_lenskit,org.lenskit.data.entities,TypedNameTest,testTypeNames,11,1,0,68,1,,
lenskit_lenskit,org.lenskit.data.entities,TypedNameTest,testParseString,3,1,0,90,1,,
lenskit_lenskit,org.lenskit.data.entities,TypedNameTest,testParseLong,3,1,0,96,1,,
lenskit_lenskit,org.lenskit.data.entities,TypedNameTest,testParseStringList,7,1,0,102,1,,
lenskit_lenskit,org.lenskit.data.entities,EntityBuilderTest,testBareEntity,11,1,0,36,1,,
lenskit_lenskit,org.lenskit.data.entities,EntityBuilderTest,testBareSetters,11,1,0,49,1,,
lenskit_lenskit,org.lenskit.data.entities,EntityBuilderTest,testAttributeSetters,12,1,0,63,1,,
lenskit_lenskit,org.lenskit.data.entities,EntityBuilderTest,testBasicEntity,15,1,0,78,1,,
lenskit_lenskit,org.lenskit.data.entities,AttributeSetTest,testBasicSingleAttribute,9,1,0,36,1,,
lenskit_lenskit,org.lenskit.data.entities,AttributeSetTest,testLookupByName,5,1,0,49,1,,
lenskit_lenskit,org.lenskit.data.entities,AttributeSetTest,testNameSet,6,1,0,58,1,,
lenskit_lenskit,org.lenskit.data.entities,AttributeSetTest,testInternCache,5,1,0,68,1,,
lenskit_lenskit,org.lenskit.data.entities,AttributeSetTest,testMultiple,4,1,0,79,1,,
lenskit_lenskit,org.lenskit.data.entities,EntitiesTest,testNullProject,5,1,0,35,1,,
lenskit_lenskit,org.lenskit.data.entities,EntitiesTest,testConvertToRating,10,1,0,48,1,,
lenskit_lenskit,org.lenskit.data.entities,EntityTypeTest,testCreate,10,1,0,36,1,,
lenskit_lenskit,org.lenskit.data.entities,EntityTypeTest,testSerialize,5,1,0,50,1,,
lenskit_lenskit,org.lenskit.data.entities,EntityTypeTest,testCaseNorm,5,1,0,58,1,,
lenskit_lenskit,org.lenskit.data.entities,EntityDefaultsTest,testMissingDefaults,4,1,0,33,1,,
lenskit_lenskit,org.lenskit.data.entities,EntityDefaultsTest,testRatingDefaults,7,1,0,40,1,,
lenskit_lenskit,org.lenskit.data.ratings,RatingMatrixEntry,getUserId,0,1,0,36,0,,
lenskit_lenskit,org.lenskit.data.ratings,RatingMatrixEntry,getUserIndex,0,1,0,43,0,,
lenskit_lenskit,org.lenskit.data.ratings,RatingMatrixEntry,getItemId,0,1,0,50,0,,
lenskit_lenskit,org.lenskit.data.ratings,RatingMatrixEntry,getItemIndex,0,1,0,57,0,,
lenskit_lenskit,org.lenskit.data.ratings,RatingMatrixEntry,getIndex,0,1,0,64,0,,
lenskit_lenskit,org.lenskit.data.ratings,RatingMatrixEntry,getValue,0,1,0,70,0,,
lenskit_lenskit,org.lenskit.data.ratings,RatingMatrixEntry,toString,3,1,0,77,0,org.lenskit.data.ratings.RatingMatrixEntry,org.lenskit.data.ratings.RatingMatrixEntry
lenskit_lenskit,org.lenskit.data.ratings,Preference,getUserId,0,1,0,34,0,,
lenskit_lenskit,org.lenskit.data.ratings,Preference,getItemId,0,1,0,41,0,,
lenskit_lenskit,org.lenskit.data.ratings,Preference,getValue,0,1,0,48,0,,
lenskit_lenskit,org.lenskit.data.ratings,CountSumRatingVectorPDAO,CountSumRatingVectorPDAO,4,1,2,45,0,,
lenskit_lenskit,org.lenskit.data.ratings,CountSumRatingVectorPDAO,getEntityType,3,1,0,58,0,,
lenskit_lenskit,org.lenskit.data.ratings,CountSumRatingVectorPDAO,makeVector,10,2,1,63,0,,
lenskit_lenskit,org.lenskit.data.ratings,PackedRatingMatrixProvider,PackedRatingMatrixProvider,4,1,2,47,0,,
lenskit_lenskit,org.lenskit.data.ratings,PackedRatingMatrixProvider,get,22,3,0,53,0,,
lenskit_lenskit,org.lenskit.data.ratings,InteractionStatistics,InteractionStatistics,12,2,2,60,0,,
lenskit_lenskit,org.lenskit.data.ratings,InteractionStatistics,create,3,1,2,79,0,,
lenskit_lenskit,org.lenskit.data.ratings,InteractionStatistics,create,3,1,1,89,0,org.lenskit.data.ratings.InteractionStatistics,org.lenskit.data.ratings.InteractionStatistics
lenskit_lenskit,org.lenskit.data.ratings,InteractionStatistics,getEntityType,3,1,0,98,0,,
lenskit_lenskit,org.lenskit.data.ratings,InteractionStatistics,getInteractionCount,9,2,1,106,0,,
lenskit_lenskit,org.lenskit.data.ratings,InteractionStatistics,getKnownItems,3,1,0,120,0,,
lenskit_lenskit,org.lenskit.data.ratings,InteractionStatistics,getItemsByPopularity,3,1,0,128,0,,
lenskit_lenskit,org.lenskit.data.ratings,PackedRatingCollection,PackedRatingCollection,3,1,1,53,0,,
lenskit_lenskit,org.lenskit.data.ratings,PackedRatingCollection,PackedRatingCollection,4,1,2,62,0,,
lenskit_lenskit,org.lenskit.data.ratings,PackedRatingCollection,iterator,3,1,0,74,0,,
lenskit_lenskit,org.lenskit.data.ratings,PackedRatingCollection,get,4,1,1,80,0,,
lenskit_lenskit,org.lenskit.data.ratings,PackedRatingCollection,size,3,1,0,86,0,,
lenskit_lenskit,org.lenskit.data.ratings,PreferenceDomainBuilder,PreferenceDomainBuilder,2,1,0,41,0,,
lenskit_lenskit,org.lenskit.data.ratings,PreferenceDomainBuilder,PreferenceDomainBuilder,4,1,2,47,0,org.lenskit.data.ratings.PreferenceDomainBuilder,org.lenskit.data.ratings.PreferenceDomainBuilder
lenskit_lenskit,org.lenskit.data.ratings,PreferenceDomainBuilder,getMinimum,3,1,0,57,0,,
lenskit_lenskit,org.lenskit.data.ratings,PreferenceDomainBuilder,setMinimum,4,1,1,65,0,,
lenskit_lenskit,org.lenskit.data.ratings,PreferenceDomainBuilder,getMaximum,3,1,0,75,0,,
lenskit_lenskit,org.lenskit.data.ratings,PreferenceDomainBuilder,setMaximum,4,1,1,83,0,,
lenskit_lenskit,org.lenskit.data.ratings,PreferenceDomainBuilder,getPrecision,3,1,0,93,0,,
lenskit_lenskit,org.lenskit.data.ratings,PreferenceDomainBuilder,setPrecision,4,1,1,101,0,,
lenskit_lenskit,org.lenskit.data.ratings,PreferenceDomainBuilder,build,5,1,0,111,0,,
lenskit_lenskit,org.lenskit.data.ratings,PreferenceDomain,PreferenceDomain,12,2,3,60,0,,
lenskit_lenskit,org.lenskit.data.ratings,PreferenceDomain,PreferenceDomain,3,1,2,81,0,,
lenskit_lenskit,org.lenskit.data.ratings,PreferenceDomain,getMinimum,3,1,0,91,0,,
lenskit_lenskit,org.lenskit.data.ratings,PreferenceDomain,getMaximum,3,1,0,100,0,,
lenskit_lenskit,org.lenskit.data.ratings,PreferenceDomain,hasPrecision,3,1,0,109,0,,
lenskit_lenskit,org.lenskit.data.ratings,PreferenceDomain,getPrecision,3,1,0,119,0,,
lenskit_lenskit,org.lenskit.data.ratings,PreferenceDomain,clampValue,11,3,1,131,0,,
lenskit_lenskit,org.lenskit.data.ratings,PreferenceDomain,clampVector,10,2,1,147,0,org.lenskit.data.ratings.PreferenceDomain,org.lenskit.data.ratings.PreferenceDomain
lenskit_lenskit,org.lenskit.data.ratings,PreferenceDomain,toString,7,2,0,159,0,,
lenskit_lenskit,org.lenskit.data.ratings,PreferenceDomain,hashCode,8,2,0,168,0,org.lenskit.data.ratings.PreferenceDomain,org.lenskit.data.ratings.PreferenceDomain
lenskit_lenskit,org.lenskit.data.ratings,PreferenceDomain,equals,19,4,1,178,0,org.lenskit.data.ratings.PreferenceDomain,org.lenskit.data.ratings.PreferenceDomain
lenskit_lenskit,org.lenskit.data.ratings,PreferenceDomain,fromString,16,3,1,197,0,,
lenskit_lenskit,org.lenskit.data.ratings,PreferenceDomain,newBuilder,3,1,0,227,0,,
lenskit_lenskit,org.lenskit.data.ratings,PackedRatingMatrix,PackedRatingMatrix,5,1,1,54,0,,
lenskit_lenskit,org.lenskit.data.ratings,PackedRatingMatrix,requireValid,5,2,0,60,0,,
lenskit_lenskit,org.lenskit.data.ratings,PackedRatingMatrix,getUserIds,3,1,0,66,0,org.lenskit.data.ratings.PackedRatingMatrix,org.lenskit.data.ratings.PackedRatingMatrix
lenskit_lenskit,org.lenskit.data.ratings,PackedRatingMatrix,getItemIds,3,1,0,71,0,org.lenskit.data.ratings.PackedRatingMatrix,org.lenskit.data.ratings.PackedRatingMatrix
lenskit_lenskit,org.lenskit.data.ratings,PackedRatingMatrix,userIndex,4,1,0,76,0,org.lenskit.data.ratings.PackedRatingMatrix,org.lenskit.data.ratings.PackedRatingMatrix
lenskit_lenskit,org.lenskit.data.ratings,PackedRatingMatrix,itemIndex,4,1,0,82,0,org.lenskit.data.ratings.PackedRatingMatrix,org.lenskit.data.ratings.PackedRatingMatrix
lenskit_lenskit,org.lenskit.data.ratings,PackedRatingMatrix,getRatings,3,1,0,88,0,,
lenskit_lenskit,org.lenskit.data.ratings,PackedRatingMatrix,getUserRatings,10,2,1,93,0,org.lenskit.data.ratings.PackedRatingMatrix,org.lenskit.data.ratings.PackedRatingMatrix
lenskit_lenskit,org.lenskit.data.ratings,PackedRatingMatrix,getUserRatingVector,19,4,1,104,0,org.lenskit.data.ratings.PackedRatingMatrix,org.lenskit.data.ratings.PackedRatingMatrix
lenskit_lenskit,org.lenskit.data.ratings,PackedRatingMatrix,dispose,4,1,0,125,0,,
lenskit_lenskit,org.lenskit.data.ratings,RatingSummaryProvider,RatingSummaryProvider,3,1,1,49,0,,
lenskit_lenskit,org.lenskit.data.ratings,RatingSummaryProvider,get,37,4,0,54,0,,
lenskit_lenskit,org.lenskit.data.ratings,RatingMatrix,getUserIds,0,1,0,51,0,,
lenskit_lenskit,org.lenskit.data.ratings,RatingMatrix,getItemIds,0,1,0,58,0,,
lenskit_lenskit,org.lenskit.data.ratings,RatingMatrix,userIndex,0,1,0,65,0,,
lenskit_lenskit,org.lenskit.data.ratings,RatingMatrix,itemIndex,0,1,0,72,0,,
lenskit_lenskit,org.lenskit.data.ratings,RatingMatrix,getRatings,0,1,0,79,0,,
lenskit_lenskit,org.lenskit.data.ratings,RatingMatrix,getUserRatings,0,1,1,92,0,,
lenskit_lenskit,org.lenskit.data.ratings,RatingMatrix,getUserRatingVector,0,1,1,104,0,,
lenskit_lenskit,org.lenskit.data.ratings,EntityCountRatingVectorPDAO,EntityCountRatingVectorPDAO,4,1,2,46,0,,
lenskit_lenskit,org.lenskit.data.ratings,EntityCountRatingVectorPDAO,getEntityType,3,1,0,59,0,,
lenskit_lenskit,org.lenskit.data.ratings,EntityCountRatingVectorPDAO,makeVector,9,2,1,64,0,,
lenskit_lenskit,org.lenskit.data.ratings,RatingVectorPDAO,userRatingVector,0,1,1,45,0,,
lenskit_lenskit,org.lenskit.data.ratings,RatingVectorPDAO,streamUsers,0,1,0,53,0,,
lenskit_lenskit,org.lenskit.data.ratings,StandardRatingVectorPDAO,StandardRatingVectorPDAO,3,1,1,47,0,,
lenskit_lenskit,org.lenskit.data.ratings,StandardRatingVectorPDAO,userRatingVector,11,2,1,56,0,,
lenskit_lenskit,org.lenskit.data.ratings,StandardRatingVectorPDAO,streamUsers,4,1,0,75,0,,
lenskit_lenskit,org.lenskit.data.ratings,Rating,Rating,6,1,4,58,0,,
lenskit_lenskit,org.lenskit.data.ratings,Rating,Rating,6,1,5,65,0,,
lenskit_lenskit,org.lenskit.data.ratings,Rating,create,3,1,3,72,0,org.lenskit.data.ratings.Rating,org.lenskit.data.ratings.Rating
lenskit_lenskit,org.lenskit.data.ratings,Rating,create,3,1,4,87,0,,
lenskit_lenskit,org.lenskit.data.ratings,Rating,newBuilder,3,1,0,103,0,,
lenskit_lenskit,org.lenskit.data.ratings,Rating,getUserId,3,1,0,111,0,,
lenskit_lenskit,org.lenskit.data.ratings,Rating,getItemId,3,1,0,117,0,,
lenskit_lenskit,org.lenskit.data.ratings,Rating,getTimestamp,3,1,0,123,0,,
lenskit_lenskit,org.lenskit.data.ratings,Rating,getValue,3,1,0,127,0,,
lenskit_lenskit,org.lenskit.data.ratings,Rating,copyBuilder,9,2,0,137,0,org.lenskit.data.ratings.Rating,org.lenskit.data.ratings.Rating
lenskit_lenskit,org.lenskit.data.ratings,Rating,equals,12,3,1,153,0,org.lenskit.data.ratings.Rating,org.lenskit.data.ratings.Rating
lenskit_lenskit,org.lenskit.data.ratings,Ratings,Ratings,2,1,0,49,0,,
lenskit_lenskit,org.lenskit.data.ratings,Ratings,compare,3,1,2,56,0,,
lenskit_lenskit,org.lenskit.data.ratings,Ratings,itemRatingVector,3,1,1,62,0,org.lenskit.data.ratings.Ratings,org.lenskit.data.ratings.Ratings
lenskit_lenskit,org.lenskit.data.ratings,Ratings,userRatingVector,3,1,1,77,0,org.lenskit.data.ratings.Ratings,org.lenskit.data.ratings.Ratings
lenskit_lenskit,org.lenskit.data.ratings,Ratings,extractVector,16,2,3,89,0,,
lenskit_lenskit,org.lenskit.data.ratings,Ratings,userRatingVector,3,1,1,108,0,org.lenskit.data.ratings.Ratings,org.lenskit.data.ratings.Ratings
lenskit_lenskit,org.lenskit.data.ratings,Ratings,preferenceEquivalence,3,1,0,119,0,,
lenskit_lenskit,org.lenskit.data.ratings,Ratings,getId,3,1,1,152,0,,
lenskit_lenskit,org.lenskit.data.ratings,Ratings,compare,3,1,2,157,0,,
lenskit_lenskit,org.lenskit.data.ratings,Ratings,getId,3,1,1,163,0,,
lenskit_lenskit,org.lenskit.data.ratings,Ratings,compare,3,1,2,168,0,,
lenskit_lenskit,org.lenskit.data.ratings,Ratings,getId,0,1,1,173,0,,
lenskit_lenskit,org.lenskit.data.ratings,Ratings,make,3,1,3,176,0,,
lenskit_lenskit,org.lenskit.data.ratings,Ratings,make,3,1,4,190,0,,
lenskit_lenskit,org.lenskit.data.ratings,AbstractRatingVectorPDAO,AbstractRatingVectorPDAO,3,1,1,48,0,,
lenskit_lenskit,org.lenskit.data.ratings,AbstractRatingVectorPDAO,userRatingVector,11,2,1,52,0,org.lenskit.data.ratings.AbstractRatingVectorPDAO,org.lenskit.data.ratings.AbstractRatingVectorPDAO
lenskit_lenskit,org.lenskit.data.ratings,AbstractRatingVectorPDAO,getEntityType,0,1,0,71,0,,
lenskit_lenskit,org.lenskit.data.ratings,AbstractRatingVectorPDAO,makeVector,0,1,1,77,0,,
lenskit_lenskit,org.lenskit.data.ratings,AbstractRatingVectorPDAO,streamUsers,12,2,0,84,0,org.lenskit.data.ratings.AbstractRatingVectorPDAO,org.lenskit.data.ratings.AbstractRatingVectorPDAO
lenskit_lenskit,org.lenskit.data.ratings,AbstractRatingVectorPDAO,apply,6,2,1,90,0,org.lenskit.data.ratings.AbstractRatingVectorPDAO,org.lenskit.data.ratings.AbstractRatingVectorPDAO
lenskit_lenskit,org.lenskit.data.ratings,PackedRatingDataBuilder,PackedRatingDataBuilder,6,1,0,56,0,org.lenskit.data.ratings.PackedRatingDataBuilder,org.lenskit.data.ratings.PackedRatingDataBuilder
lenskit_lenskit,org.lenskit.data.ratings,PackedRatingDataBuilder,allocate,19,3,1,63,0,,
lenskit_lenskit,org.lenskit.data.ratings,PackedRatingDataBuilder,size,3,1,0,88,0,,
lenskit_lenskit,org.lenskit.data.ratings,PackedRatingDataBuilder,set,5,1,5,97,0,,
lenskit_lenskit,org.lenskit.data.ratings,PackedRatingDataBuilder,set,6,1,4,112,0,org.lenskit.data.ratings.PackedRatingDataBuilder,org.lenskit.data.ratings.PackedRatingDataBuilder
lenskit_lenskit,org.lenskit.data.ratings,PackedRatingDataBuilder,add,28,5,3,127,0,org.lenskit.data.ratings.PackedRatingDataBuilder,org.lenskit.data.ratings.PackedRatingDataBuilder
lenskit_lenskit,org.lenskit.data.ratings,PackedRatingDataBuilder,internalBuild,3,1,0,168,0,,
lenskit_lenskit,org.lenskit.data.ratings,PackedRatingDataBuilder,repack,26,5,0,174,0,org.lenskit.data.ratings.PackedRatingDataBuilder,org.lenskit.data.ratings.PackedRatingDataBuilder
lenskit_lenskit,org.lenskit.data.ratings,PackedRatingDataBuilder,swap,20,2,2,223,0,,
lenskit_lenskit,org.lenskit.data.ratings,PackedRatingDataBuilder,shuffle,10,2,1,249,0,org.lenskit.data.ratings.PackedRatingDataBuilder,org.lenskit.data.ratings.PackedRatingDataBuilder
lenskit_lenskit,org.lenskit.data.ratings,PackedRatingDataBuilder,trim,22,4,0,269,0,org.lenskit.data.ratings.PackedRatingDataBuilder,org.lenskit.data.ratings.PackedRatingDataBuilder
lenskit_lenskit,org.lenskit.data.ratings,PackedRatingDataBuilder,build,5,1,0,304,0,org.lenskit.data.ratings.PackedRatingDataBuilder,org.lenskit.data.ratings.PackedRatingDataBuilder
lenskit_lenskit,org.lenskit.data.ratings,RatingSummary,RatingSummary,8,1,4,52,0,,
lenskit_lenskit,org.lenskit.data.ratings,RatingSummary,create,3,1,1,68,0,,
lenskit_lenskit,org.lenskit.data.ratings,RatingSummary,getGlobalMean,3,1,0,77,0,,
lenskit_lenskit,org.lenskit.data.ratings,RatingSummary,getItems,3,1,0,81,0,,
lenskit_lenskit,org.lenskit.data.ratings,RatingSummary,getItemMean,4,1,1,85,0,,
lenskit_lenskit,org.lenskit.data.ratings,RatingSummary,getItemOffset,4,1,1,95,0,,
lenskit_lenskit,org.lenskit.data.ratings,RatingSummary,getItemRatingCount,4,1,1,105,0,,
lenskit_lenskit,org.lenskit.data.ratings,RatingSummary,getItemOffets,3,1,0,113,0,,
lenskit_lenskit,org.lenskit.data.ratings,RatingBuilder,RatingBuilder,3,1,0,54,0,,
lenskit_lenskit,org.lenskit.data.ratings,RatingBuilder,RatingBuilder,6,2,1,61,0,,
lenskit_lenskit,org.lenskit.data.ratings,RatingBuilder,copy,3,1,1,72,0,,
lenskit_lenskit,org.lenskit.data.ratings,RatingBuilder,reset,6,1,0,81,0,,
lenskit_lenskit,org.lenskit.data.ratings,RatingBuilder,getId,3,1,0,89,0,,
lenskit_lenskit,org.lenskit.data.ratings,RatingBuilder,setId,3,1,1,97,0,,
lenskit_lenskit,org.lenskit.data.ratings,RatingBuilder,getUserId,3,1,0,107,0,,
lenskit_lenskit,org.lenskit.data.ratings,RatingBuilder,setUserId,5,1,1,115,0,,
lenskit_lenskit,org.lenskit.data.ratings,RatingBuilder,getItemId,3,1,0,127,0,,
lenskit_lenskit,org.lenskit.data.ratings,RatingBuilder,setItemId,5,1,1,135,0,,
lenskit_lenskit,org.lenskit.data.ratings,RatingBuilder,clearItemId,4,1,0,147,0,,
lenskit_lenskit,org.lenskit.data.ratings,RatingBuilder,clearUserId,4,1,0,157,0,,
lenskit_lenskit,org.lenskit.data.ratings,RatingBuilder,getRating,3,1,0,167,0,,
lenskit_lenskit,org.lenskit.data.ratings,RatingBuilder,setRating,8,2,1,175,0,,
lenskit_lenskit,org.lenskit.data.ratings,RatingBuilder,clearRating,4,1,0,191,0,,
lenskit_lenskit,org.lenskit.data.ratings,RatingBuilder,getTimestamp,3,1,0,201,0,,
lenskit_lenskit,org.lenskit.data.ratings,RatingBuilder,setTimestamp,4,1,1,209,0,,
lenskit_lenskit,org.lenskit.data.ratings,RatingBuilder,clearTimestamp,3,1,0,220,0,org.lenskit.data.ratings.RatingBuilder,org.lenskit.data.ratings.RatingBuilder
lenskit_lenskit,org.lenskit.data.ratings,RatingBuilder,build,18,4,0,225,0,,
lenskit_lenskit,org.lenskit.data.ratings,PackedRatingData,PackedRatingData,8,1,6,47,0,,
lenskit_lenskit,org.lenskit.data.ratings,PackedRatingData,chunk,3,1,1,57,0,,
lenskit_lenskit,org.lenskit.data.ratings,PackedRatingData,element,3,1,1,67,0,,
lenskit_lenskit,org.lenskit.data.ratings,PackedRatingData,size,3,1,0,77,0,,
lenskit_lenskit,org.lenskit.data.ratings,PackedRatingData,getEntry,3,1,1,86,0,,
lenskit_lenskit,org.lenskit.data.ratings,PackedRatingData,getUserIndex,3,1,0,97,0,,
lenskit_lenskit,org.lenskit.data.ratings,PackedRatingData,getItemIndex,3,1,0,106,0,,
lenskit_lenskit,org.lenskit.data.ratings,RatingTest,testGetValueOfRating,4,1,0,43,1,,
lenskit_lenskit,org.lenskit.data.ratings,RatingTest,testDeprecatedFactories,11,1,0,49,1,,
lenskit_lenskit,org.lenskit.data.ratings,RatingTest,testSimpleEquality,9,1,0,64,1,,
lenskit_lenskit,org.lenskit.data.ratings,RatingTest,testEmptyURV,6,1,0,75,1,,
lenskit_lenskit,org.lenskit.data.ratings,RatingTest,testURVRatingsInOrder,13,1,0,83,1,,
lenskit_lenskit,org.lenskit.data.ratings,RatingTest,testURVRatingsOutOfOrder,13,1,0,98,1,,
lenskit_lenskit,org.lenskit.data.ratings,RatingTest,testEmptyIRV,6,1,0,113,1,,
lenskit_lenskit,org.lenskit.data.ratings,RatingTest,testIRVRatings,13,1,0,121,1,,
lenskit_lenskit,org.lenskit.data.ratings,RatingTest,testRatingEntity,30,1,0,136,1,,
lenskit_lenskit,org.lenskit.data.ratings,RatingTest,testRatingEntityBadAttr,25,1,0,172,1,,
lenskit_lenskit,org.lenskit.data.ratings,PreferenceDomainBuilderTest,testEmptyBuilder,9,1,0,36,1,,
lenskit_lenskit,org.lenskit.data.ratings,PreferenceDomainBuilderTest,testParamBuilder,7,1,0,47,1,,
lenskit_lenskit,org.lenskit.data.ratings,PreferenceDomainBuilderTest,testSetMinMax,8,1,0,56,1,,
lenskit_lenskit,org.lenskit.data.ratings,PreferenceDomainBuilderTest,testSetAll,8,1,0,67,1,,
lenskit_lenskit,org.lenskit.data.ratings,ItemVectorTest,testItemRatingVector,14,1,0,44,1,,
lenskit_lenskit,org.lenskit.data.ratings,PreferenceDomainTest,testParseContinuous,7,1,0,42,1,,
lenskit_lenskit,org.lenskit.data.ratings,PreferenceDomainTest,testParseInverted,3,1,0,51,0,,
lenskit_lenskit,org.lenskit.data.ratings,PreferenceDomainTest,testParseDiscrete,7,1,0,56,1,,
lenskit_lenskit,org.lenskit.data.ratings,PreferenceDomainTest,testParseInt,7,1,0,65,1,,
lenskit_lenskit,org.lenskit.data.ratings,PreferenceDomainTest,testClampValue,19,5,0,74,1,,
lenskit_lenskit,org.lenskit.data.ratings,StandardRatingVectorPDAOTest,testNoUser,5,1,0,38,1,,
lenskit_lenskit,org.lenskit.data.ratings,StandardRatingVectorPDAOTest,testGetRating,5,1,0,47,1,,
lenskit_lenskit,org.lenskit.data.ratings,StandardRatingVectorPDAOTest,testGetsOnlyRating,8,1,0,56,1,,
lenskit_lenskit,org.lenskit.data.ratings,RatingSummaryTest,testEmptySummary,8,1,0,38,1,,
lenskit_lenskit,org.lenskit.data.ratings,RatingSummaryTest,testSummaryItem,19,2,0,48,1,,
lenskit_lenskit,org.lenskit.data.ratings,EntityCountRatingVectorPDAOTest,testNoUser,5,1,0,40,1,,
lenskit_lenskit,org.lenskit.data.ratings,EntityCountRatingVectorPDAOTest,testGetLike,5,1,0,49,1,,
lenskit_lenskit,org.lenskit.data.ratings,EntityCountRatingVectorPDAOTest,testCountLikes,8,1,0,63,1,,
lenskit_lenskit,org.lenskit.data.ratings,PackedRatingDataTest,testChunk,8,1,0,34,1,,
lenskit_lenskit,org.lenskit.data.ratings,PackedRatingDataTest,testElement,8,1,0,44,1,,
lenskit_lenskit,org.lenskit.data.ratings,UserVectorTest,testUserRatingVector,10,1,0,46,1,,
lenskit_lenskit,org.lenskit.data.ratings,RatingBuilderTest,testInitialState,9,1,0,35,1,,
lenskit_lenskit,org.lenskit.data.ratings,RatingBuilderTest,testSetUserId,5,1,0,46,1,,
lenskit_lenskit,org.lenskit.data.ratings,RatingBuilderTest,testSetItemId,5,1,0,53,1,,
lenskit_lenskit,org.lenskit.data.ratings,RatingBuilderTest,testSetRating,5,1,0,60,1,,
lenskit_lenskit,org.lenskit.data.ratings,RatingBuilderTest,testSetTimestamp,5,1,0,67,1,,
lenskit_lenskit,org.lenskit.data.ratings,RatingBuilderTest,testBuildRating,8,1,0,74,1,,
lenskit_lenskit,org.lenskit.data.ratings,PackedRatingMatrixTest,rating,3,1,4,53,0,,
lenskit_lenskit,org.lenskit.data.ratings,PackedRatingMatrixTest,entry,3,1,3,57,0,,
lenskit_lenskit,org.lenskit.data.ratings,PackedRatingMatrixTest,setup,28,1,0,61,0,,
lenskit_lenskit,org.lenskit.data.ratings,PackedRatingMatrixTest,testBasicStats,3,1,0,93,1,,
lenskit_lenskit,org.lenskit.data.ratings,PackedRatingMatrixTest,testGetUserIds,9,1,0,98,1,,
lenskit_lenskit,org.lenskit.data.ratings,PackedRatingMatrixTest,testGetItemIds,9,1,0,109,1,,
lenskit_lenskit,org.lenskit.data.ratings,PackedRatingMatrixTest,testUserIndex,22,1,0,120,1,,
lenskit_lenskit,org.lenskit.data.ratings,PackedRatingMatrixTest,testItemIndex,5,1,0,144,1,,
lenskit_lenskit,org.lenskit.data.ratings,PackedRatingMatrixTest,testGetRatings,9,2,0,152,1,,
lenskit_lenskit,org.lenskit.data.ratings,PackedRatingMatrixTest,testGetUserRatings,23,1,0,165,1,,
lenskit_lenskit,org.lenskit.data.ratings,PackedRatingMatrixTest,testUserRatingVector,36,1,0,216,1,,
lenskit_lenskit,org.lenskit.data.ratings,PackedRatingDataBuilderTest,samePreferenceAs,3,1,1,42,0,,
lenskit_lenskit,org.lenskit.data.ratings,PackedRatingDataBuilderTest,createBuilder,3,1,0,46,0,,
lenskit_lenskit,org.lenskit.data.ratings,PackedRatingDataBuilderTest,testInitialState,6,1,0,51,1,,
lenskit_lenskit,org.lenskit.data.ratings,PackedRatingDataBuilderTest,testAddPreference,14,1,0,59,1,,
lenskit_lenskit,org.lenskit.data.ratings,PackedRatingDataBuilderTest,testAddMany,26,4,0,75,1,,
lenskit_lenskit,org.lenskit.data.ratings,CountSumRatingVectorPDAOTest,testNoUser,5,1,0,41,1,,
lenskit_lenskit,org.lenskit.data.ratings,CountSumRatingVectorPDAOTest,testGetLike,5,1,0,50,1,,
lenskit_lenskit,org.lenskit.data.ratings,CountSumRatingVectorPDAOTest,testCountLikes,8,1,0,65,1,,
lenskit_lenskit,org.lenskit.data.store,PackedEntityCollection,PackedEntityCollection,28,5,5,70,0,,
lenskit_lenskit,org.lenskit.data.store,PackedEntityCollection,getType,3,1,0,98,0,,
lenskit_lenskit,org.lenskit.data.store,PackedEntityCollection,idSet,3,1,0,103,0,,
lenskit_lenskit,org.lenskit.data.store,PackedEntityCollection,lookup,9,2,1,108,0,,
lenskit_lenskit,org.lenskit.data.store,PackedEntityCollection,find,13,3,2,119,0,org.lenskit.data.store.PackedEntityCollection,org.lenskit.data.store.PackedEntityCollection
lenskit_lenskit,org.lenskit.data.store,PackedEntityCollection,find,3,1,1,136,0,,
lenskit_lenskit,org.lenskit.data.store,PackedEntityCollection,find,14,3,2,142,0,org.lenskit.data.store.PackedEntityCollection,org.lenskit.data.store.PackedEntityCollection
lenskit_lenskit,org.lenskit.data.store,PackedEntityCollection,grouped,14,3,1,160,0,org.lenskit.data.store.PackedEntityCollection,org.lenskit.data.store.PackedEntityCollection
lenskit_lenskit,org.lenskit.data.store,PackedEntityCollection,getSortKeys,3,1,0,182,0,,
lenskit_lenskit,org.lenskit.data.store,PackedEntityCollection,stream,3,1,0,187,0,,
lenskit_lenskit,org.lenskit.data.store,PackedEntityCollection,iterator,3,1,0,192,0,org.lenskit.data.store.PackedEntityCollection,org.lenskit.data.store.PackedEntityCollection
lenskit_lenskit,org.lenskit.data.store,PackedEntityCollection,size,3,1,0,197,0,,
lenskit_lenskit,org.lenskit.data.store,PackedEntityCollection,toString,3,1,0,202,0,,
lenskit_lenskit,org.lenskit.data.store,PackedEntityCollection,describeTo,15,4,1,210,0,,
lenskit_lenskit,org.lenskit.data.store,BareEntityCollectionBuilder,BareEntityCollectionBuilder,3,1,1,41,0,,
lenskit_lenskit,org.lenskit.data.store,BareEntityCollectionBuilder,addIndex,3,1,1,45,0,,
lenskit_lenskit,org.lenskit.data.store,BareEntityCollectionBuilder,addIndex,3,1,1,50,0,,
lenskit_lenskit,org.lenskit.data.store,BareEntityCollectionBuilder,add,4,1,2,55,0,,
lenskit_lenskit,org.lenskit.data.store,BareEntityCollectionBuilder,entities,3,1,0,61,0,,
lenskit_lenskit,org.lenskit.data.store,BareEntityCollectionBuilder,build,3,1,0,66,0,,
lenskit_lenskit,org.lenskit.data.store,AttrStore,AttrStore,9,2,2,39,0,,
lenskit_lenskit,org.lenskit.data.store,AttrStore,size,3,1,0,61,0,,
lenskit_lenskit,org.lenskit.data.store,AttrStore,get,4,1,1,70,0,,
lenskit_lenskit,org.lenskit.data.store,AttrStore,isNull,4,1,1,82,0,,
lenskit_lenskit,org.lenskit.data.store,EntityIndex,getEntities,0,1,1,39,0,,
lenskit_lenskit,org.lenskit.data.store,EntityIndex,getValues,0,1,0,47,0,,
lenskit_lenskit,org.lenskit.data.store,IntShard,IntShard,2,1,0,34,0,,
lenskit_lenskit,org.lenskit.data.store,IntShard,create,3,1,0,36,0,,
lenskit_lenskit,org.lenskit.data.store,IntShard,createFull,3,1,0,44,0,,
lenskit_lenskit,org.lenskit.data.store,IntShard,get,8,2,1,52,0,org.lenskit.data.store.IntShard,org.lenskit.data.store.IntShard
lenskit_lenskit,org.lenskit.data.store,IntShard,getInt,0,1,1,61,0,,
lenskit_lenskit,org.lenskit.data.store,IntShard,put,11,3,2,63,0,org.lenskit.data.store.IntShard,org.lenskit.data.store.IntShard
lenskit_lenskit,org.lenskit.data.store,IntShard,clear,0,1,1,74,0,,
lenskit_lenskit,org.lenskit.data.store,IntShard,put,0,1,2,76,0,,
lenskit_lenskit,org.lenskit.data.store,MapEntityCollection,MapEntityCollection,6,1,4,51,0,,
lenskit_lenskit,org.lenskit.data.store,MapEntityCollection,getType,3,1,0,58,0,,
lenskit_lenskit,org.lenskit.data.store,MapEntityCollection,idSet,3,1,0,63,0,,
lenskit_lenskit,org.lenskit.data.store,MapEntityCollection,lookup,3,1,1,68,0,,
lenskit_lenskit,org.lenskit.data.store,MapEntityCollection,find,3,1,2,74,0,,
lenskit_lenskit,org.lenskit.data.store,MapEntityCollection,find,3,1,1,80,0,,
lenskit_lenskit,org.lenskit.data.store,MapEntityCollection,find,15,4,2,86,0,,
lenskit_lenskit,org.lenskit.data.store,MapEntityCollection,grouped,10,2,1,107,0,,
lenskit_lenskit,org.lenskit.data.store,MapEntityCollection,iterator,3,1,0,125,0,,
lenskit_lenskit,org.lenskit.data.store,MapEntityCollection,size,3,1,0,131,0,,
lenskit_lenskit,org.lenskit.data.store,MapEntityCollection,describeTo,4,1,1,136,0,,
lenskit_lenskit,org.lenskit.data.store,AttrStoreBuilder,AttrStoreBuilder,3,1,0,39,0,,
lenskit_lenskit,org.lenskit.data.store,AttrStoreBuilder,AttrStoreBuilder,3,1,1,43,0,,
lenskit_lenskit,org.lenskit.data.store,AttrStoreBuilder,size,3,1,0,47,0,,
lenskit_lenskit,org.lenskit.data.store,AttrStoreBuilder,skip,10,2,0,56,0,,
lenskit_lenskit,org.lenskit.data.store,AttrStoreBuilder,add,19,3,1,70,0,,
lenskit_lenskit,org.lenskit.data.store,AttrStoreBuilder,get,6,1,1,94,0,,
lenskit_lenskit,org.lenskit.data.store,AttrStoreBuilder,swap,20,3,2,107,0,,
lenskit_lenskit,org.lenskit.data.store,AttrStoreBuilder,build,6,2,0,138,0,,
lenskit_lenskit,org.lenskit.data.store,AttrStoreBuilder,tempBuild,3,1,0,150,0,,
lenskit_lenskit,org.lenskit.data.store,LongEntityIndex,LongEntityIndex,3,1,1,43,0,,
lenskit_lenskit,org.lenskit.data.store,LongEntityIndex,getEntities,7,2,1,47,0,,
lenskit_lenskit,org.lenskit.data.store,LongEntityIndex,getEntities,9,2,1,57,0,,
lenskit_lenskit,org.lenskit.data.store,LongEntityIndex,getValues,3,1,0,67,0,,
lenskit_lenskit,org.lenskit.data.store,LongShard,LongShard,2,1,0,35,0,,
lenskit_lenskit,org.lenskit.data.store,LongShard,create,3,1,0,37,0,,
lenskit_lenskit,org.lenskit.data.store,LongShard,createFull,3,1,0,45,0,,
lenskit_lenskit,org.lenskit.data.store,LongShard,get,8,2,1,53,0,org.lenskit.data.store.LongShard,org.lenskit.data.store.LongShard
lenskit_lenskit,org.lenskit.data.store,LongShard,getLong,0,1,1,62,0,,
lenskit_lenskit,org.lenskit.data.store,LongShard,put,11,3,2,64,0,org.lenskit.data.store.LongShard,org.lenskit.data.store.LongShard
lenskit_lenskit,org.lenskit.data.store,LongShard,clear,0,1,1,75,0,,
lenskit_lenskit,org.lenskit.data.store,LongShard,put,0,1,2,77,0,,
lenskit_lenskit,org.lenskit.data.store,LongShard,copyFrom,11,3,1,79,0,org.lenskit.data.store.LongShard,org.lenskit.data.store.LongShard
lenskit_lenskit,org.lenskit.data.store,Shard,indexOfShard,3,1,1,39,0,,
lenskit_lenskit,org.lenskit.data.store,Shard,indexWithinShard,3,1,1,43,0,,
lenskit_lenskit,org.lenskit.data.store,Shard,get,0,1,1,47,0,,
lenskit_lenskit,org.lenskit.data.store,Shard,put,0,1,2,55,0,,
lenskit_lenskit,org.lenskit.data.store,Shard,isNull,0,1,1,62,0,,
lenskit_lenskit,org.lenskit.data.store,Shard,adapt,0,1,1,69,0,,
lenskit_lenskit,org.lenskit.data.store,Shard,size,0,1,0,76,0,,
lenskit_lenskit,org.lenskit.data.store,Shard,compact,0,1,0,82,0,,
lenskit_lenskit,org.lenskit.data.store,BareEntityCollection,BareEntityCollection,7,1,2,57,0,,
lenskit_lenskit,org.lenskit.data.store,BareEntityCollection,getType,3,1,0,65,0,,
lenskit_lenskit,org.lenskit.data.store,BareEntityCollection,idSet,3,1,0,70,0,,
lenskit_lenskit,org.lenskit.data.store,BareEntityCollection,lookup,8,2,1,75,0,,
lenskit_lenskit,org.lenskit.data.store,BareEntityCollection,find,9,3,2,85,0,org.lenskit.data.store.BareEntityCollection,org.lenskit.data.store.BareEntityCollection
lenskit_lenskit,org.lenskit.data.store,BareEntityCollection,find,3,1,1,98,0,,
lenskit_lenskit,org.lenskit.data.store,BareEntityCollection,find,8,2,2,104,0,,
lenskit_lenskit,org.lenskit.data.store,BareEntityCollection,grouped,4,1,1,114,0,,
lenskit_lenskit,org.lenskit.data.store,BareEntityCollection,iterator,3,1,0,121,0,,
lenskit_lenskit,org.lenskit.data.store,BareEntityCollection,size,3,1,0,126,0,,
lenskit_lenskit,org.lenskit.data.store,BareEntityCollection,toString,3,1,0,131,0,,
lenskit_lenskit,org.lenskit.data.store,BareEntityCollection,describeTo,3,1,1,139,0,,
lenskit_lenskit,org.lenskit.data.store,LongAttrStoreBuilder,LongAttrStoreBuilder,3,1,0,31,0,,
lenskit_lenskit,org.lenskit.data.store,LongAttrStoreBuilder,getLong,5,1,1,35,0,,
lenskit_lenskit,org.lenskit.data.store,LongAttrStoreBuilder,build,6,2,0,41,0,,
lenskit_lenskit,org.lenskit.data.store,LongAttrStoreBuilder,tempBuild,3,1,0,49,0,,
lenskit_lenskit,org.lenskit.data.store,PackIndex,PackIndex,3,1,1,44,0,,
lenskit_lenskit,org.lenskit.data.store,PackIndex,getValues,3,1,0,48,0,,
lenskit_lenskit,org.lenskit.data.store,PackIndex,getPositions,9,2,1,52,0,,
lenskit_lenskit,org.lenskit.data.store,EntityCollectionBuilder,addIndex,0,1,1,34,0,,
lenskit_lenskit,org.lenskit.data.store,EntityCollectionBuilder,addIndex,0,1,1,42,0,,
lenskit_lenskit,org.lenskit.data.store,EntityCollectionBuilder,add,3,1,1,49,0,org.lenskit.data.store.EntityCollectionBuilder,org.lenskit.data.store.EntityCollectionBuilder
lenskit_lenskit,org.lenskit.data.store,EntityCollectionBuilder,add,0,1,2,59,0,,
lenskit_lenskit,org.lenskit.data.store,EntityCollectionBuilder,entities,0,1,0,68,0,,
lenskit_lenskit,org.lenskit.data.store,EntityCollectionBuilder,build,0,1,0,74,0,,
lenskit_lenskit,org.lenskit.data.store,PackedEntityCollectionBuilder,PackedEntityCollectionBuilder,34,5,3,55,0,,
lenskit_lenskit,org.lenskit.data.store,PackedEntityCollectionBuilder,addIndex,7,2,1,90,0,,
lenskit_lenskit,org.lenskit.data.store,PackedEntityCollectionBuilder,addIndex,7,2,1,99,0,,
lenskit_lenskit,org.lenskit.data.store,PackedEntityCollectionBuilder,buildIndex,15,3,1,108,0,,
lenskit_lenskit,org.lenskit.data.store,PackedEntityCollectionBuilder,add,45,13,2,123,0,,
lenskit_lenskit,org.lenskit.data.store,PackedEntityCollectionBuilder,entities,7,2,0,173,0,,
lenskit_lenskit,org.lenskit.data.store,PackedEntityCollectionBuilder,build,14,4,0,183,0,org.lenskit.data.store.PackedEntityCollectionBuilder,org.lenskit.data.store.PackedEntityCollectionBuilder
lenskit_lenskit,org.lenskit.data.store,PackedEntityCollectionBuilder,compareIds,3,1,2,212,0,,
lenskit_lenskit,org.lenskit.data.store,DoubleAttrStore,DoubleAttrStore,4,1,2,36,0,,
lenskit_lenskit,org.lenskit.data.store,DoubleAttrStore,getDouble,3,1,1,43,0,,
lenskit_lenskit,org.lenskit.data.store,GenericEntityIndexBuilder,GenericEntityIndexBuilder,3,1,1,39,0,,
lenskit_lenskit,org.lenskit.data.store,GenericEntityIndexBuilder,GenericEntityIndexBuilder,4,1,1,47,0,,
lenskit_lenskit,org.lenskit.data.store,GenericEntityIndexBuilder,add,7,2,1,56,0,,
lenskit_lenskit,org.lenskit.data.store,GenericEntityIndexBuilder,build,6,1,0,65,0,,
lenskit_lenskit,org.lenskit.data.store,EntityCollection,EntityCollection,2,1,0,44,0,,
lenskit_lenskit,org.lenskit.data.store,EntityCollection,newBuilder,3,1,1,46,0,,
lenskit_lenskit,org.lenskit.data.store,EntityCollection,newBuilder,9,2,2,54,0,,
lenskit_lenskit,org.lenskit.data.store,EntityCollection,newBuilder,9,2,3,70,0,,
lenskit_lenskit,org.lenskit.data.store,EntityCollection,newBareBuilder,3,1,1,88,0,,
lenskit_lenskit,org.lenskit.data.store,EntityCollection,getType,0,1,0,97,0,,
lenskit_lenskit,org.lenskit.data.store,EntityCollection,idSet,0,1,0,103,0,,
lenskit_lenskit,org.lenskit.data.store,EntityCollection,lookup,0,1,1,105,0,,
lenskit_lenskit,org.lenskit.data.store,EntityCollection,find,0,1,2,113,0,,
lenskit_lenskit,org.lenskit.data.store,EntityCollection,find,0,1,1,122,0,,
lenskit_lenskit,org.lenskit.data.store,EntityCollection,find,0,1,2,131,0,,
lenskit_lenskit,org.lenskit.data.store,EntityCollection,grouped,0,1,1,140,0,,
lenskit_lenskit,org.lenskit.data.store,EntityCollection,getSortKeys,3,1,0,147,0,,
lenskit_lenskit,org.lenskit.data.store,MapEntityCollectionBuilder,MapEntityCollectionBuilder,5,1,1,55,0,,
lenskit_lenskit,org.lenskit.data.store,MapEntityCollectionBuilder,addIndex,12,3,1,61,0,,
lenskit_lenskit,org.lenskit.data.store,MapEntityCollectionBuilder,addIndex,3,1,1,78,0,,
lenskit_lenskit,org.lenskit.data.store,MapEntityCollectionBuilder,add,13,3,2,83,0,,
lenskit_lenskit,org.lenskit.data.store,MapEntityCollectionBuilder,entities,3,1,0,99,0,,
lenskit_lenskit,org.lenskit.data.store,MapEntityCollectionBuilder,build,13,2,0,104,0,,
lenskit_lenskit,org.lenskit.data.store,ShortShard,ShortShard,2,1,0,38,0,,
lenskit_lenskit,org.lenskit.data.store,ShortShard,create,3,1,0,40,0,,
lenskit_lenskit,org.lenskit.data.store,ShortShard,get,9,2,1,44,0,org.lenskit.data.store.ShortShard,org.lenskit.data.store.ShortShard
lenskit_lenskit,org.lenskit.data.store,ShortShard,getShort,4,1,1,54,0,,
lenskit_lenskit,org.lenskit.data.store,ShortShard,put,11,3,2,59,0,org.lenskit.data.store.ShortShard,org.lenskit.data.store.ShortShard
lenskit_lenskit,org.lenskit.data.store,ShortShard,clear,11,3,1,70,0,,
lenskit_lenskit,org.lenskit.data.store,ShortShard,put,14,4,2,82,0,,
lenskit_lenskit,org.lenskit.data.store,ShortShard,isNull,4,1,1,97,0,,
lenskit_lenskit,org.lenskit.data.store,ShortShard,adapt,8,2,1,103,0,,
lenskit_lenskit,org.lenskit.data.store,ShortShard,size,3,1,0,112,0,,
lenskit_lenskit,org.lenskit.data.store,ShortShard,compact,3,1,0,117,0,,
lenskit_lenskit,org.lenskit.data.store,GenericEntityIndex,GenericEntityIndex,3,1,1,40,0,,
lenskit_lenskit,org.lenskit.data.store,GenericEntityIndex,getEntities,3,1,1,44,0,,
lenskit_lenskit,org.lenskit.data.store,GenericEntityIndex,getValues,3,1,0,50,0,,
lenskit_lenskit,org.lenskit.data.store,ObjectShard,get,4,1,1,36,0,,
lenskit_lenskit,org.lenskit.data.store,ObjectShard,put,7,2,2,42,0,,
lenskit_lenskit,org.lenskit.data.store,ObjectShard,isNull,4,1,1,51,0,,
lenskit_lenskit,org.lenskit.data.store,ObjectShard,adapt,3,1,1,57,0,,
lenskit_lenskit,org.lenskit.data.store,ObjectShard,size,3,1,0,62,0,,
lenskit_lenskit,org.lenskit.data.store,ObjectShard,compact,3,1,0,67,0,,
lenskit_lenskit,org.lenskit.data.store,EntityIndexBuilder,add,0,1,1,35,0,,
lenskit_lenskit,org.lenskit.data.store,EntityIndexBuilder,build,0,1,0,42,0,,
lenskit_lenskit,org.lenskit.data.store,EntityIndexBuilder,create,8,2,1,48,0,,
lenskit_lenskit,org.lenskit.data.store,DoubleShard,DoubleShard,2,1,0,37,0,,
lenskit_lenskit,org.lenskit.data.store,DoubleShard,create,3,1,0,39,0,,
lenskit_lenskit,org.lenskit.data.store,DoubleShard,get,9,2,1,43,0,org.lenskit.data.store.DoubleShard,org.lenskit.data.store.DoubleShard
lenskit_lenskit,org.lenskit.data.store,DoubleShard,put,11,3,2,53,0,org.lenskit.data.store.DoubleShard,org.lenskit.data.store.DoubleShard
lenskit_lenskit,org.lenskit.data.store,DoubleShard,clear,11,3,1,64,0,org.lenskit.data.store.DoubleShard,org.lenskit.data.store.DoubleShard
lenskit_lenskit,org.lenskit.data.store,DoubleShard,put,14,4,2,76,0,org.lenskit.data.store.DoubleShard,org.lenskit.data.store.DoubleShard
lenskit_lenskit,org.lenskit.data.store,DoubleShard,isNull,4,1,1,91,0,,
lenskit_lenskit,org.lenskit.data.store,DoubleShard,size,3,1,0,97,0,,
lenskit_lenskit,org.lenskit.data.store,DoubleShard,capacity,0,1,0,102,0,,
lenskit_lenskit,org.lenskit.data.store,DoubleShard,getDouble,0,1,1,104,0,,
lenskit_lenskit,org.lenskit.data.store,DoubleShard,putDouble,0,1,2,105,0,,
lenskit_lenskit,org.lenskit.data.store,DoubleShard,adapt,0,1,1,106,0,,
lenskit_lenskit,org.lenskit.data.store,LongEntityIndexBuilder,LongEntityIndexBuilder,3,1,1,44,0,,
lenskit_lenskit,org.lenskit.data.store,LongEntityIndexBuilder,LongEntityIndexBuilder,4,1,1,52,0,,
lenskit_lenskit,org.lenskit.data.store,LongEntityIndexBuilder,add,12,3,1,61,0,,
lenskit_lenskit,org.lenskit.data.store,LongEntityIndexBuilder,build,11,2,0,75,0,,
lenskit_lenskit,org.lenskit.data.store,DoubleAttrStoreBuilder,DoubleAttrStoreBuilder,3,1,0,31,0,,
lenskit_lenskit,org.lenskit.data.store,DoubleAttrStoreBuilder,getDouble,5,1,1,35,0,,
lenskit_lenskit,org.lenskit.data.store,DoubleAttrStoreBuilder,build,6,2,0,41,0,,
lenskit_lenskit,org.lenskit.data.store,DoubleAttrStoreBuilder,tempBuild,3,1,0,49,0,,
lenskit_lenskit,org.lenskit.data.store,LongAttrStore,LongAttrStore,4,1,2,36,0,,
lenskit_lenskit,org.lenskit.data.store,LongAttrStore,getLong,3,1,1,43,0,,
lenskit_lenskit,org.lenskit.data.store,AttrStoreTest,testEmpty,6,1,0,41,1,,
lenskit_lenskit,org.lenskit.data.store,AttrStoreTest,testAddObject,9,1,0,50,1,,
lenskit_lenskit,org.lenskit.data.store,AttrStoreTest,testAddTwoObject,12,1,0,62,1,,
lenskit_lenskit,org.lenskit.data.store,AttrStoreTest,testSkipAdd,15,1,0,77,1,,
lenskit_lenskit,org.lenskit.data.store,AttrStoreTest,testAddABunchOfStrings,10,2,0,95,1,,
lenskit_lenskit,org.lenskit.data.store,AttrStoreTest,testAddABunchOfInts,10,2,0,111,1,,
lenskit_lenskit,org.lenskit.data.store,AttrStoreTest,testAddABunchOfSmallInts,10,2,0,127,1,,
lenskit_lenskit,org.lenskit.data.store,AttrStoreTest,testAddABunchOfLongs,10,2,0,143,1,,
lenskit_lenskit,org.lenskit.data.store,AttrStoreTest,testAddABunchOfSmallLongs,10,2,0,159,1,,
lenskit_lenskit,org.lenskit.data.store,AttrStoreTest,testAddABunchOfMediumLongs,10,2,0,175,1,,
lenskit_lenskit,org.lenskit.data.store,AttrStoreTest,testAddABunchOfDoubles,10,2,0,191,1,,
lenskit_lenskit,org.lenskit.data.store,AttrStoreTest,testSwap,11,1,0,207,1,,
lenskit_lenskit,org.lenskit.data.store,AttrStoreTest,testSwapSkip,11,1,0,221,1,,
lenskit_lenskit,org.lenskit.data.store,AttrStoreTest,testSwapAcrossShards,12,2,0,235,1,,
lenskit_lenskit,org.lenskit.data.store,AttrStoreTest,testSwapAndUpgrade,15,3,0,251,1,,
lenskit_lenskit,org.lenskit.data.store,AttrStoreTest,testSwapAndUpgradeReverse,15,3,0,270,1,,
lenskit_lenskit,org.lenskit.data.store,MapEntityCollectionTest,testEmptyBuilder,7,1,0,42,1,,
lenskit_lenskit,org.lenskit.data.store,MapEntityCollectionTest,testAddEntity,10,1,0,52,1,,
lenskit_lenskit,org.lenskit.data.store,MapEntityCollectionTest,testFindEntity,10,1,0,69,1,,
lenskit_lenskit,org.lenskit.data.store,MapEntityCollectionTest,testFindIndexedEntity,10,1,0,92,1,,
lenskit_lenskit,org.lenskit.data.store,MapEntityCollectionTest,testIndexEntityAfterAddStarted,10,1,0,116,1,,
lenskit_lenskit,org.lenskit.data.store,LongEntityIndexTest,testEmpty,6,1,0,37,1,,
lenskit_lenskit,org.lenskit.data.store,LongEntityIndexTest,testAddEntity,9,1,0,45,1,,
lenskit_lenskit,org.lenskit.data.store,LongEntityIndexTest,testNonLongValueEntity,8,1,0,56,1,,
lenskit_lenskit,org.lenskit.data.store,LongEntityIndexTest,testAddEntities,14,1,0,66,1,,
lenskit_lenskit,org.lenskit.data.store,ObjectShardTest,testInitialState,4,1,0,34,1,,
lenskit_lenskit,org.lenskit.data.store,ObjectShardTest,testAddObject,7,1,0,40,1,,
lenskit_lenskit,org.lenskit.data.store,ObjectShardTest,testAddObjectLater,9,1,0,49,1,,
lenskit_lenskit,org.lenskit.data.store,ObjectShardTest,testClearObject,11,1,0,60,1,,
lenskit_lenskit,org.lenskit.data.store,ShortShardTest,testInitialState,4,1,0,34,1,,
lenskit_lenskit,org.lenskit.data.store,ShortShardTest,testAddObject,7,1,0,40,1,,
lenskit_lenskit,org.lenskit.data.store,ShortShardTest,testAddObjectLater,9,1,0,49,1,,
lenskit_lenskit,org.lenskit.data.store,ShortShardTest,testClearObject,11,1,0,60,1,,
lenskit_lenskit,org.lenskit.data.store,LongShardTest,testInitialState,4,1,0,34,1,,
lenskit_lenskit,org.lenskit.data.store,LongShardTest,testAddObject,7,1,0,40,1,,
lenskit_lenskit,org.lenskit.data.store,LongShardTest,testAddObjectLater,9,1,0,49,1,,
lenskit_lenskit,org.lenskit.data.store,LongShardTest,testClearObject,11,1,0,60,1,,
lenskit_lenskit,org.lenskit.data.store,LongShardTest,testShortWrapInitialState,4,1,0,73,1,,
lenskit_lenskit,org.lenskit.data.store,LongShardTest,testShortWrapAddObject,7,1,0,79,1,,
lenskit_lenskit,org.lenskit.data.store,LongShardTest,testShortWrapAddObjectLater,9,1,0,88,1,,
lenskit_lenskit,org.lenskit.data.store,LongShardTest,testShortWrapClearObject,11,1,0,99,1,,
lenskit_lenskit,org.lenskit.data.store,LongShardTest,testAdaptUpgrade,11,1,0,112,1,,
lenskit_lenskit,org.lenskit.data.store,LongShardTest,testIntWrapInitialState,4,1,0,125,1,,
lenskit_lenskit,org.lenskit.data.store,LongShardTest,testIntWrapAddObject,7,1,0,131,1,,
lenskit_lenskit,org.lenskit.data.store,LongShardTest,testIntWrapAddObjectLater,9,1,0,140,1,,
lenskit_lenskit,org.lenskit.data.store,LongShardTest,testIntWrapClearObject,11,1,0,151,1,,
lenskit_lenskit,org.lenskit.data.store,LongShardTest,testLongAdaptUpgrade,16,1,0,164,1,,
lenskit_lenskit,org.lenskit.data.store,PackedEntityCollectionTest,testEmptyBuilder,7,1,0,43,1,,
lenskit_lenskit,org.lenskit.data.store,PackedEntityCollectionTest,testAddEntity,10,1,0,54,1,,
lenskit_lenskit,org.lenskit.data.store,PackedEntityCollectionTest,testFindEntity,10,1,0,72,1,,
lenskit_lenskit,org.lenskit.data.store,PackedEntityCollectionTest,testFindIndexedEntity,10,1,0,100,1,,
lenskit_lenskit,org.lenskit.data.store,PackedEntityCollectionTest,testIndexEntityAfterAddStarted,10,1,0,128,1,,
lenskit_lenskit,org.lenskit.data.store,PackedEntityCollectionTest,testGroupEntities,15,1,0,156,1,,
lenskit_lenskit,org.lenskit.data.store,PackedEntityCollectionTest,testWithMissingAttribute,5,1,0,184,1,,
lenskit_lenskit,org.lenskit.data.store,ShardTest,testShardSize,3,1,0,34,1,,
lenskit_lenskit,org.lenskit.data.store,ShardTest,testIndexOfShard,5,2,0,40,1,,
lenskit_lenskit,org.lenskit.data.store,ShardTest,testIndexWithinShard,5,2,0,48,1,,
lenskit_lenskit,org.lenskit.data.store,GenericEntityIndexTest,testEmpty,6,1,0,37,1,,
lenskit_lenskit,org.lenskit.data.store,GenericEntityIndexTest,testAddEntity,10,1,0,45,1,,
lenskit_lenskit,org.lenskit.data.store,GenericEntityIndexTest,testAddEntities,14,1,0,57,1,,
lenskit_lenskit,org.lenskit.data.store,IntShardTest,testInitialState,4,1,0,34,1,,
lenskit_lenskit,org.lenskit.data.store,IntShardTest,testAddObject,7,1,0,40,1,,
lenskit_lenskit,org.lenskit.data.store,IntShardTest,testAddObjectLater,9,1,0,49,1,,
lenskit_lenskit,org.lenskit.data.store,IntShardTest,testClearObject,11,1,0,60,1,,
lenskit_lenskit,org.lenskit.data.store,IntShardTest,testWrapInitialState,4,1,0,73,1,,
lenskit_lenskit,org.lenskit.data.store,IntShardTest,testWrapAddObject,7,1,0,79,1,,
lenskit_lenskit,org.lenskit.data.store,IntShardTest,testWrapAddObjectLater,9,1,0,88,1,,
lenskit_lenskit,org.lenskit.data.store,IntShardTest,testWrapClearObject,11,1,0,99,1,,
lenskit_lenskit,org.lenskit.data.store,IntShardTest,testAdaptUpgrade,11,1,0,112,1,,
lenskit_lenskit,org.lenskit.data.store,DoubleShardTest,testInitialState,4,1,0,38,1,,
lenskit_lenskit,org.lenskit.data.store,DoubleShardTest,testAddObject,7,1,0,44,1,,
lenskit_lenskit,org.lenskit.data.store,DoubleShardTest,testAddObjectLater,9,1,0,53,1,,
lenskit_lenskit,org.lenskit.data.store,DoubleShardTest,testClearObject,11,1,0,64,1,,
lenskit_lenskit,org.lenskit.data.store,DoubleShardTest,testPutClearAdapt,12,1,0,77,1,,
lenskit_lenskit,org.lenskit.data.store,DoubleShardTest,testStorableInts,6,2,0,91,1,,
lenskit_lenskit,org.lenskit.data.store,DoubleShardTest,testStorableHalfPrecision,6,2,0,101,1,,
lenskit_lenskit,org.lenskit.data.store,DoubleShardTest,testStorableQuarterPrecision,6,2,0,111,1,,
lenskit_lenskit,org.lenskit.data.store,DoubleShardTest,testStorableDoubles,5,2,0,121,1,,
lenskit_lenskit,org.lenskit.data.dao,DataAccessObject,getEntityTypes,0,1,0,46,0,,
lenskit_lenskit,org.lenskit.data.dao,DataAccessObject,getEntityIds,0,1,1,52,0,,
lenskit_lenskit,org.lenskit.data.dao,DataAccessObject,lookupEntity,0,1,2,59,0,,
lenskit_lenskit,org.lenskit.data.dao,DataAccessObject,lookupEntity,0,1,3,68,0,,
lenskit_lenskit,org.lenskit.data.dao,DataAccessObject,streamEntities,0,1,1,79,0,,
lenskit_lenskit,org.lenskit.data.dao,DataAccessObject,streamEntities,0,1,1,86,0,,
lenskit_lenskit,org.lenskit.data.dao,DataAccessObject,streamEntityGroups,0,1,2,95,0,,
lenskit_lenskit,org.lenskit.data.dao,DataAccessObject,query,0,1,1,106,0,,
lenskit_lenskit,org.lenskit.data.dao,DataAccessObject,query,0,1,1,113,0,,
lenskit_lenskit,org.lenskit.data.dao,EntityQuery,EntityQuery,6,1,4,47,0,,
lenskit_lenskit,org.lenskit.data.dao,EntityQuery,newBuilder,3,1,1,55,0,,
lenskit_lenskit,org.lenskit.data.dao,EntityQuery,getEntityType,3,1,0,64,0,,
lenskit_lenskit,org.lenskit.data.dao,EntityQuery,getFilterFields,3,1,0,72,0,,
lenskit_lenskit,org.lenskit.data.dao,EntityQuery,getSortKeys,3,1,0,80,0,,
lenskit_lenskit,org.lenskit.data.dao,EntityQuery,getOrdering,12,3,0,88,0,,
lenskit_lenskit,org.lenskit.data.dao,EntityQuery,getViewType,3,1,0,104,0,,
lenskit_lenskit,org.lenskit.data.dao,EntityQuery,apply,3,1,1,112,0,org.lenskit.data.dao.EntityQuery,org.lenskit.data.dao.EntityQuery
lenskit_lenskit,org.lenskit.data.dao,EntityQuery,matches,12,4,1,122,0,,
lenskit_lenskit,org.lenskit.data.dao,EntityCollectionDAOBuilder,addEntityLayout,3,1,2,49,0,org.lenskit.data.dao.EntityCollectionDAOBuilder,org.lenskit.data.dao.EntityCollectionDAOBuilder
lenskit_lenskit,org.lenskit.data.dao,EntityCollectionDAOBuilder,addEntityLayout,11,3,3,61,0,,
lenskit_lenskit,org.lenskit.data.dao,EntityCollectionDAOBuilder,addIndex,6,1,2,82,0,org.lenskit.data.dao.EntityCollectionDAOBuilder,org.lenskit.data.dao.EntityCollectionDAOBuilder
lenskit_lenskit,org.lenskit.data.dao,EntityCollectionDAOBuilder,addDefaultIndex,6,2,1,95,0,,
lenskit_lenskit,org.lenskit.data.dao,EntityCollectionDAOBuilder,getEntityTypes,3,1,0,106,0,,
lenskit_lenskit,org.lenskit.data.dao,EntityCollectionDAOBuilder,addEntity,7,1,1,114,0,org.lenskit.data.dao.EntityCollectionDAOBuilder,org.lenskit.data.dao.EntityCollectionDAOBuilder
lenskit_lenskit,org.lenskit.data.dao,EntityCollectionDAOBuilder,findBuilder,15,4,1,128,0,,
lenskit_lenskit,org.lenskit.data.dao,EntityCollectionDAOBuilder,addEntities,3,1,1,144,0,,
lenskit_lenskit,org.lenskit.data.dao,EntityCollectionDAOBuilder,addEntities,6,2,1,153,0,org.lenskit.data.dao.EntityCollectionDAOBuilder,org.lenskit.data.dao.EntityCollectionDAOBuilder
lenskit_lenskit,org.lenskit.data.dao,EntityCollectionDAOBuilder,deriveEntities,18,5,3,166,0,,
lenskit_lenskit,org.lenskit.data.dao,EntityCollectionDAOBuilder,build,9,2,0,199,0,,
lenskit_lenskit,org.lenskit.data.dao,GroupedQuery,GroupedQuery,5,1,3,43,0,,
lenskit_lenskit,org.lenskit.data.dao,GroupedQuery,stream,3,1,0,49,0,,
lenskit_lenskit,org.lenskit.data.dao,GroupedQuery,get,5,1,0,57,0,org.lenskit.data.dao.GroupedQuery,org.lenskit.data.dao.GroupedQuery
lenskit_lenskit,org.lenskit.data.dao,AbstractDataAccessObject,query,3,1,1,52,0,,
lenskit_lenskit,org.lenskit.data.dao,AbstractDataAccessObject,query,12,3,1,57,0,,
lenskit_lenskit,org.lenskit.data.dao,AbstractDataAccessObject,streamEntities,3,1,1,77,0,org.lenskit.data.dao.AbstractDataAccessObject,org.lenskit.data.dao.AbstractDataAccessObject
lenskit_lenskit,org.lenskit.data.dao,AbstractDataAccessObject,streamEntityGroups,8,1,2,87,0,org.lenskit.data.dao.AbstractDataAccessObject,org.lenskit.data.dao.AbstractDataAccessObject
lenskit_lenskit,org.lenskit.data.dao,SortKey,SortKey,3,1,1,46,0,,
lenskit_lenskit,org.lenskit.data.dao,SortKey,SortKey,5,1,2,54,0,,
lenskit_lenskit,org.lenskit.data.dao,SortKey,SortKey,5,1,2,65,0,,
lenskit_lenskit,org.lenskit.data.dao,SortKey,create,3,1,1,76,0,,
lenskit_lenskit,org.lenskit.data.dao,SortKey,create,3,1,2,84,0,,
lenskit_lenskit,org.lenskit.data.dao,SortKey,create,3,1,2,93,0,,
lenskit_lenskit,org.lenskit.data.dao,SortKey,getAttribute,3,1,0,102,0,,
lenskit_lenskit,org.lenskit.data.dao,SortKey,getOrder,3,1,0,110,0,,
lenskit_lenskit,org.lenskit.data.dao,SortKey,hasCustomComparator,3,1,0,119,0,,
lenskit_lenskit,org.lenskit.data.dao,SortKey,ordering,13,3,0,127,0,,
lenskit_lenskit,org.lenskit.data.dao,SortKey,equals,6,3,1,147,0,,
lenskit_lenskit,org.lenskit.data.dao,SortKey,hashCode,3,1,0,161,0,,
lenskit_lenskit,org.lenskit.data.dao,EntityCollectionDAO,EntityCollectionDAO,3,1,1,50,0,,
lenskit_lenskit,org.lenskit.data.dao,EntityCollectionDAO,newBuilder,3,1,0,54,0,,
lenskit_lenskit,org.lenskit.data.dao,EntityCollectionDAO,create,3,1,1,62,0,org.lenskit.data.dao.EntityCollectionDAO,org.lenskit.data.dao.EntityCollectionDAO
lenskit_lenskit,org.lenskit.data.dao,EntityCollectionDAO,create,3,1,1,71,0,org.lenskit.data.dao.EntityCollectionDAO,org.lenskit.data.dao.EntityCollectionDAO
lenskit_lenskit,org.lenskit.data.dao,EntityCollectionDAO,getEntityTypes,3,1,0,81,0,,
lenskit_lenskit,org.lenskit.data.dao,EntityCollectionDAO,getEntityIds,9,2,1,86,0,,
lenskit_lenskit,org.lenskit.data.dao,EntityCollectionDAO,lookupEntity,9,2,2,96,0,,
lenskit_lenskit,org.lenskit.data.dao,EntityCollectionDAO,lookupEntity,9,2,3,107,0,org.lenskit.data.dao.EntityCollectionDAO,org.lenskit.data.dao.EntityCollectionDAO
lenskit_lenskit,org.lenskit.data.dao,EntityCollectionDAO,streamEntities,9,2,1,118,0,,
lenskit_lenskit,org.lenskit.data.dao,EntityCollectionDAO,streamEntities,38,7,1,128,0,,
lenskit_lenskit,org.lenskit.data.dao,EntityCollectionDAO,streamEntityGroups,26,5,2,175,0,,
lenskit_lenskit,org.lenskit.data.dao,EntityCollectionDAO,readObject,15,4,0,186,0,,
lenskit_lenskit,org.lenskit.data.dao,EntityCollectionDAO,describeTo,5,2,1,210,0,,
lenskit_lenskit,org.lenskit.data.dao,DataAccessException,DataAccessException,2,1,0,34,0,,
lenskit_lenskit,org.lenskit.data.dao,DataAccessException,DataAccessException,3,1,1,37,0,,
lenskit_lenskit,org.lenskit.data.dao,DataAccessException,DataAccessException,3,1,2,41,0,,
lenskit_lenskit,org.lenskit.data.dao,DataAccessException,DataAccessException,3,1,1,45,0,,
lenskit_lenskit,org.lenskit.data.dao,JavaQuery,JavaQuery,3,1,3,48,0,,
lenskit_lenskit,org.lenskit.data.dao,JavaQuery,JavaQuery,5,1,3,57,0,,
lenskit_lenskit,org.lenskit.data.dao,JavaQuery,withAttribute,3,1,2,63,0,,
lenskit_lenskit,org.lenskit.data.dao,JavaQuery,orderBy,3,1,1,68,0,,
lenskit_lenskit,org.lenskit.data.dao,JavaQuery,orderBy,3,1,2,73,0,,
lenskit_lenskit,org.lenskit.data.dao,JavaQuery,asType,3,1,1,78,0,,
lenskit_lenskit,org.lenskit.data.dao,JavaQuery,groupBy,3,1,1,83,0,,
lenskit_lenskit,org.lenskit.data.dao,JavaQuery,groupBy,3,1,1,88,0,org.lenskit.data.dao.JavaQuery,org.lenskit.data.dao.JavaQuery
lenskit_lenskit,org.lenskit.data.dao,JavaQuery,stream,3,1,0,93,0,,
lenskit_lenskit,org.lenskit.data.dao,JavaQuery,get,3,1,0,98,0,org.lenskit.data.dao.JavaQuery,org.lenskit.data.dao.JavaQuery
lenskit_lenskit,org.lenskit.data.dao,JavaQuery,count,3,1,0,103,0,org.lenskit.data.dao.JavaQuery,org.lenskit.data.dao.JavaQuery
lenskit_lenskit,org.lenskit.data.dao,JavaQuery,valueSet,11,3,1,108,0,org.lenskit.data.dao.JavaQuery,org.lenskit.data.dao.JavaQuery
lenskit_lenskit,org.lenskit.data.dao,UnsupportedQueryException,UnsupportedQueryException,2,1,0,33,0,,
lenskit_lenskit,org.lenskit.data.dao,UnsupportedQueryException,UnsupportedQueryException,3,1,1,39,0,,
lenskit_lenskit,org.lenskit.data.dao,UnsupportedQueryException,UnsupportedQueryException,3,1,2,46,0,,
lenskit_lenskit,org.lenskit.data.dao,UnsupportedQueryException,UnsupportedQueryException,3,1,1,53,0,,
lenskit_lenskit,org.lenskit.data.dao,EntityQueryBuilder,EntityQueryBuilder,5,1,1,45,0,,
lenskit_lenskit,org.lenskit.data.dao,EntityQueryBuilder,setEntityType,4,1,1,55,0,,
lenskit_lenskit,org.lenskit.data.dao,EntityQueryBuilder,addFilterField,3,1,2,67,0,,
lenskit_lenskit,org.lenskit.data.dao,EntityQueryBuilder,addFilterField,4,1,1,78,0,,
lenskit_lenskit,org.lenskit.data.dao,EntityQueryBuilder,addFilterFields,6,2,1,89,0,,
lenskit_lenskit,org.lenskit.data.dao,EntityQueryBuilder,addSortKey,3,1,1,101,0,org.lenskit.data.dao.EntityQueryBuilder,org.lenskit.data.dao.EntityQueryBuilder
lenskit_lenskit,org.lenskit.data.dao,EntityQueryBuilder,addSortKey,3,1,2,110,0,org.lenskit.data.dao.EntityQueryBuilder,org.lenskit.data.dao.EntityQueryBuilder
lenskit_lenskit,org.lenskit.data.dao,EntityQueryBuilder,addSortKey,4,1,1,120,0,,
lenskit_lenskit,org.lenskit.data.dao,EntityQueryBuilder,addSortKeys,6,2,1,130,0,org.lenskit.data.dao.EntityQueryBuilder,org.lenskit.data.dao.EntityQueryBuilder
lenskit_lenskit,org.lenskit.data.dao,EntityQueryBuilder,copy,6,1,0,142,0,org.lenskit.data.dao.EntityQueryBuilder,org.lenskit.data.dao.EntityQueryBuilder
lenskit_lenskit,org.lenskit.data.dao,EntityQueryBuilder,build,3,1,0,154,0,org.lenskit.data.dao.EntityQueryBuilder,org.lenskit.data.dao.EntityQueryBuilder
lenskit_lenskit,org.lenskit.data.dao,EntityQueryBuilder,buildWithView,4,1,1,162,0,,
lenskit_lenskit,org.lenskit.data.dao,Query,withAttribute,0,1,2,44,0,,
lenskit_lenskit,org.lenskit.data.dao,Query,orderBy,0,1,1,53,0,,
lenskit_lenskit,org.lenskit.data.dao,Query,orderBy,0,1,2,60,0,,
lenskit_lenskit,org.lenskit.data.dao,Query,asType,0,1,1,68,0,,
lenskit_lenskit,org.lenskit.data.dao,Query,groupBy,0,1,1,76,0,,
lenskit_lenskit,org.lenskit.data.dao,Query,groupBy,0,1,1,83,0,,
lenskit_lenskit,org.lenskit.data.dao,Query,stream,0,1,0,90,0,,
lenskit_lenskit,org.lenskit.data.dao,Query,get,0,1,0,96,0,,
lenskit_lenskit,org.lenskit.data.dao,Query,count,0,1,0,102,0,,
lenskit_lenskit,org.lenskit.data.dao,Query,valueSet,0,1,1,108,0,,
lenskit_lenskit,org.lenskit.data.dao,EntityQueryBuilderTest,testCopyEmpty,10,1,0,40,1,,
lenskit_lenskit,org.lenskit.data.dao,EntityCollectionDAOTest,testEmptyDAO,6,1,0,51,1,,
lenskit_lenskit,org.lenskit.data.dao,EntityCollectionDAOTest,testEmptyDAOHasEmptyGroupedResults,4,1,0,60,1,,
lenskit_lenskit,org.lenskit.data.dao,EntityCollectionDAOTest,testOneEntity,8,1,0,67,1,,
lenskit_lenskit,org.lenskit.data.dao,EntityCollectionDAOTest,testNullQueryOneEntity,6,1,0,82,1,,
lenskit_lenskit,org.lenskit.data.dao,EntityCollectionDAOTest,testQueryPassOneEntity,10,1,0,92,1,,
lenskit_lenskit,org.lenskit.data.dao,EntityCollectionDAOTest,testQueryRejectOneEntity,7,1,0,112,1,,
lenskit_lenskit,org.lenskit.data.dao,EntityCollectionDAOTest,testQuerySelectEntities,19,1,0,129,1,,
lenskit_lenskit,org.lenskit.data.dao,EntityCollectionDAOTest,testQuerySortEntities,8,1,0,170,1,,
lenskit_lenskit,org.lenskit.data.dao,EntityCollectionDAOTest,testGroupOneEntity,10,1,0,189,1,,
lenskit_lenskit,org.lenskit.data.dao,EntityCollectionDAOTest,testGroupEntities,11,1,0,207,1,,
lenskit_lenskit,org.lenskit.data.dao,EntityCollectionDAOTest,testMultipleTypes,12,1,0,235,1,,
lenskit_lenskit,org.lenskit.data.dao,EntityCollectionDAOTest,testQueryRejectOneEntityFluent,6,1,0,274,1,,
lenskit_lenskit,org.lenskit.data.dao,EntityCollectionDAOTest,testGroupEntitiesFluently,11,1,0,289,1,,
lenskit_lenskit,org.lenskit.data.dao,EntityCollectionDAOTest,testAddEntityLayout,10,1,0,318,1,,
lenskit_lenskit,org.lenskit.data.dao,EntityCollectionDAOTest,testStoreABunchOfRatings,29,4,0,340,1,,
lenskit_lenskit,org.lenskit.data.dao,EntityCollectionDAOTest,testPackABunchOfRatings,30,4,0,393,1,,
lenskit_lenskit,org.lenskit.data.dao,EntityQueryTest,testUniversalQuery,7,1,0,35,1,,
lenskit_lenskit,org.lenskit.data.dao,EntityQueryTest,testSingleAttrFilter,7,1,0,44,1,,
lenskit_lenskit,org.lenskit.data.dao,EntityQueryTest,testTwoAttrFilter,7,1,0,56,1,,
lenskit_lenskit,org.lenskit.data.dao,EntityQueryTest,testSortKey,7,1,0,70,1,,
lenskit_lenskit,org.lenskit.data.dao,EntityQueryTest,testUniversalMatch,5,1,0,83,1,,
lenskit_lenskit,org.lenskit.data.dao,EntityQueryTest,testAttributeMatch,7,1,0,93,1,,
lenskit_lenskit,org.lenskit.data.dao.file,EntityFormat,getEntityType,0,1,0,41,0,,
lenskit_lenskit,org.lenskit.data.dao.file,EntityFormat,getAttributes,0,1,0,47,0,,
lenskit_lenskit,org.lenskit.data.dao.file,EntityFormat,getEntityBuilder,0,1,0,55,0,,
lenskit_lenskit,org.lenskit.data.dao.file,EntityFormat,getHeaderLines,0,1,0,63,0,,
lenskit_lenskit,org.lenskit.data.dao.file,EntityFormat,makeParser,0,1,1,70,0,,
lenskit_lenskit,org.lenskit.data.dao.file,EntityFormat,toJSON,0,1,0,77,0,,
lenskit_lenskit,org.lenskit.data.dao.file,StaticDataSource,StaticDataSource,3,1,0,73,0,,
lenskit_lenskit,org.lenskit.data.dao.file,StaticDataSource,StaticDataSource,5,1,1,80,0,,
lenskit_lenskit,org.lenskit.data.dao.file,StaticDataSource,getName,3,1,0,90,0,,
lenskit_lenskit,org.lenskit.data.dao.file,StaticDataSource,addSource,3,1,1,98,0,org.lenskit.data.dao.file.StaticDataSource,org.lenskit.data.dao.file.StaticDataSource
lenskit_lenskit,org.lenskit.data.dao.file,StaticDataSource,addSource,3,1,2,106,0,,
lenskit_lenskit,org.lenskit.data.dao.file,StaticDataSource,addSource,3,1,1,115,0,,
lenskit_lenskit,org.lenskit.data.dao.file,StaticDataSource,addIndex,3,1,2,123,0,,
lenskit_lenskit,org.lenskit.data.dao.file,StaticDataSource,addDerivedEntity,3,1,3,132,0,,
lenskit_lenskit,org.lenskit.data.dao.file,StaticDataSource,addDerivedEntity,3,1,1,148,0,,
lenskit_lenskit,org.lenskit.data.dao.file,StaticDataSource,getSources,3,1,0,162,0,,
lenskit_lenskit,org.lenskit.data.dao.file,StaticDataSource,getSourcesForType,9,3,1,170,0,,
lenskit_lenskit,org.lenskit.data.dao.file,StaticDataSource,get,30,3,0,186,0,org.lenskit.data.dao.file.StaticDataSource,org.lenskit.data.dao.file.StaticDataSource
lenskit_lenskit,org.lenskit.data.dao.file,StaticDataSource,getPreferenceDomain,20,5,0,221,0,org.lenskit.data.dao.file.StaticDataSource,org.lenskit.data.dao.file.StaticDataSource
lenskit_lenskit,org.lenskit.data.dao.file,StaticDataSource,makeDAO,50,11,0,244,0,,
lenskit_lenskit,org.lenskit.data.dao.file,StaticDataSource,toString,3,1,0,301,0,,
lenskit_lenskit,org.lenskit.data.dao.file,StaticDataSource,describeTo,4,1,1,306,0,,
lenskit_lenskit,org.lenskit.data.dao.file,StaticDataSource,fromJSON,3,1,2,312,0,org.lenskit.data.dao.file.StaticDataSource,org.lenskit.data.dao.file.StaticDataSource
lenskit_lenskit,org.lenskit.data.dao.file,StaticDataSource,fromJSON,36,7,3,322,0,org.lenskit.data.dao.file.StaticDataSource,org.lenskit.data.dao.file.StaticDataSource
lenskit_lenskit,org.lenskit.data.dao.file,StaticDataSource,handleEntitySource,3,1,1,334,0,org.lenskit.data.dao.file.StaticDataSource,org.lenskit.data.dao.file.StaticDataSource
lenskit_lenskit,org.lenskit.data.dao.file,StaticDataSource,handleEntityDerivation,3,1,1,339,0,org.lenskit.data.dao.file.StaticDataSource,org.lenskit.data.dao.file.StaticDataSource
lenskit_lenskit,org.lenskit.data.dao.file,StaticDataSource,load,3,1,1,368,0,org.lenskit.data.dao.file.StaticDataSource,org.lenskit.data.dao.file.StaticDataSource
lenskit_lenskit,org.lenskit.data.dao.file,StaticDataSource,load,7,1,2,378,0,org.lenskit.data.dao.file.StaticDataSource,org.lenskit.data.dao.file.StaticDataSource
lenskit_lenskit,org.lenskit.data.dao.file,StaticDataSource,load,7,1,2,393,0,org.lenskit.data.dao.file.StaticDataSource,org.lenskit.data.dao.file.StaticDataSource
lenskit_lenskit,org.lenskit.data.dao.file,StaticDataSource,csvRatingFile,8,1,1,408,0,org.lenskit.data.dao.file.StaticDataSource,org.lenskit.data.dao.file.StaticDataSource
lenskit_lenskit,org.lenskit.data.dao.file,StaticDataSource,fromList,5,1,1,422,0,org.lenskit.data.dao.file.StaticDataSource,org.lenskit.data.dao.file.StaticDataSource
lenskit_lenskit,org.lenskit.data.dao.file,LineEntityParser,parse,0,1,1,38,0,,
lenskit_lenskit,org.lenskit.data.dao.file,LineEntityParser,apply,3,1,1,45,0,org.lenskit.data.dao.file.LineEntityParser,org.lenskit.data.dao.file.LineEntityParser
lenskit_lenskit,org.lenskit.data.dao.file,CollectionEntitySource,CollectionEntitySource,10,2,3,53,0,,
lenskit_lenskit,org.lenskit.data.dao.file,CollectionEntitySource,getName,3,1,0,69,0,,
lenskit_lenskit,org.lenskit.data.dao.file,CollectionEntitySource,getTypes,3,1,0,75,0,,
lenskit_lenskit,org.lenskit.data.dao.file,CollectionEntitySource,getLayout,3,1,0,81,0,,
lenskit_lenskit,org.lenskit.data.dao.file,CollectionEntitySource,openStream,3,1,0,87,0,,
lenskit_lenskit,org.lenskit.data.dao.file,CollectionEntitySource,getMetadata,3,1,0,92,0,,
lenskit_lenskit,org.lenskit.data.dao.file,DelimitedColumnEntityFormat,getDelimiter,3,1,0,63,0,,
lenskit_lenskit,org.lenskit.data.dao.file,DelimitedColumnEntityFormat,setDelimiter,3,1,1,71,0,,
lenskit_lenskit,org.lenskit.data.dao.file,DelimitedColumnEntityFormat,setHeader,4,1,1,79,0,,
lenskit_lenskit,org.lenskit.data.dao.file,DelimitedColumnEntityFormat,getHeaderLines,3,1,0,88,0,,
lenskit_lenskit,org.lenskit.data.dao.file,DelimitedColumnEntityFormat,setHeaderLines,4,1,1,96,0,,
lenskit_lenskit,org.lenskit.data.dao.file,DelimitedColumnEntityFormat,usesHeader,3,1,0,105,0,,
lenskit_lenskit,org.lenskit.data.dao.file,DelimitedColumnEntityFormat,getBaseId,3,1,0,113,0,,
lenskit_lenskit,org.lenskit.data.dao.file,DelimitedColumnEntityFormat,setBaseId,3,1,1,121,0,,
lenskit_lenskit,org.lenskit.data.dao.file,DelimitedColumnEntityFormat,setEntityType,3,1,1,130,0,,
lenskit_lenskit,org.lenskit.data.dao.file,DelimitedColumnEntityFormat,getEntityType,3,1,0,138,0,,
lenskit_lenskit,org.lenskit.data.dao.file,DelimitedColumnEntityFormat,setEntityBuilder,4,1,1,147,0,,
lenskit_lenskit,org.lenskit.data.dao.file,DelimitedColumnEntityFormat,getEntityBuilder,3,1,0,156,0,,
lenskit_lenskit,org.lenskit.data.dao.file,DelimitedColumnEntityFormat,getAttributes,11,3,0,166,0,,
lenskit_lenskit,org.lenskit.data.dao.file,DelimitedColumnEntityFormat,newEntityBuilder,6,2,0,184,0,,
lenskit_lenskit,org.lenskit.data.dao.file,DelimitedColumnEntityFormat,addColumn,7,2,1,195,0,,
lenskit_lenskit,org.lenskit.data.dao.file,DelimitedColumnEntityFormat,addColumns,5,2,1,212,0,org.lenskit.data.dao.file.DelimitedColumnEntityFormat,org.lenskit.data.dao.file.DelimitedColumnEntityFormat
lenskit_lenskit,org.lenskit.data.dao.file,DelimitedColumnEntityFormat,getColumnList,4,1,0,224,0,,
lenskit_lenskit,org.lenskit.data.dao.file,DelimitedColumnEntityFormat,addColumn,7,2,2,235,0,,
lenskit_lenskit,org.lenskit.data.dao.file,DelimitedColumnEntityFormat,clearColumns,4,1,0,249,0,,
lenskit_lenskit,org.lenskit.data.dao.file,DelimitedColumnEntityFormat,toString,3,1,0,257,0,,
lenskit_lenskit,org.lenskit.data.dao.file,DelimitedColumnEntityFormat,toJSON,34,7,0,269,0,org.lenskit.data.dao.file.DelimitedColumnEntityFormat,org.lenskit.data.dao.file.DelimitedColumnEntityFormat
lenskit_lenskit,org.lenskit.data.dao.file,DelimitedColumnEntityFormat,fromJSON,0,16,3,304,0,org.lenskit.data.dao.file.DelimitedColumnEntityFormat,org.lenskit.data.dao.file.DelimitedColumnEntityFormat
lenskit_lenskit,org.lenskit.data.dao.file,DelimitedColumnEntityFormat,makeParser,20,3,1,381,0,org.lenskit.data.dao.file.DelimitedColumnEntityFormat,org.lenskit.data.dao.file.DelimitedColumnEntityFormat
lenskit_lenskit,org.lenskit.data.dao.file,EntitySources,fromJSON,3,1,2,36,0,org.lenskit.data.dao.file.EntitySources,org.lenskit.data.dao.file.EntitySources
lenskit_lenskit,org.lenskit.data.dao.file,EntitySources,fromJSON,3,1,3,46,0,org.lenskit.data.dao.file.EntitySources,org.lenskit.data.dao.file.EntitySources
lenskit_lenskit,org.lenskit.data.dao.file,EntitySources,fromJSON,0,6,4,50,0,,
lenskit_lenskit,org.lenskit.data.dao.file,EntitySource,getName,0,1,0,47,0,,
lenskit_lenskit,org.lenskit.data.dao.file,EntitySource,getTypes,0,1,0,54,0,,
lenskit_lenskit,org.lenskit.data.dao.file,EntitySource,getLayout,0,1,0,61,0,,
lenskit_lenskit,org.lenskit.data.dao.file,EntitySource,openStream,0,1,0,70,0,,
lenskit_lenskit,org.lenskit.data.dao.file,EntitySource,getMetadata,0,1,0,77,0,,
lenskit_lenskit,org.lenskit.data.dao.file,TextEntitySource,TextEntitySource,3,1,0,76,0,,
lenskit_lenskit,org.lenskit.data.dao.file,TextEntitySource,TextEntitySource,3,1,1,83,0,,
lenskit_lenskit,org.lenskit.data.dao.file,TextEntitySource,getName,3,1,0,91,0,,
lenskit_lenskit,org.lenskit.data.dao.file,TextEntitySource,getTypes,3,1,0,100,0,,
lenskit_lenskit,org.lenskit.data.dao.file,TextEntitySource,getLayout,10,2,0,106,0,,
lenskit_lenskit,org.lenskit.data.dao.file,TextEntitySource,setFile,9,1,1,118,0,,
lenskit_lenskit,org.lenskit.data.dao.file,TextEntitySource,setURL,4,1,1,132,0,,
lenskit_lenskit,org.lenskit.data.dao.file,TextEntitySource,getFile,8,1,0,142,0,,
lenskit_lenskit,org.lenskit.data.dao.file,TextEntitySource,getURL,3,1,0,154,0,,
lenskit_lenskit,org.lenskit.data.dao.file,TextEntitySource,setSource,4,1,1,162,0,,
lenskit_lenskit,org.lenskit.data.dao.file,TextEntitySource,setFormat,3,1,1,170,0,,
lenskit_lenskit,org.lenskit.data.dao.file,TextEntitySource,getFormat,3,1,0,178,0,,
lenskit_lenskit,org.lenskit.data.dao.file,TextEntitySource,getMetadata,3,1,0,186,0,,
lenskit_lenskit,org.lenskit.data.dao.file,TextEntitySource,openStream,22,3,0,191,0,,
lenskit_lenskit,org.lenskit.data.dao.file,TextEntitySource,toString,7,1,0,218,0,org.lenskit.data.dao.file.TextEntitySource,org.lenskit.data.dao.file.TextEntitySource
lenskit_lenskit,org.lenskit.data.dao.file,TextEntitySource,describeTo,18,1,1,227,0,,
lenskit_lenskit,org.lenskit.data.dao.file,TextEntitySource,toJSON,20,3,1,247,0,org.lenskit.data.dao.file.TextEntitySource,org.lenskit.data.dao.file.TextEntitySource
lenskit_lenskit,org.lenskit.data.dao.file,TextEntitySource,fromJSON,3,1,3,279,0,org.lenskit.data.dao.file.TextEntitySource,org.lenskit.data.dao.file.TextEntitySource
lenskit_lenskit,org.lenskit.data.dao.file,TextEntitySource,fromJSON,0,6,4,290,0,org.lenskit.data.dao.file.TextEntitySource,org.lenskit.data.dao.file.TextEntitySource
lenskit_lenskit,org.lenskit.data.dao.file,TextEntitySource,parseEntityBuilder,25,4,2,342,0,,
lenskit_lenskit,org.lenskit.data.dao.file,TextEntitySource,parseAttribute,23,5,2,364,0,,
lenskit_lenskit,org.lenskit.data.dao.file,Formats,csvRatings,3,1,0,35,0,org.lenskit.data.dao.file.Formats,org.lenskit.data.dao.file.Formats
lenskit_lenskit,org.lenskit.data.dao.file,Formats,tsvRatings,3,1,0,45,0,org.lenskit.data.dao.file.Formats,org.lenskit.data.dao.file.Formats
lenskit_lenskit,org.lenskit.data.dao.file,Formats,delimitedRatings,8,1,1,55,0,,
lenskit_lenskit,org.lenskit.data.dao.file,JSONEntityFormat,setEntityType,3,1,1,54,0,,
lenskit_lenskit,org.lenskit.data.dao.file,JSONEntityFormat,getEntityType,3,1,0,62,0,,
lenskit_lenskit,org.lenskit.data.dao.file,JSONEntityFormat,getHeaderLines,3,1,0,67,0,,
lenskit_lenskit,org.lenskit.data.dao.file,JSONEntityFormat,makeParser,4,1,1,72,0,,
lenskit_lenskit,org.lenskit.data.dao.file,JSONEntityFormat,setEntityBuilder,4,1,1,78,0,,
lenskit_lenskit,org.lenskit.data.dao.file,JSONEntityFormat,getEntityBuilder,3,1,0,87,0,,
lenskit_lenskit,org.lenskit.data.dao.file,JSONEntityFormat,newEntityBuilder,6,2,0,97,0,,
lenskit_lenskit,org.lenskit.data.dao.file,JSONEntityFormat,getDefinedAttributes,3,1,0,108,0,,
lenskit_lenskit,org.lenskit.data.dao.file,JSONEntityFormat,getAttributes,10,3,0,116,0,,
lenskit_lenskit,org.lenskit.data.dao.file,JSONEntityFormat,addAttribute,3,1,1,129,0,org.lenskit.data.dao.file.JSONEntityFormat,org.lenskit.data.dao.file.JSONEntityFormat
lenskit_lenskit,org.lenskit.data.dao.file,JSONEntityFormat,addAttribute,3,1,2,138,0,,
lenskit_lenskit,org.lenskit.data.dao.file,JSONEntityFormat,toJSON,15,3,0,147,0,,
lenskit_lenskit,org.lenskit.data.dao.file,JSONEntityFormat,fromJSON,35,7,3,167,0,org.lenskit.data.dao.file.JSONEntityFormat,org.lenskit.data.dao.file.JSONEntityFormat
lenskit_lenskit,org.lenskit.data.dao.file,JSONEntityFormat,toString,3,1,0,205,0,,
lenskit_lenskit,org.lenskit.data.dao.file,StaticDataSourceTest,testSomeEvents,15,1,0,56,1,,
lenskit_lenskit,org.lenskit.data.dao.file,StaticDataSourceTest,testIndexedEvents,15,1,0,94,1,,
lenskit_lenskit,org.lenskit.data.dao.file,StaticDataSourceTest,testLoadRatings,8,1,0,128,1,,
lenskit_lenskit,org.lenskit.data.dao.file,StaticDataSourceTest,testLoadRatingsList,11,1,0,142,1,,
lenskit_lenskit,org.lenskit.data.dao.file,StaticDataSourceTest,testLoadRatingsMap,11,1,0,158,1,,
lenskit_lenskit,org.lenskit.data.dao.file,StaticDataSourceTest,testLoadRatingsDeriveBobcats,10,1,0,174,1,,
lenskit_lenskit,org.lenskit.data.dao.file,StaticDataSourceTest,testLoadInvalidDataSource,10,1,0,192,1,,
lenskit_lenskit,org.lenskit.data.dao.file,StaticDataSourceTest,verifyRatingsCsvData,31,1,2,204,0,,
lenskit_lenskit,org.lenskit.data.dao.file,JSONEntityFormatTest,testBareEntity,11,1,0,48,1,,
lenskit_lenskit,org.lenskit.data.dao.file,JSONEntityFormatTest,testRating,15,1,0,63,1,,
lenskit_lenskit,org.lenskit.data.dao.file,JSONEntityFormatTest,testRatingWithNull,15,1,0,81,1,,
lenskit_lenskit,org.lenskit.data.dao.file,JSONEntityFormatTest,testThingFields,12,1,0,99,1,,
lenskit_lenskit,org.lenskit.data.dao.file,JSONEntityFormatTest,testThingNullField,12,1,0,114,1,,
lenskit_lenskit,org.lenskit.data.dao.file,JSONEntityFormatTest,testConfigureReader,12,1,0,129,1,,
lenskit_lenskit,org.lenskit.data.dao.file,JSONEntityFormatTest,testConfigureReaderCompoundField,19,1,0,144,1,,
lenskit_lenskit,org.lenskit.data.dao.file,DelimitedColumnEntityFormatTest,testDefaults,8,1,0,39,1,,
lenskit_lenskit,org.lenskit.data.dao.file,DelimitedColumnEntityFormatTest,testBasicParseLine,21,1,0,50,1,,
lenskit_lenskit,org.lenskit.data.dao.file,DelimitedColumnEntityFormatTest,testParseLineWithBaseId,22,1,0,81,1,,
lenskit_lenskit,org.lenskit.data.dao.file,DelimitedColumnEntityFormatTest,testHeaderParseLine,24,1,0,113,1,,
lenskit_lenskit,org.lenskit.data.dao.file,DelimitedColumnEntityFormatTest,testFileWithIds,22,1,0,148,1,,
lenskit_lenskit,org.lenskit.data.dao.file,TextEntitySourceTest,testMinimalTSVConfig,20,1,0,47,1,,
lenskit_lenskit,org.lenskit.data.dao.file,TextEntitySourceTest,testMinimalCSVConfig,14,1,0,75,1,,
lenskit_lenskit,org.lenskit.data.dao.file,TextEntitySourceTest,testWeirdDelimiterConfig,13,1,0,91,1,,
lenskit_lenskit,org.lenskit.data.dao.file,TextEntitySourceTest,testHeaderConfig,13,1,0,106,1,,
lenskit_lenskit,org.lenskit.data.dao.file,TextEntitySourceTest,testSkipHeaderConfig,13,1,0,121,1,,
lenskit_lenskit,org.lenskit.data.dao.file,TextEntitySourceTest,testBaseIdConfig,12,1,0,136,1,,
lenskit_lenskit,org.lenskit.data.dao.file,TextEntitySourceTest,testJSONConfig,15,1,0,150,1,,
lenskit_lenskit,org.lenskit.data.dao.file,TextEntitySourceTest,testReadRatingCSV,29,1,0,169,1,,
lenskit_lenskit,org.lenskit.data.dao.file,TextEntitySourceTest,testReadRatingCSVWithHeaders,33,1,0,208,1,,
lenskit_lenskit,org.lenskit.data.dao.file,TextEntitySourceTest,testConfigureRatingCSVWithHeaders,30,1,0,248,1,,
lenskit_lenskit,org.lenskit.data.dao.file,TextEntitySourceTest,testConfigureItemJSON,18,1,0,294,1,,
lenskit_lenskit,org.lenskit.results,Results,Results,2,1,0,50,0,,
lenskit_lenskit,org.lenskit.results,Results,create,3,1,2,52,0,,
lenskit_lenskit,org.lenskit.results,Results,basicCopy,8,2,1,62,0,org.lenskit.results.Results,org.lenskit.results.Results
lenskit_lenskit,org.lenskit.results,Results,rescore,3,1,2,77,0,org.lenskit.results.Results,org.lenskit.results.Results
lenskit_lenskit,org.lenskit.results,Results,rescore,3,1,2,87,0,,
lenskit_lenskit,org.lenskit.results,Results,newResultList,3,1,1,97,0,,
lenskit_lenskit,org.lenskit.results,Results,newResultList,3,1,1,107,0,,
lenskit_lenskit,org.lenskit.results,Results,newResultMap,3,1,1,119,0,,
lenskit_lenskit,org.lenskit.results,Results,newResultMap,3,1,1,129,0,,
lenskit_lenskit,org.lenskit.results,Results,listCollector,3,1,0,141,0,,
lenskit_lenskit,org.lenskit.results,Results,basicCopyFunction,3,1,0,149,0,,
lenskit_lenskit,org.lenskit.results,Results,fromEntry,9,2,1,159,0,org.lenskit.results.Results,org.lenskit.results.Results
lenskit_lenskit,org.lenskit.results,Results,fromEntryFunction,3,1,0,173,0,,
lenskit_lenskit,org.lenskit.results,Results,basicEquivalence,3,1,0,181,0,org.lenskit.results.Results,org.lenskit.results.Results
lenskit_lenskit,org.lenskit.results,Results,idOrder,3,1,0,190,0,,
lenskit_lenskit,org.lenskit.results,Results,scoreOrder,3,1,0,198,0,,
lenskit_lenskit,org.lenskit.results,Results,keyExtractor,3,1,0,206,0,,
lenskit_lenskit,org.lenskit.results,Results,apply,3,1,1,216,0,org.lenskit.results.Results,org.lenskit.results.Results
lenskit_lenskit,org.lenskit.results,Results,apply,3,1,1,224,0,,
lenskit_lenskit,org.lenskit.results,AbstractResult,AbstractResult,4,1,2,42,0,,
lenskit_lenskit,org.lenskit.results,AbstractResult,AbstractResult,2,1,0,52,0,,
lenskit_lenskit,org.lenskit.results,AbstractResult,getKey,3,1,0,57,0,org.lenskit.results.AbstractResult,org.lenskit.results.AbstractResult
lenskit_lenskit,org.lenskit.results,AbstractResult,getId,3,1,0,62,0,,
lenskit_lenskit,org.lenskit.results,AbstractResult,getScore,3,1,0,67,0,,
lenskit_lenskit,org.lenskit.results,AbstractResult,hasScore,3,1,0,72,0,,
lenskit_lenskit,org.lenskit.results,AbstractResult,as,8,2,1,77,0,,
lenskit_lenskit,org.lenskit.results,AbstractResult,startHashCode,3,1,0,91,0,org.lenskit.results.AbstractResult,org.lenskit.results.AbstractResult
lenskit_lenskit,org.lenskit.results,AbstractResult,startEquality,3,1,1,101,0,org.lenskit.results.AbstractResult,org.lenskit.results.AbstractResult
lenskit_lenskit,org.lenskit.results,AbstractResult,startEquality,3,1,2,112,0,,
lenskit_lenskit,org.lenskit.results,AbstractResult,startHashCode,3,1,1,125,0,,
lenskit_lenskit,org.lenskit.results,RescoredResult,RescoredResult,4,1,2,43,0,,
lenskit_lenskit,org.lenskit.results,RescoredResult,getOriginalResult,3,1,0,48,0,,
lenskit_lenskit,org.lenskit.results,RescoredResult,getFinalResult,3,1,0,56,0,,
lenskit_lenskit,org.lenskit.results,RescoredResult,getId,3,1,0,65,0,,
lenskit_lenskit,org.lenskit.results,RescoredResult,getScore,3,1,0,70,0,,
lenskit_lenskit,org.lenskit.results,RescoredResult,hasScore,3,1,0,75,0,,
lenskit_lenskit,org.lenskit.results,RescoredResult,as,12,3,1,80,0,,
lenskit_lenskit,org.lenskit.results,RescoredResult,hashCode,3,1,0,103,0,,
lenskit_lenskit,org.lenskit.results,RescoredResult,equals,9,2,1,110,0,org.lenskit.results.RescoredResult,org.lenskit.results.RescoredResult
lenskit_lenskit,org.lenskit.results,BasicResult,BasicResult,3,1,2,42,0,,
lenskit_lenskit,org.lenskit.results,BasicResult,writeObject,4,1,1,53,0,,
lenskit_lenskit,org.lenskit.results,BasicResult,readObject,4,1,1,58,0,,
lenskit_lenskit,org.lenskit.results,BasicResult,readObjectNoData,3,1,0,63,0,,
lenskit_lenskit,org.lenskit.results,BasicResult,equals,12,3,1,69,0,,
lenskit_lenskit,org.lenskit.results,BasicResult,hashCode,3,1,0,89,0,,
lenskit_lenskit,org.lenskit.results,BasicResult,toString,3,1,0,94,0,,
lenskit_lenskit,org.lenskit.results,LenskitResultList,idList,0,1,0,34,0,,
lenskit_lenskit,org.lenskit.results,LenskitResultMap,scoreMap,0,1,0,36,0,,
lenskit_lenskit,org.lenskit.results,ResultAccumulator,create,3,1,1,42,0,,
lenskit_lenskit,org.lenskit.results,ResultAccumulator,ResultAccumulator,3,1,1,51,0,,
lenskit_lenskit,org.lenskit.results,ResultAccumulator,add,3,1,1,55,0,,
lenskit_lenskit,org.lenskit.results,ResultAccumulator,add,3,1,2,63,0,org.lenskit.results.ResultAccumulator,org.lenskit.results.ResultAccumulator
lenskit_lenskit,org.lenskit.results,ResultAccumulator,finish,3,1,0,72,0,,
lenskit_lenskit,org.lenskit.results,ResultAccumulator,finishMap,3,1,0,83,0,,
lenskit_lenskit,org.lenskit.results,BasicResultMap,BasicResultMap,3,1,1,48,0,,
lenskit_lenskit,org.lenskit.results,BasicResultMap,BasicResultMap,3,1,1,56,0,,
lenskit_lenskit,org.lenskit.results,BasicResultMap,scoreMap,3,1,0,60,0,,
lenskit_lenskit,org.lenskit.results,BasicResultMap,iterator,3,1,0,65,0,,
lenskit_lenskit,org.lenskit.results,BasicResultMap,long2ObjectEntrySet,3,1,0,70,0,,
lenskit_lenskit,org.lenskit.results,BasicResultMap,get,3,1,1,75,0,,
lenskit_lenskit,org.lenskit.results,BasicResultMap,containsKey,3,1,1,80,0,,
lenskit_lenskit,org.lenskit.results,BasicResultMap,values,3,1,0,85,0,,
lenskit_lenskit,org.lenskit.results,BasicResultMap,entrySet,3,1,0,90,0,,
lenskit_lenskit,org.lenskit.results,BasicResultMap,keySet,3,1,0,95,0,,
lenskit_lenskit,org.lenskit.results,BasicResultMap,size,3,1,0,100,0,,
lenskit_lenskit,org.lenskit.results,BasicResultMap,getScore,9,2,1,105,0,,
lenskit_lenskit,org.lenskit.results,BasicResultList,BasicResultList,3,1,1,48,0,,
lenskit_lenskit,org.lenskit.results,BasicResultList,get,3,1,1,56,0,,
lenskit_lenskit,org.lenskit.results,BasicResultList,size,3,1,0,61,0,,
lenskit_lenskit,org.lenskit.results,BasicResultList,iterator,3,1,0,66,0,,
lenskit_lenskit,org.lenskit.results,BasicResultList,listIterator,3,1,0,71,0,,
lenskit_lenskit,org.lenskit.results,BasicResultList,listIterator,3,1,1,76,0,,
lenskit_lenskit,org.lenskit.results,BasicResultList,indexOf,3,1,1,81,0,,
lenskit_lenskit,org.lenskit.results,BasicResultList,lastIndexOf,3,1,1,86,0,,
lenskit_lenskit,org.lenskit.results,BasicResultList,contains,3,1,1,91,0,,
lenskit_lenskit,org.lenskit.results,BasicResultList,subList,3,1,2,96,0,,
lenskit_lenskit,org.lenskit.results,BasicResultList,equals,11,3,1,101,0,,
lenskit_lenskit,org.lenskit.results,BasicResultList,hashCode,3,1,0,112,0,,
lenskit_lenskit,org.lenskit.results,BasicResultList,isEmpty,3,1,0,117,0,,
lenskit_lenskit,org.lenskit.results,BasicResultList,toArray,3,1,0,122,0,,
lenskit_lenskit,org.lenskit.results,BasicResultList,toArray,3,1,1,127,0,,
lenskit_lenskit,org.lenskit.results,BasicResultList,containsAll,3,1,1,132,0,,
lenskit_lenskit,org.lenskit.results,BasicResultList,idList,3,1,0,137,0,,
lenskit_lenskit,org.lenskit.results,BasicResultMapTest,testEmptyMap,7,1,0,36,1,,
lenskit_lenskit,org.lenskit.results,BasicResultMapTest,testSingletonMap,7,1,0,45,1,,
lenskit_lenskit,org.lenskit.results,BasicResultMapTest,testMultiMap,9,1,0,54,1,,
lenskit_lenskit,org.lenskit.results,ResultsTest,testCollectEmpty,4,1,0,47,1,,
lenskit_lenskit,org.lenskit.results,ResultsTest,testCollectSingleton,4,1,0,54,1,,
lenskit_lenskit,org.lenskit.results,ResultsTest,testCollectMany,8,2,0,61,1,,
lenskit_lenskit,org.lenskit.results,ResultsTest,testParallelCollect,8,2,0,75,1,,
lenskit_lenskit,org.lenskit.results,ResultAccumulatorTest,testEmptyLimitedAccum,4,1,0,34,1,,
lenskit_lenskit,org.lenskit.results,ResultAccumulatorTest,testLimitedAddOne,8,1,0,40,1,,
lenskit_lenskit,org.lenskit.results,ResultAccumulatorTest,testLimitedAddThree,12,1,0,50,1,,
lenskit_lenskit,org.lenskit.results,ResultAccumulatorTest,testLimitedAddThreeLimit2,11,1,0,67,1,,
lenskit_lenskit,org.lenskit.results,ResultAccumulatorTest,testEmptyUnlimitedAccum,4,1,0,82,1,,
lenskit_lenskit,org.lenskit.results,ResultAccumulatorTest,testUnlimitedAddOne,8,1,0,88,1,,
lenskit_lenskit,org.lenskit.results,ResultAccumulatorTest,testUnlimitedAddThree,12,1,0,98,1,,
lenskit_lenskit,org.lenskit.results,BasicResultTest,testGetters,8,2,0,38,1,,
lenskit_lenskit,org.lenskit.results,BasicResultTest,testHasScore,4,1,0,48,1,,
lenskit_lenskit,org.lenskit.results,BasicResultTest,testEquality,13,1,0,54,1,,
lenskit_lenskit,org.lenskit.results,BasicResultListTest,testEmptyList,6,1,0,35,1,,
lenskit_lenskit,org.lenskit.results,BasicResultListTest,testSingletonList,7,1,0,43,1,,
lenskit_lenskit,org.lenskit.results,BasicResultListTest,testMultiList,5,1,0,52,1,,
lenskit_lenskit,org.lenskit.bias,LiveUserItemBiasModel,LiveUserItemBiasModel,4,1,2,47,0,,
lenskit_lenskit,org.lenskit.bias,LiveUserItemBiasModel,getIntercept,3,1,0,58,0,,
lenskit_lenskit,org.lenskit.bias,LiveUserItemBiasModel,getUserBias,14,3,1,63,0,org.lenskit.bias.LiveUserItemBiasModel,org.lenskit.bias.LiveUserItemBiasModel
lenskit_lenskit,org.lenskit.bias,LiveUserItemBiasModel,getItemBias,3,1,1,78,0,,
lenskit_lenskit,org.lenskit.bias,LiveUserItemBiasModel,getUserBiases,9,2,1,83,0,org.lenskit.bias.LiveUserItemBiasModel,org.lenskit.bias.LiveUserItemBiasModel
lenskit_lenskit,org.lenskit.bias,LiveUserItemBiasModel,getItemBiases,3,1,1,96,0,,
lenskit_lenskit,org.lenskit.bias,LiveUserItemBiasModel,getUserBiases,3,1,0,101,0,,
lenskit_lenskit,org.lenskit.bias,LiveUserItemBiasModel,getItemBiases,3,1,0,110,0,,
lenskit_lenskit,org.lenskit.bias,ItemAverageRatingBiasModelProvider,ItemAverageRatingBiasModelProvider,4,1,2,43,0,,
lenskit_lenskit,org.lenskit.bias,ItemAverageRatingBiasModelProvider,get,17,3,0,49,0,,
lenskit_lenskit,org.lenskit.bias,UserItemAverageRatingBiasModelProvider,UserItemAverageRatingBiasModelProvider,5,1,3,46,0,,
lenskit_lenskit,org.lenskit.bias,UserItemAverageRatingBiasModelProvider,get,17,3,0,53,0,,
lenskit_lenskit,org.lenskit.bias,ItemBiasModel,ItemBiasModel,3,1,2,44,0,,
lenskit_lenskit,org.lenskit.bias,UserAverageRatingBiasModelProvider,UserAverageRatingBiasModelProvider,4,1,2,46,0,,
lenskit_lenskit,org.lenskit.bias,UserAverageRatingBiasModelProvider,get,27,3,0,52,0,,
lenskit_lenskit,org.lenskit.bias,BiasModel,getIntercept,0,1,0,34,0,,
lenskit_lenskit,org.lenskit.bias,BiasModel,getUserBias,0,1,1,40,0,,
lenskit_lenskit,org.lenskit.bias,BiasModel,getUserBiases,0,1,1,47,0,,
lenskit_lenskit,org.lenskit.bias,BiasModel,getUserBiases,0,1,0,55,0,,
lenskit_lenskit,org.lenskit.bias,BiasModel,getItemBias,0,1,1,61,0,,
lenskit_lenskit,org.lenskit.bias,BiasModel,getItemBiases,0,1,1,68,0,,
lenskit_lenskit,org.lenskit.bias,BiasModel,getItemBiases,0,1,0,76,0,,
lenskit_lenskit,org.lenskit.bias,GlobalBiasModel,GlobalBiasModel,3,1,1,47,0,,
lenskit_lenskit,org.lenskit.bias,GlobalBiasModel,getIntercept,3,1,0,55,0,,
lenskit_lenskit,org.lenskit.bias,GlobalBiasModel,getUserBias,3,1,1,60,0,,
lenskit_lenskit,org.lenskit.bias,GlobalBiasModel,getItemBias,3,1,1,65,0,,
lenskit_lenskit,org.lenskit.bias,GlobalBiasModel,getUserBiases,3,1,1,70,0,,
lenskit_lenskit,org.lenskit.bias,GlobalBiasModel,getItemBiases,3,1,1,75,0,,
lenskit_lenskit,org.lenskit.bias,GlobalBiasModel,getUserBiases,3,1,0,80,0,,
lenskit_lenskit,org.lenskit.bias,GlobalBiasModel,getItemBiases,3,1,0,85,0,,
lenskit_lenskit,org.lenskit.bias,GlobalAverageRatingBiasModelProvider,GlobalAverageRatingBiasModelProvider,3,1,1,41,0,,
lenskit_lenskit,org.lenskit.bias,GlobalAverageRatingBiasModelProvider,get,12,2,0,46,0,,
lenskit_lenskit,org.lenskit.bias,UserItemBiasModel,UserItemBiasModel,5,1,3,50,0,,
lenskit_lenskit,org.lenskit.bias,UserItemBiasModel,getIntercept,3,1,0,62,0,,
lenskit_lenskit,org.lenskit.bias,UserItemBiasModel,getUserBias,3,1,1,67,0,,
lenskit_lenskit,org.lenskit.bias,UserItemBiasModel,getUserBiases,3,1,1,72,0,,
lenskit_lenskit,org.lenskit.bias,UserItemBiasModel,getUserBiases,3,1,0,77,0,,
lenskit_lenskit,org.lenskit.bias,UserItemBiasModel,getItemBias,3,1,1,82,0,,
lenskit_lenskit,org.lenskit.bias,UserItemBiasModel,getItemBiases,3,1,1,87,0,,
lenskit_lenskit,org.lenskit.bias,UserItemBiasModel,getItemBiases,3,1,0,92,0,,
lenskit_lenskit,org.lenskit.bias,UserBiasModel,UserBiasModel,3,1,2,44,0,,
lenskit_lenskit,org.lenskit.bias,BiasItemScorer,BiasItemScorer,3,1,1,49,0,,
lenskit_lenskit,org.lenskit.bias,BiasItemScorer,score,3,1,2,58,0,,
lenskit_lenskit,org.lenskit.bias,BiasItemScorer,score,5,1,2,63,0,,
lenskit_lenskit,org.lenskit.bias,BiasItemScorer,scoreWithDetails,10,2,2,71,0,,
lenskit_lenskit,org.lenskit.bias,ZeroBiasModel,ZeroBiasModel,3,1,0,40,0,,
lenskit_lenskit,org.lenskit.bias,UserBiasModelTest,testNoUsers,6,1,0,39,1,,
lenskit_lenskit,org.lenskit.bias,UserBiasModelTest,testWithUsers,7,1,0,47,1,,
lenskit_lenskit,org.lenskit.bias,UserBiasModelTest,testComputeMeans,14,1,0,56,1,,
lenskit_lenskit,org.lenskit.bias,ItemBiasModelTest,testNoItems,6,1,0,39,1,,
lenskit_lenskit,org.lenskit.bias,ItemBiasModelTest,testWithItems,7,1,0,47,1,,
lenskit_lenskit,org.lenskit.bias,ItemBiasModelTest,testComputeMeans,14,1,0,56,1,,
lenskit_lenskit,org.lenskit.bias,LiveUserItemBiasModelTest,testComputeAllMeans,20,1,0,45,1,,
lenskit_lenskit,org.lenskit.bias,BiasItemScorerTest,createRatingSource,13,1,0,58,0,,
lenskit_lenskit,org.lenskit.bias,BiasItemScorerTest,makeGlobalMean,3,1,0,75,0,,
lenskit_lenskit,org.lenskit.bias,BiasItemScorerTest,testGlobalMeanBias,7,1,0,79,1,,
lenskit_lenskit,org.lenskit.bias,BiasItemScorerTest,testUserMeanBaseline,8,1,0,88,1,,
lenskit_lenskit,org.lenskit.bias,BiasItemScorerTest,testItemMeanBaseline,7,1,0,102,1,,
lenskit_lenskit,org.lenskit.bias,BiasItemScorerTest,testUserItemMeanBaseline,8,1,0,116,1,,
lenskit_lenskit,org.lenskit.bias,BiasItemScorerTest,testLiveItemMeanBaseline,8,1,0,136,1,,
lenskit_lenskit,org.lenskit.bias,BiasItemScorerTest,testUserItemMeanBaselineMultiRec,13,1,0,156,1,,
lenskit_lenskit,org.lenskit.bias,GlobalBiasModelTest,testZeroBias,6,1,0,38,1,,
lenskit_lenskit,org.lenskit.bias,GlobalBiasModelTest,testBasicBias,6,1,0,46,1,,
lenskit_lenskit,org.lenskit.bias,GlobalBiasModelTest,testComputeGlobalMean,8,1,0,54,1,,
lenskit_lenskit,org.lenskit.bias,UserItemBiasModelTest,testZeroBias,6,1,0,50,1,,
lenskit_lenskit,org.lenskit.bias,UserItemBiasModelTest,testBasicBias,6,1,0,58,1,,
lenskit_lenskit,org.lenskit.bias,UserItemBiasModelTest,testWithItems,7,1,0,66,1,,
lenskit_lenskit,org.lenskit.bias,UserItemBiasModelTest,testWithUsers,7,1,0,76,1,,
lenskit_lenskit,org.lenskit.bias,UserItemBiasModelTest,testManyUsers,21,5,0,85,1,,
lenskit_lenskit,org.lenskit.bias,UserItemBiasModelTest,testManyItems,21,5,0,109,1,,
lenskit_lenskit,org.lenskit.bias,UserItemBiasModelTest,testComputeItemMeans,14,1,0,133,1,,
lenskit_lenskit,org.lenskit.bias,UserItemBiasModelTest,testComputeUserMeans,14,1,0,155,1,,
lenskit_lenskit,org.lenskit.bias,UserItemBiasModelTest,testComputeAllMeans,17,1,0,177,1,,
lenskit_lenskit,org.lenskit.util,RandomProvider,get,3,1,0,36,0,,
lenskit_lenskit,org.lenskit.util,BatchedMeanSmoother,BatchedMeanSmoother,11,2,1,38,0,,
lenskit_lenskit,org.lenskit.util,BatchedMeanSmoother,currentAverage,3,1,0,53,0,,
lenskit_lenskit,org.lenskit.util,BatchedMeanSmoother,addBatch,13,2,2,57,0,,
lenskit_lenskit,org.lenskit.util,ClassDirectory,forCurrentClassLoader,3,1,0,48,0,org.lenskit.util.ClassDirectory,org.lenskit.util.ClassDirectory
lenskit_lenskit,org.lenskit.util,ClassDirectory,forClassLoader,26,4,1,56,0,,
lenskit_lenskit,org.lenskit.util,ClassDirectory,ClassDirectory,3,1,1,92,0,,
lenskit_lenskit,org.lenskit.util,ClassDirectory,getPackages,3,1,1,96,0,,
lenskit_lenskit,org.lenskit.util,InvertibleFunction,unapply,0,1,1,36,0,,
lenskit_lenskit,org.lenskit.util,Text,Text,4,1,1,45,0,,
lenskit_lenskit,org.lenskit.util,Text,fromString,3,1,1,54,0,,
lenskit_lenskit,org.lenskit.util,Text,size,3,1,0,64,0,,
lenskit_lenskit,org.lenskit.util,Text,toString,3,1,0,68,0,,
lenskit_lenskit,org.lenskit.util,Text,equals,6,3,1,74,0,,
lenskit_lenskit,org.lenskit.util,Text,hashCode,3,1,0,84,0,,
lenskit_lenskit,org.lenskit.util,TypeUtils,TypeUtils,2,1,0,45,0,,
lenskit_lenskit,org.lenskit.util,TypeUtils,typeClosure,12,3,1,48,0,org.lenskit.util.TypeUtils,org.lenskit.util.TypeUtils
lenskit_lenskit,org.lenskit.util,TypeUtils,makeListType,7,1,1,70,0,,
lenskit_lenskit,org.lenskit.util,TypeUtils,listElementType,8,1,1,81,0,,
lenskit_lenskit,org.lenskit.util,TypeUtils,resolveTypeName,0,13,1,97,0,org.lenskit.util.TypeUtils,org.lenskit.util.TypeUtils
lenskit_lenskit,org.lenskit.util,TypeUtils,makeTypeName,21,6,1,139,0,org.lenskit.util.TypeUtils,org.lenskit.util.TypeUtils
lenskit_lenskit,org.lenskit.util,TypeUtils,lookupFromStringConverter,11,2,1,163,0,org.lenskit.util.TypeUtils,org.lenskit.util.TypeUtils
lenskit_lenskit,org.lenskit.util,MoreArrays,MoreArrays,2,1,0,31,0,,
lenskit_lenskit,org.lenskit.util,MoreArrays,isSorted,8,3,3,34,0,,
lenskit_lenskit,org.lenskit.util,MoreArrays,deduplicate,15,5,3,52,0,,
lenskit_lenskit,org.lenskit.util,MoreArrays,deduplicate,15,5,3,82,0,,
lenskit_lenskit,org.lenskit.util,IdBox,IdBox,4,1,2,44,0,,
lenskit_lenskit,org.lenskit.util,IdBox,create,3,1,2,54,0,,
lenskit_lenskit,org.lenskit.util,IdBox,getId,3,1,0,65,0,,
lenskit_lenskit,org.lenskit.util,IdBox,getKey,3,1,0,73,0,org.lenskit.util.IdBox,org.lenskit.util.IdBox
lenskit_lenskit,org.lenskit.util,IdBox,getValue,3,1,0,78,0,,
lenskit_lenskit,org.lenskit.util,IdBox,mapValue,3,1,1,86,0,org.lenskit.util.IdBox,org.lenskit.util.IdBox
lenskit_lenskit,org.lenskit.util,IdBox,equals,6,3,1,96,0,,
lenskit_lenskit,org.lenskit.util,IdBox,hashCode,3,1,0,110,0,,
lenskit_lenskit,org.lenskit.util,IdBox,toString,3,1,0,118,0,,
lenskit_lenskit,org.lenskit.util,RandomGeneratorProvider,get,3,1,0,38,0,,
lenskit_lenskit,org.lenskit.util,BinarySearch,search,22,5,2,39,0,org.lenskit.util.BinarySearch,org.lenskit.util.BinarySearch
lenskit_lenskit,org.lenskit.util,BinarySearch,test,0,1,1,83,0,,
lenskit_lenskit,org.lenskit.util,BinarySearch,forList,8,1,2,98,0,,
lenskit_lenskit,org.lenskit.util,BinarySearch,test,3,1,1,108,0,,
lenskit_lenskit,org.lenskit.util,BinarySearch,resultToIndex,8,2,1,115,0,,
lenskit_lenskit,org.lenskit.util,ProgressLogger,ProgressLogger,4,1,1,49,0,,
lenskit_lenskit,org.lenskit.util,ProgressLogger,create,3,1,1,54,0,,
lenskit_lenskit,org.lenskit.util,ProgressLogger,setLabel,4,1,1,63,0,,
lenskit_lenskit,org.lenskit.util,ProgressLogger,setCount,4,1,1,73,0,,
lenskit_lenskit,org.lenskit.util,ProgressLogger,setPeriod,4,1,1,83,0,,
lenskit_lenskit,org.lenskit.util,ProgressLogger,setTimePeriod,4,1,1,93,0,,
lenskit_lenskit,org.lenskit.util,ProgressLogger,setWindow,4,1,1,103,0,,
lenskit_lenskit,org.lenskit.util,ProgressLogger,start,4,1,0,113,0,,
lenskit_lenskit,org.lenskit.util,ProgressLogger,advance,16,4,0,122,0,org.lenskit.util.ProgressLogger,org.lenskit.util.ProgressLogger
lenskit_lenskit,org.lenskit.util,ProgressLogger,logProgress,4,1,0,142,0,org.lenskit.util.ProgressLogger,org.lenskit.util.ProgressLogger
lenskit_lenskit,org.lenskit.util,ProgressLogger,logProgress,17,2,1,150,0,org.lenskit.util.ProgressLogger,org.lenskit.util.ProgressLogger
lenskit_lenskit,org.lenskit.util,ProgressLogger,finish,10,2,0,172,0,org.lenskit.util.ProgressLogger,org.lenskit.util.ProgressLogger
lenskit_lenskit,org.lenskit.util,ProgressLogger,elapsedTime,3,1,0,190,0,org.lenskit.util.ProgressLogger,org.lenskit.util.ProgressLogger
lenskit_lenskit,org.lenskit.util,ProgressLogger,formatElapsedTime,14,3,1,198,0,,
lenskit_lenskit,org.lenskit.util,ClassDirectoryTest,testLookupNonexistentClass,4,1,0,37,1,,
lenskit_lenskit,org.lenskit.util,ClassDirectoryTest,testLookupSelfClass,5,1,0,44,1,,
lenskit_lenskit,org.lenskit.util,MoreArraysTest,testIsSortedEmpty,3,1,0,39,1,,
lenskit_lenskit,org.lenskit.util,MoreArraysTest,testIsSortedTrue,3,1,0,44,1,,
lenskit_lenskit,org.lenskit.util,MoreArraysTest,testIsSortedFalse,3,1,0,49,1,,
lenskit_lenskit,org.lenskit.util,MoreArraysTest,testIsSortedSubset,3,1,0,54,1,,
lenskit_lenskit,org.lenskit.util,MoreArraysTest,testDeduplicateEmpty,5,1,0,59,1,,
lenskit_lenskit,org.lenskit.util,MoreArraysTest,testDeduplicateNoChange,6,1,0,66,1,,
lenskit_lenskit,org.lenskit.util,MoreArraysTest,testDeduplicateDups,8,1,0,74,1,,
lenskit_lenskit,org.lenskit.util,MoreArraysTest,testDeduplicateDupsEnd,8,1,0,84,1,,
lenskit_lenskit,org.lenskit.util,MoreArraysTest,testDeduplicateSubset,9,1,0,94,1,,
lenskit_lenskit,org.lenskit.util,BinarySearchTest,testEmptySearch,8,1,0,42,1,,
lenskit_lenskit,org.lenskit.util,BinarySearchTest,testFindOne,4,1,0,52,1,,
lenskit_lenskit,org.lenskit.util,BinarySearchTest,testNotFindOneEnd,4,1,0,58,1,,
lenskit_lenskit,org.lenskit.util,BinarySearchTest,testNotFindOneBegin,4,1,0,64,1,,
lenskit_lenskit,org.lenskit.util,BinarySearchTest,testFindMiddle,4,1,0,70,1,,
lenskit_lenskit,org.lenskit.util,BinarySearchTest,testFindMissingInMiddle,4,1,0,76,1,,
lenskit_lenskit,org.lenskit.util,BinarySearchTest,testFindMissingAtEnd,4,1,0,82,1,,
lenskit_lenskit,org.lenskit.util,BinarySearchTest,testFindMissingAtStart,4,1,0,88,1,,
lenskit_lenskit,org.lenskit.util,BinarySearchTest,testFindFirst,4,1,0,94,1,,
lenskit_lenskit,org.lenskit.util,BinarySearchTest,testRandomSearchesPresent,8,2,0,100,1,,
lenskit_lenskit,org.lenskit.util,BinarySearchTest,testRandomSearches,19,4,0,111,1,,
lenskit_lenskit,org.lenskit.util,BinarySearchTest,testRandomSearchesFindFirst,19,4,0,131,1,,
lenskit_lenskit,org.lenskit.util,BinarySearchTest,testRandomSubsetSearches,24,5,0,159,1,,
lenskit_lenskit,org.lenskit.util,TypeUtilsTest,testTypeClosure,9,1,0,43,1,,
lenskit_lenskit,org.lenskit.util,TypeUtilsTest,testResolveTextType,4,1,0,55,1,,
lenskit_lenskit,org.lenskit.util,TypeUtilsTest,testResolveStringType,4,1,0,63,1,,
lenskit_lenskit,org.lenskit.util,TypeUtilsTest,testResolveNumericTypes,9,1,0,71,1,,
lenskit_lenskit,org.lenskit.util,TypeUtilsTest,testResolveClassType,3,1,0,89,1,,
lenskit_lenskit,org.lenskit.util,TypeUtilsTest,testStringifyBasicTypes,7,1,0,95,1,,
lenskit_lenskit,org.lenskit.util,TypeUtilsTest,testParseListType,12,1,0,109,1,,
lenskit_lenskit,org.lenskit.util,TypeUtilsTest,testStringifyListType,9,1,0,120,1,,
lenskit_lenskit,org.lenskit.util,TypeUtilsTest,testExtractListElement,10,1,0,128,1,,
lenskit_lenskit,org.lenskit.util,TypeUtilsTest,testBasicFromString,6,1,0,139,1,,
lenskit_lenskit,org.lenskit.util,TypeUtilsTest,testStringListFromString,9,1,0,148,1,,
lenskit_lenskit,org.lenskit.util,TypeUtilsTest,testIntListFromString,9,1,0,157,1,,
lenskit_lenskit,org.lenskit.util,BatchedMeanSmootherTest,testEmpty,4,1,0,34,1,,
lenskit_lenskit,org.lenskit.util,BatchedMeanSmootherTest,testAddOne,5,1,0,41,1,,
lenskit_lenskit,org.lenskit.util,BatchedMeanSmootherTest,testAddTwo,6,1,0,49,1,,
lenskit_lenskit,org.lenskit.util,IdBoxTest,testBasicBoxBehavior,6,1,0,34,1,,
lenskit_lenskit,org.lenskit.util,IdBoxTest,testEquality,7,1,0,42,1,,
lenskit_lenskit,org.lenskit.util,TextTest,testEmptyString,5,1,0,38,1,,
lenskit_lenskit,org.lenskit.util,TextTest,testBasicString,5,1,0,45,1,,
lenskit_lenskit,org.lenskit.util,TextTest,testStringWithLongerChar,5,1,0,52,1,,
lenskit_lenskit,org.lenskit.util,TextTest,testStringWithNonBMPChar,5,1,0,59,1,,
lenskit_lenskit,org.lenskit.util,TextTest,testJodaConvertFromString,4,1,0,66,1,,
lenskit_lenskit,org.lenskit.util,TextTest,testJodaConvertToString,4,1,0,72,1,,
lenskit_lenskit,org.lenskit.util.math,RowView,RowView,3,1,2,43,0,,
lenskit_lenskit,org.lenskit.util.math,RowView,RowView,6,1,4,46,0,,
lenskit_lenskit,org.lenskit.util.math,RowView,getDimension,3,1,0,53,0,,
lenskit_lenskit,org.lenskit.util.math,RowView,getEntry,3,1,1,58,0,,
lenskit_lenskit,org.lenskit.util.math,RowView,setEntry,3,1,2,63,0,,
lenskit_lenskit,org.lenskit.util.math,RowView,append,3,1,1,68,0,,
lenskit_lenskit,org.lenskit.util.math,RowView,append,3,1,1,73,0,,
lenskit_lenskit,org.lenskit.util.math,RowView,getSubVector,3,1,2,78,0,,
lenskit_lenskit,org.lenskit.util.math,RowView,setSubVector,3,1,2,84,0,,
lenskit_lenskit,org.lenskit.util.math,RowView,isNaN,8,3,0,89,0,org.lenskit.util.math.RowView,org.lenskit.util.math.RowView
lenskit_lenskit,org.lenskit.util.math,RowView,isInfinite,8,3,0,99,0,org.lenskit.util.math.RowView,org.lenskit.util.math.RowView
lenskit_lenskit,org.lenskit.util.math,RowView,copy,3,1,0,109,0,,
lenskit_lenskit,org.lenskit.util.math,RowView,ebeDivide,3,1,1,114,0,,
lenskit_lenskit,org.lenskit.util.math,RowView,ebeMultiply,3,1,1,119,0,,
lenskit_lenskit,org.lenskit.util.math,Scalars,Scalars,2,1,0,35,0,,
lenskit_lenskit,org.lenskit.util.math,Scalars,isZero,3,1,1,46,0,org.lenskit.util.math.Scalars,org.lenskit.util.math.Scalars
lenskit_lenskit,org.lenskit.util.math,Scalars,isZero,3,1,2,55,0,,
lenskit_lenskit,org.lenskit.util.math,Scalars,log2,3,1,1,65,0,,
lenskit_lenskit,org.lenskit.util.math,Scalars,digamma,16,3,1,69,0,,
lenskit_lenskit,org.lenskit.util.math,Vectors,Vectors,2,1,0,45,0,,
lenskit_lenskit,org.lenskit.util.math,Vectors,fastEntryIterator,9,2,1,47,0,,
lenskit_lenskit,org.lenskit.util.math,Vectors,fastEntries,8,1,1,62,0,org.lenskit.util.math.Vectors,org.lenskit.util.math.Vectors
lenskit_lenskit,org.lenskit.util.math,Vectors,iterator,3,1,0,64,0,org.lenskit.util.math.Vectors,org.lenskit.util.math.Vectors
lenskit_lenskit,org.lenskit.util.math,Vectors,sum,8,2,1,71,0,,
lenskit_lenskit,org.lenskit.util.math,Vectors,sumAbs,8,2,1,85,0,,
lenskit_lenskit,org.lenskit.util.math,Vectors,sumOfSquares,14,3,1,99,0,org.lenskit.util.math.Vectors,org.lenskit.util.math.Vectors
lenskit_lenskit,org.lenskit.util.math,Vectors,sumOfSquares,9,2,1,118,0,,
lenskit_lenskit,org.lenskit.util.math,Vectors,euclideanNorm,3,1,1,133,0,org.lenskit.util.math.Vectors,org.lenskit.util.math.Vectors
lenskit_lenskit,org.lenskit.util.math,Vectors,unitVector,3,1,1,142,0,org.lenskit.util.math.Vectors,org.lenskit.util.math.Vectors
lenskit_lenskit,org.lenskit.util.math,Vectors,dotProduct,19,4,2,151,0,org.lenskit.util.math.Vectors,org.lenskit.util.math.Vectors
lenskit_lenskit,org.lenskit.util.math,Vectors,dotProduct,23,4,2,181,0,,
lenskit_lenskit,org.lenskit.util.math,Vectors,adaptDefaultValue,6,2,2,211,0,,
lenskit_lenskit,org.lenskit.util.math,Vectors,mean,3,1,1,226,0,org.lenskit.util.math.Vectors,org.lenskit.util.math.Vectors
lenskit_lenskit,org.lenskit.util.math,Vectors,combine,19,4,4,235,0,,
lenskit_lenskit,org.lenskit.util.math,Vectors,addScalar,18,4,2,266,0,,
lenskit_lenskit,org.lenskit.util.math,Vectors,multiplyScalar,9,2,2,291,0,,
lenskit_lenskit,org.lenskit.util.math,Vectors,transform,9,2,2,310,0,,
lenskit_lenskit,org.lenskit.util.math,Vectors,matrixRow,6,2,2,329,0,,
lenskit_lenskit,org.lenskit.util.math,MutualInformationAccumulator,MutualInformationAccumulator,6,1,2,45,0,,
lenskit_lenskit,org.lenskit.util.math,MutualInformationAccumulator,MutualInformationAccumulator,3,1,1,57,0,,
lenskit_lenskit,org.lenskit.util.math,MutualInformationAccumulator,count,8,1,2,65,0,,
lenskit_lenskit,org.lenskit.util.math,MutualInformationAccumulator,getMutualInformation,20,5,0,82,0,,
lenskit_lenskit,org.lenskit.util.math,MutualInformationAccumulator,entropy,15,4,2,109,0,,
lenskit_lenskit,org.lenskit.util.math,MutualInformationAccumulator,getV1Entropy,3,1,0,130,0,org.lenskit.util.math.MutualInformationAccumulator,org.lenskit.util.math.MutualInformationAccumulator
lenskit_lenskit,org.lenskit.util.math,MutualInformationAccumulator,getV2Entropy,3,1,0,139,0,org.lenskit.util.math.MutualInformationAccumulator,org.lenskit.util.math.MutualInformationAccumulator
lenskit_lenskit,org.lenskit.util.math,MutualInformationAccumulator,getCount,3,1,0,148,0,,
lenskit_lenskit,org.lenskit.util.math,MutualInformationAccumulator,reset,8,2,0,157,0,,
lenskit_lenskit,org.lenskit.util.math,MutualInformationAccumulatorTest,closeTo,3,1,1,41,0,,
lenskit_lenskit,org.lenskit.util.math,MutualInformationAccumulatorTest,newAccumulator,3,1,0,45,0,,
lenskit_lenskit,org.lenskit.util.math,MutualInformationAccumulatorTest,testNoData,5,1,0,50,1,,
lenskit_lenskit,org.lenskit.util.math,MutualInformationAccumulatorTest,testUniformFullMI,8,2,0,61,1,,
lenskit_lenskit,org.lenskit.util.math,MutualInformationAccumulatorTest,testUniformFullMI2,8,2,0,77,1,,
lenskit_lenskit,org.lenskit.util.math,MutualInformationAccumulatorTest,testIndependent,10,3,0,93,1,,
lenskit_lenskit,org.lenskit.util.math,MutualInformationAccumulatorTest,testHalfExplain,10,2,0,111,1,,
lenskit_lenskit,org.lenskit.util.math,VectorsTest,testDotEmpty,8,1,0,45,1,,
lenskit_lenskit,org.lenskit.util.math,VectorsTest,testDotSingleton,4,1,0,55,1,,
lenskit_lenskit,org.lenskit.util.math,VectorsTest,testDotSingletonMismatched,4,1,0,61,1,,
lenskit_lenskit,org.lenskit.util.math,VectorsTest,testDotVectors,18,4,0,67,1,,
lenskit_lenskit,org.lenskit.util.math,VectorsTest,testDotSortedVectors,19,4,0,91,1,,
lenskit_lenskit,org.lenskit.util.math,VectorsTest,testAddScalar,11,3,0,116,1,,
lenskit_lenskit,org.lenskit.util.math,VectorsTest,testAddScalarSorted,11,3,0,131,1,,
lenskit_lenskit,org.lenskit.util.math,VectorsTest,testMultiplyScalar,14,1,0,146,1,,
lenskit_lenskit,org.lenskit.util.math,VectorsTest,testCombine,10,1,0,165,1,,
lenskit_lenskit,org.lenskit.util.math,VectorsTest,testCombineSorted,10,1,0,178,1,,
lenskit_lenskit,org.lenskit.util.math,VectorsTest,testUnitEmpty,4,1,0,191,1,,
lenskit_lenskit,org.lenskit.util.math,VectorsTest,testUnitSingletonUnit,5,1,0,197,1,,
lenskit_lenskit,org.lenskit.util.math,VectorsTest,testUnitSingleton,5,1,0,204,1,,
lenskit_lenskit,org.lenskit.util.math,VectorsTest,testUnitVector,17,3,0,211,1,,
lenskit_lenskit,org.lenskit.util.math,ScalarsTest,testZeroIsZero,3,1,0,40,1,,
lenskit_lenskit,org.lenskit.util.math,ScalarsTest,testZeroIsZeroWithEpsilon,3,1,0,45,1,,
lenskit_lenskit,org.lenskit.util.math,ScalarsTest,testOneIsNotZero,3,1,0,50,1,,
lenskit_lenskit,org.lenskit.util.math,ScalarsTest,testOneIsNotZeroWithEpsilon,3,1,0,55,1,,
lenskit_lenskit,org.lenskit.util.math,ScalarsTest,testSmallIsZero,3,1,0,60,1,,
lenskit_lenskit,org.lenskit.util.math,ScalarsTest,testManyNumbersMightBeZero,5,2,0,66,1,,
lenskit_lenskit,org.lenskit.util.math,ScalarsTest,testDigammaShouldMatchCommonsMath,14,5,0,74,1,,
lenskit_lenskit,org.lenskit.util.table,Row,value,0,1,1,37,0,,
lenskit_lenskit,org.lenskit.util.table,Row,value,0,1,1,47,0,,
lenskit_lenskit,org.lenskit.util.table,Row,length,0,1,0,57,0,,
lenskit_lenskit,org.lenskit.util.table,Row,asMap,0,1,0,64,0,,
lenskit_lenskit,org.lenskit.util.table,Row,asRow,0,1,0,71,0,,
lenskit_lenskit,org.lenskit.util.table,ColumnImpl,ColumnImpl,5,1,3,43,0,,
lenskit_lenskit,org.lenskit.util.table,ColumnImpl,get,3,1,1,55,0,,
lenskit_lenskit,org.lenskit.util.table,ColumnImpl,size,3,1,0,60,0,,
lenskit_lenskit,org.lenskit.util.table,ColumnImpl,iterator,9,1,0,65,0,,
lenskit_lenskit,org.lenskit.util.table,ColumnImpl,apply,4,1,1,69,0,,
lenskit_lenskit,org.lenskit.util.table,ColumnImpl,sum,15,4,0,78,0,,
lenskit_lenskit,org.lenskit.util.table,ColumnImpl,average,9,2,0,95,0,org.lenskit.util.table.ColumnImpl,org.lenskit.util.table.ColumnImpl
lenskit_lenskit,org.lenskit.util.table,TableImpl,TableImpl,5,1,2,49,0,,
lenskit_lenskit,org.lenskit.util.table,TableImpl,filter,10,1,2,62,0,,
lenskit_lenskit,org.lenskit.util.table,TableImpl,apply,3,1,1,72,0,,
lenskit_lenskit,org.lenskit.util.table,TableImpl,size,3,1,0,81,0,,
lenskit_lenskit,org.lenskit.util.table,TableImpl,iterator,3,1,0,86,0,,
lenskit_lenskit,org.lenskit.util.table,TableImpl,get,3,1,1,91,0,,
lenskit_lenskit,org.lenskit.util.table,TableImpl,column,3,1,1,96,0,,
lenskit_lenskit,org.lenskit.util.table,TableImpl,column,4,1,1,101,0,,
lenskit_lenskit,org.lenskit.util.table,TableImpl,getLayout,3,1,0,107,0,,
lenskit_lenskit,org.lenskit.util.table,TableLayout,TableLayout,8,2,1,47,0,,
lenskit_lenskit,org.lenskit.util.table,TableLayout,getColumns,3,1,0,57,0,,
lenskit_lenskit,org.lenskit.util.table,TableLayout,columnIndex,9,2,1,66,0,,
lenskit_lenskit,org.lenskit.util.table,TableLayout,getColumnCount,3,1,0,82,0,,
lenskit_lenskit,org.lenskit.util.table,TableLayout,newRowBuilder,3,1,0,91,0,,
lenskit_lenskit,org.lenskit.util.table,RowBuilder,RowBuilder,4,1,1,40,0,,
lenskit_lenskit,org.lenskit.util.table,RowBuilder,add,5,1,2,45,0,,
lenskit_lenskit,org.lenskit.util.table,RowBuilder,addAll,6,2,1,57,0,org.lenskit.util.table.RowBuilder,org.lenskit.util.table.RowBuilder
lenskit_lenskit,org.lenskit.util.table,RowBuilder,clear,4,1,0,69,0,,
lenskit_lenskit,org.lenskit.util.table,RowBuilder,build,3,1,0,78,0,,
lenskit_lenskit,org.lenskit.util.table,RowBuilder,buildList,3,1,0,86,0,,
lenskit_lenskit,org.lenskit.util.table,Column,sum,0,1,0,35,0,,
lenskit_lenskit,org.lenskit.util.table,Column,average,0,1,0,44,0,,
lenskit_lenskit,org.lenskit.util.table,Table,filter,0,1,2,37,0,,
lenskit_lenskit,org.lenskit.util.table,Table,column,0,1,1,39,0,,
lenskit_lenskit,org.lenskit.util.table,Table,column,0,1,1,47,0,,
lenskit_lenskit,org.lenskit.util.table,Table,getLayout,0,1,0,55,0,,
lenskit_lenskit,org.lenskit.util.table,TableLayoutBuilder,copy,7,2,1,41,0,org.lenskit.util.table.TableLayoutBuilder,org.lenskit.util.table.TableLayoutBuilder
lenskit_lenskit,org.lenskit.util.table,TableLayoutBuilder,addColumn,10,3,1,55,0,,
lenskit_lenskit,org.lenskit.util.table,TableLayoutBuilder,addColumns,6,2,1,74,0,org.lenskit.util.table.TableLayoutBuilder,org.lenskit.util.table.TableLayoutBuilder
lenskit_lenskit,org.lenskit.util.table,TableLayoutBuilder,addColumns,3,1,1,86,0,org.lenskit.util.table.TableLayoutBuilder,org.lenskit.util.table.TableLayoutBuilder
lenskit_lenskit,org.lenskit.util.table,TableLayoutBuilder,getColumnCount,3,1,0,95,0,,
lenskit_lenskit,org.lenskit.util.table,TableLayoutBuilder,build,3,1,0,104,0,,
lenskit_lenskit,org.lenskit.util.table,RowImpl,RowImpl,7,1,2,45,0,,
lenskit_lenskit,org.lenskit.util.table,RowImpl,value,3,1,1,61,0,org.lenskit.util.table.RowImpl,org.lenskit.util.table.RowImpl
lenskit_lenskit,org.lenskit.util.table,RowImpl,value,4,1,1,66,0,,
lenskit_lenskit,org.lenskit.util.table,RowImpl,length,3,1,0,73,0,,
lenskit_lenskit,org.lenskit.util.table,RowImpl,iterator,3,1,0,78,0,,
lenskit_lenskit,org.lenskit.util.table,RowImpl,asMap,3,1,0,84,0,,
lenskit_lenskit,org.lenskit.util.table,RowImpl,asRow,11,1,0,91,0,org.lenskit.util.table.RowImpl,org.lenskit.util.table.RowImpl
lenskit_lenskit,org.lenskit.util.table,RowImpl,get,3,1,1,94,0,,
lenskit_lenskit,org.lenskit.util.table,RowImpl,size,3,1,0,99,0,org.lenskit.util.table.RowImpl,org.lenskit.util.table.RowImpl
lenskit_lenskit,org.lenskit.util.table,RowImpl,apply,3,1,1,107,0,org.lenskit.util.table.RowImpl,org.lenskit.util.table.RowImpl
lenskit_lenskit,org.lenskit.util.table,TableBuilder,TableBuilder,4,1,1,44,0,,
lenskit_lenskit,org.lenskit.util.table,TableBuilder,TableBuilder,8,2,1,54,0,,
lenskit_lenskit,org.lenskit.util.table,TableBuilder,getLayout,3,1,0,64,0,,
lenskit_lenskit,org.lenskit.util.table,TableBuilder,close,2,1,0,69,0,,
lenskit_lenskit,org.lenskit.util.table,TableBuilder,flush,2,1,0,72,0,,
lenskit_lenskit,org.lenskit.util.table,TableBuilder,writeRow,3,1,1,75,0,org.lenskit.util.table.TableBuilder,org.lenskit.util.table.TableBuilder
lenskit_lenskit,org.lenskit.util.table,TableBuilder,addRow,3,1,1,80,0,,
lenskit_lenskit,org.lenskit.util.table,TableBuilder,addRow,4,1,1,91,0,,
lenskit_lenskit,org.lenskit.util.table,TableBuilder,build,3,1,0,103,0,,
lenskit_lenskit,org.lenskit.util.table,TableLayoutTest,setUp,3,1,0,40,0,,
lenskit_lenskit,org.lenskit.util.table,TableLayoutTest,testEmpty,5,1,0,45,1,,
lenskit_lenskit,org.lenskit.util.table,TableLayoutTest,testAddColumns,8,1,0,52,1,,
lenskit_lenskit,org.lenskit.util.table,TableLayoutTest,testAddDupColummn,10,1,0,63,1,,
lenskit_lenskit,org.lenskit.util.table,TableLayoutTest,testIsolate,10,1,0,75,1,,
lenskit_lenskit,org.lenskit.util.table,TableLayoutTest,testCopy,8,1,0,90,1,,
lenskit_lenskit,org.lenskit.util.table,TableTest,Initialize,8,1,0,45,0,,
lenskit_lenskit,org.lenskit.util.table,TableTest,TestFilter,7,1,0,55,1,,
lenskit_lenskit,org.lenskit.util.table,TableTest,TestValues,11,1,0,64,1,,
lenskit_lenskit,org.lenskit.util.table,TableTest,TestSum,10,1,0,80,1,,
lenskit_lenskit,org.lenskit.util.table,TableTest,TestAverage,9,1,0,94,1,,
lenskit_lenskit,org.lenskit.util.table.writer,AbstractTableWriter,writeRow,3,1,1,37,0,,
lenskit_lenskit,org.lenskit.util.table.writer,AbstractTableWriter,checkRowWidth,6,2,1,46,0,,
lenskit_lenskit,org.lenskit.util.table.writer,TableWriter,getLayout,0,1,0,47,0,,
lenskit_lenskit,org.lenskit.util.table.writer,TableWriter,writeRow,0,1,1,54,0,,
lenskit_lenskit,org.lenskit.util.table.writer,TableWriter,writeRow,0,1,1,65,0,,
lenskit_lenskit,org.lenskit.util.table.writer,TableWriter,flush,0,1,0,77,0,,
lenskit_lenskit,org.lenskit.util.table.writer,TableWriter,close,0,1,0,83,0,,
lenskit_lenskit,org.lenskit.util.table.writer,DevNullTableWriter,DevNullTableWriter,3,1,1,38,0,,
lenskit_lenskit,org.lenskit.util.table.writer,DevNullTableWriter,getLayout,3,1,0,42,0,,
lenskit_lenskit,org.lenskit.util.table.writer,DevNullTableWriter,writeRow,2,1,1,47,0,,
lenskit_lenskit,org.lenskit.util.table.writer,DevNullTableWriter,writeRow,2,1,1,52,0,,
lenskit_lenskit,org.lenskit.util.table.writer,DevNullTableWriter,flush,2,1,0,57,0,,
lenskit_lenskit,org.lenskit.util.table.writer,DevNullTableWriter,close,2,1,0,62,0,,
lenskit_lenskit,org.lenskit.util.table.writer,PrefixedTableWriter,PrefixedTableWriter,17,3,2,47,0,,
lenskit_lenskit,org.lenskit.util.table.writer,PrefixedTableWriter,getLayout,3,1,0,76,0,,
lenskit_lenskit,org.lenskit.util.table.writer,PrefixedTableWriter,writeRow,11,1,1,81,0,,
lenskit_lenskit,org.lenskit.util.table.writer,PrefixedTableWriter,flush,3,1,0,98,0,,
lenskit_lenskit,org.lenskit.util.table.writer,PrefixedTableWriter,close,3,1,0,103,0,,
lenskit_lenskit,org.lenskit.util.table.writer,CSVWriter,CSVWriter,13,3,2,55,0,org.lenskit.util.table.writer.CSVWriter,org.lenskit.util.table.writer.CSVWriter
lenskit_lenskit,org.lenskit.util.table.writer,CSVWriter,flush,3,1,0,76,0,,
lenskit_lenskit,org.lenskit.util.table.writer,CSVWriter,close,6,2,0,81,0,,
lenskit_lenskit,org.lenskit.util.table.writer,CSVWriter,writeRow,20,6,1,89,0,,
lenskit_lenskit,org.lenskit.util.table.writer,CSVWriter,getLayout,3,1,0,111,0,,
lenskit_lenskit,org.lenskit.util.table.writer,CSVWriter,open,17,1,3,116,0,,
lenskit_lenskit,org.lenskit.util.table.writer,CSVWriter,open,3,1,2,141,0,org.lenskit.util.table.writer.CSVWriter,org.lenskit.util.table.writer.CSVWriter
lenskit_lenskit,org.lenskit.util.table.writer,MultiplexedTableWriter,MultiplexedTableWriter,4,1,2,39,0,,
lenskit_lenskit,org.lenskit.util.table.writer,MultiplexedTableWriter,MultiplexedTableWriter,3,1,2,44,0,,
lenskit_lenskit,org.lenskit.util.table.writer,MultiplexedTableWriter,getLayout,3,1,0,48,0,,
lenskit_lenskit,org.lenskit.util.table.writer,MultiplexedTableWriter,writeRow,5,2,1,53,0,,
lenskit_lenskit,org.lenskit.util.table.writer,MultiplexedTableWriter,writeRow,5,2,1,60,0,,
lenskit_lenskit,org.lenskit.util.table.writer,MultiplexedTableWriter,flush,5,2,0,67,0,,
lenskit_lenskit,org.lenskit.util.table.writer,MultiplexedTableWriter,close,14,3,0,74,0,,
lenskit_lenskit,org.lenskit.util.table.writer,TableWriters,TableWriters,2,1,0,40,0,,
lenskit_lenskit,org.lenskit.util.table.writer,TableWriters,noop,3,1,1,43,0,,
lenskit_lenskit,org.lenskit.util.table.writer,TableWriters,prefixed,3,1,2,51,0,,
lenskit_lenskit,org.lenskit.util.table.writer,TableWriters,prefixed,3,1,2,67,0,org.lenskit.util.table.writer.TableWriters,org.lenskit.util.table.writer.TableWriters
lenskit_lenskit,org.lenskit.util.parallel,TaskGroup,TaskGroup,4,1,1,49,0,,
lenskit_lenskit,org.lenskit.util.parallel,TaskGroup,isParallel,3,1,0,58,0,,
lenskit_lenskit,org.lenskit.util.parallel,TaskGroup,setContinueAterError,3,1,1,66,0,,
lenskit_lenskit,org.lenskit.util.parallel,TaskGroup,getContinueAfterError,3,1,0,70,0,,
lenskit_lenskit,org.lenskit.util.parallel,TaskGroup,addTask,4,1,1,74,0,,
lenskit_lenskit,org.lenskit.util.parallel,TaskGroup,compute,39,7,0,83,0,org.lenskit.util.parallel.TaskGroup,org.lenskit.util.parallel.TaskGroup
lenskit_lenskit,org.lenskit.util.parallel,TaskGroup,runAll,23,5,0,119,0,,
lenskit_lenskit,org.lenskit.util.parallel,MaybeThreadSafe,isThreadSafe,0,1,0,34,0,,
lenskit_lenskit,org.lenskit.util.parallel,Blockers,enterMonitor,3,1,1,36,0,,
lenskit_lenskit,org.lenskit.util.parallel,Blockers,acquireSemaphore,3,1,1,44,0,,
lenskit_lenskit,org.lenskit.util.parallel,BlockersTest,testAcquireMonitor,37,3,0,41,1,,
lenskit_lenskit,org.lenskit.util.parallel,BlockersTest,compute,30,3,0,47,0,,
lenskit_lenskit,org.lenskit.util.parallel,BlockersTest,compute,18,1,0,52,0,,
lenskit_lenskit,org.lenskit.util.parallel,BlockersTest,testAcquireSem,37,3,0,79,1,,
lenskit_lenskit,org.lenskit.util.parallel,BlockersTest,compute,30,3,0,85,0,,
lenskit_lenskit,org.lenskit.util.parallel,BlockersTest,compute,18,1,0,90,0,,
lenskit_lenskit,org.lenskit.util.io,ObjectStreamIterator,ObjectStreamIterator,3,1,1,42,0,,
lenskit_lenskit,org.lenskit.util.io,ObjectStreamIterator,hasNext,7,2,0,51,0,,
lenskit_lenskit,org.lenskit.util.io,ObjectStreamIterator,next,12,3,0,61,0,,
lenskit_lenskit,org.lenskit.util.io,ObjectStreamIterator,remove,3,1,0,77,0,,
lenskit_lenskit,org.lenskit.util.io,ObjectStreams,ObjectStreams,2,1,0,47,0,,
lenskit_lenskit,org.lenskit.util.io,ObjectStreams,wrap,3,1,1,50,0,,
lenskit_lenskit,org.lenskit.util.io,ObjectStreams,wrap,3,1,1,64,0,,
lenskit_lenskit,org.lenskit.util.io,ObjectStreams,wrap,3,1,2,78,0,,
lenskit_lenskit,org.lenskit.util.io,ObjectStreams,wrap,3,1,1,94,0,,
lenskit_lenskit,org.lenskit.util.io,ObjectStreams,filter,3,1,2,108,0,,
lenskit_lenskit,org.lenskit.util.io,ObjectStreams,filter,15,2,2,121,0,,
lenskit_lenskit,org.lenskit.util.io,ObjectStreams,readObject,7,2,0,135,0,,
lenskit_lenskit,org.lenskit.util.io,ObjectStreams,close,3,1,0,145,0,,
lenskit_lenskit,org.lenskit.util.io,ObjectStreams,consume,9,2,2,152,0,,
lenskit_lenskit,org.lenskit.util.io,ObjectStreams,transform,3,1,2,170,0,,
lenskit_lenskit,org.lenskit.util.io,ObjectStreams,empty,3,1,0,185,0,,
lenskit_lenskit,org.lenskit.util.io,ObjectStreams,makeList,17,3,1,195,0,,
lenskit_lenskit,org.lenskit.util.io,ObjectStreams,count,20,4,1,223,0,,
lenskit_lenskit,org.lenskit.util.io,ObjectStreams,sort,11,1,2,253,0,,
lenskit_lenskit,org.lenskit.util.io,ObjectStreams,of,3,1,1,276,0,,
lenskit_lenskit,org.lenskit.util.io,ObjectStreams,concat,3,1,1,288,0,,
lenskit_lenskit,org.lenskit.util.io,ObjectStreams,concat,3,1,1,298,0,,
lenskit_lenskit,org.lenskit.util.io,LKFileUtils,LKFileUtils,2,1,0,53,0,,
lenskit_lenskit,org.lenskit.util.io,LKFileUtils,isCompressed,3,1,1,56,0,,
lenskit_lenskit,org.lenskit.util.io,LKFileUtils,openInput,13,1,3,69,0,,
lenskit_lenskit,org.lenskit.util.io,LKFileUtils,openInput,3,1,2,91,0,org.lenskit.util.io.LKFileUtils,org.lenskit.util.io.LKFileUtils
lenskit_lenskit,org.lenskit.util.io,LKFileUtils,openInput,3,1,1,104,0,org.lenskit.util.io.LKFileUtils,org.lenskit.util.io.LKFileUtils
lenskit_lenskit,org.lenskit.util.io,LKFileUtils,openOutput,17,1,3,119,0,,
lenskit_lenskit,org.lenskit.util.io,LKFileUtils,openOutput,3,1,2,144,0,org.lenskit.util.io.LKFileUtils,org.lenskit.util.io.LKFileUtils
lenskit_lenskit,org.lenskit.util.io,LKFileUtils,openOutput,3,1,1,158,0,org.lenskit.util.io.LKFileUtils,org.lenskit.util.io.LKFileUtils
lenskit_lenskit,org.lenskit.util.io,LKFileUtils,byteSource,3,1,1,170,0,org.lenskit.util.io.LKFileUtils,org.lenskit.util.io.LKFileUtils
lenskit_lenskit,org.lenskit.util.io,LKFileUtils,byteSource,8,2,2,179,0,,
lenskit_lenskit,org.lenskit.util.io,LKFileUtils,byteSource,8,2,2,194,0,,
lenskit_lenskit,org.lenskit.util.io,LKFileUtils,transparentlyDecompress,29,5,1,209,0,,
lenskit_lenskit,org.lenskit.util.io,LKFileUtils,readIdList,22,3,1,254,0,,
lenskit_lenskit,org.lenskit.util.io,LKFileUtils,basename,15,4,2,282,0,,
lenskit_lenskit,org.lenskit.util.io,LoggingStreamSlurper,LoggingStreamSlurper,6,1,4,46,0,,
lenskit_lenskit,org.lenskit.util.io,LoggingStreamSlurper,run,11,2,0,60,0,,
lenskit_lenskit,org.lenskit.util.io,CustomClassLoaderObjectInputStream,CustomClassLoaderObjectInputStream,4,1,2,45,0,,
lenskit_lenskit,org.lenskit.util.io,CustomClassLoaderObjectInputStream,resolveClass,10,2,1,50,0,,
lenskit_lenskit,org.lenskit.util.io,GroupingObjectStream,GroupingObjectStream,4,1,1,42,0,,
lenskit_lenskit,org.lenskit.util.io,GroupingObjectStream,readObject,18,5,0,48,0,org.lenskit.util.io.GroupingObjectStream,org.lenskit.util.io.GroupingObjectStream
lenskit_lenskit,org.lenskit.util.io,GroupingObjectStream,close,9,1,0,69,0,org.lenskit.util.io.GroupingObjectStream,org.lenskit.util.io.GroupingObjectStream
lenskit_lenskit,org.lenskit.util.io,GroupingObjectStream,clearGroup,0,1,0,79,0,,
lenskit_lenskit,org.lenskit.util.io,GroupingObjectStream,handleItem,0,1,1,84,0,,
lenskit_lenskit,org.lenskit.util.io,GroupingObjectStream,finishGroup,0,1,0,97,0,,
lenskit_lenskit,org.lenskit.util.io,AbstractObjectStream,close,2,1,0,46,0,,
lenskit_lenskit,org.lenskit.util.io,AbstractObjectStream,iterator,3,1,0,54,0,,
lenskit_lenskit,org.lenskit.util.io,AbstractObjectStream,stream,6,2,0,66,0,org.lenskit.util.io.AbstractObjectStream,org.lenskit.util.io.AbstractObjectStream
lenskit_lenskit,org.lenskit.util.io,AbstractObjectStream,filter,3,1,1,73,0,org.lenskit.util.io.AbstractObjectStream,org.lenskit.util.io.AbstractObjectStream
lenskit_lenskit,org.lenskit.util.io,AbstractObjectStream,map,3,1,1,78,0,org.lenskit.util.io.AbstractObjectStream,org.lenskit.util.io.AbstractObjectStream
lenskit_lenskit,org.lenskit.util.io,AbstractObjectStream,mapToInt,3,1,1,83,0,org.lenskit.util.io.AbstractObjectStream,org.lenskit.util.io.AbstractObjectStream
lenskit_lenskit,org.lenskit.util.io,AbstractObjectStream,mapToLong,3,1,1,88,0,org.lenskit.util.io.AbstractObjectStream,org.lenskit.util.io.AbstractObjectStream
lenskit_lenskit,org.lenskit.util.io,AbstractObjectStream,mapToDouble,3,1,1,93,0,org.lenskit.util.io.AbstractObjectStream,org.lenskit.util.io.AbstractObjectStream
lenskit_lenskit,org.lenskit.util.io,AbstractObjectStream,flatMap,3,1,1,98,0,org.lenskit.util.io.AbstractObjectStream,org.lenskit.util.io.AbstractObjectStream
lenskit_lenskit,org.lenskit.util.io,AbstractObjectStream,flatMapToInt,3,1,1,103,0,org.lenskit.util.io.AbstractObjectStream,org.lenskit.util.io.AbstractObjectStream
lenskit_lenskit,org.lenskit.util.io,AbstractObjectStream,flatMapToLong,3,1,1,108,0,org.lenskit.util.io.AbstractObjectStream,org.lenskit.util.io.AbstractObjectStream
lenskit_lenskit,org.lenskit.util.io,AbstractObjectStream,flatMapToDouble,3,1,1,113,0,org.lenskit.util.io.AbstractObjectStream,org.lenskit.util.io.AbstractObjectStream
lenskit_lenskit,org.lenskit.util.io,AbstractObjectStream,distinct,3,1,0,118,0,org.lenskit.util.io.AbstractObjectStream,org.lenskit.util.io.AbstractObjectStream
lenskit_lenskit,org.lenskit.util.io,AbstractObjectStream,sorted,3,1,0,123,0,org.lenskit.util.io.AbstractObjectStream,org.lenskit.util.io.AbstractObjectStream
lenskit_lenskit,org.lenskit.util.io,AbstractObjectStream,sorted,3,1,1,128,0,org.lenskit.util.io.AbstractObjectStream,org.lenskit.util.io.AbstractObjectStream
lenskit_lenskit,org.lenskit.util.io,AbstractObjectStream,peek,3,1,1,133,0,org.lenskit.util.io.AbstractObjectStream,org.lenskit.util.io.AbstractObjectStream
lenskit_lenskit,org.lenskit.util.io,AbstractObjectStream,limit,3,1,1,138,0,org.lenskit.util.io.AbstractObjectStream,org.lenskit.util.io.AbstractObjectStream
lenskit_lenskit,org.lenskit.util.io,AbstractObjectStream,skip,3,1,1,143,0,org.lenskit.util.io.AbstractObjectStream,org.lenskit.util.io.AbstractObjectStream
lenskit_lenskit,org.lenskit.util.io,AbstractObjectStream,forEach,3,1,1,148,0,org.lenskit.util.io.AbstractObjectStream,org.lenskit.util.io.AbstractObjectStream
lenskit_lenskit,org.lenskit.util.io,AbstractObjectStream,forEachOrdered,3,1,1,153,0,org.lenskit.util.io.AbstractObjectStream,org.lenskit.util.io.AbstractObjectStream
lenskit_lenskit,org.lenskit.util.io,AbstractObjectStream,toArray,3,1,0,158,0,org.lenskit.util.io.AbstractObjectStream,org.lenskit.util.io.AbstractObjectStream
lenskit_lenskit,org.lenskit.util.io,AbstractObjectStream,toArray,3,1,1,163,0,org.lenskit.util.io.AbstractObjectStream,org.lenskit.util.io.AbstractObjectStream
lenskit_lenskit,org.lenskit.util.io,AbstractObjectStream,reduce,3,1,2,168,0,org.lenskit.util.io.AbstractObjectStream,org.lenskit.util.io.AbstractObjectStream
lenskit_lenskit,org.lenskit.util.io,AbstractObjectStream,reduce,3,1,1,173,0,org.lenskit.util.io.AbstractObjectStream,org.lenskit.util.io.AbstractObjectStream
lenskit_lenskit,org.lenskit.util.io,AbstractObjectStream,reduce,3,1,3,178,0,org.lenskit.util.io.AbstractObjectStream,org.lenskit.util.io.AbstractObjectStream
lenskit_lenskit,org.lenskit.util.io,AbstractObjectStream,collect,3,1,3,183,0,org.lenskit.util.io.AbstractObjectStream,org.lenskit.util.io.AbstractObjectStream
lenskit_lenskit,org.lenskit.util.io,AbstractObjectStream,collect,3,1,1,188,0,org.lenskit.util.io.AbstractObjectStream,org.lenskit.util.io.AbstractObjectStream
lenskit_lenskit,org.lenskit.util.io,AbstractObjectStream,min,3,1,1,193,0,org.lenskit.util.io.AbstractObjectStream,org.lenskit.util.io.AbstractObjectStream
lenskit_lenskit,org.lenskit.util.io,AbstractObjectStream,max,3,1,1,198,0,org.lenskit.util.io.AbstractObjectStream,org.lenskit.util.io.AbstractObjectStream
lenskit_lenskit,org.lenskit.util.io,AbstractObjectStream,count,3,1,0,203,0,org.lenskit.util.io.AbstractObjectStream,org.lenskit.util.io.AbstractObjectStream
lenskit_lenskit,org.lenskit.util.io,AbstractObjectStream,anyMatch,3,1,1,208,0,org.lenskit.util.io.AbstractObjectStream,org.lenskit.util.io.AbstractObjectStream
lenskit_lenskit,org.lenskit.util.io,AbstractObjectStream,allMatch,3,1,1,213,0,org.lenskit.util.io.AbstractObjectStream,org.lenskit.util.io.AbstractObjectStream
lenskit_lenskit,org.lenskit.util.io,AbstractObjectStream,noneMatch,3,1,1,218,0,org.lenskit.util.io.AbstractObjectStream,org.lenskit.util.io.AbstractObjectStream
lenskit_lenskit,org.lenskit.util.io,AbstractObjectStream,findFirst,3,1,0,223,0,org.lenskit.util.io.AbstractObjectStream,org.lenskit.util.io.AbstractObjectStream
lenskit_lenskit,org.lenskit.util.io,AbstractObjectStream,findAny,3,1,0,228,0,org.lenskit.util.io.AbstractObjectStream,org.lenskit.util.io.AbstractObjectStream
lenskit_lenskit,org.lenskit.util.io,AbstractObjectStream,spliterator,3,1,0,233,0,org.lenskit.util.io.AbstractObjectStream,org.lenskit.util.io.AbstractObjectStream
lenskit_lenskit,org.lenskit.util.io,AbstractObjectStream,isParallel,3,1,0,238,0,org.lenskit.util.io.AbstractObjectStream,org.lenskit.util.io.AbstractObjectStream
lenskit_lenskit,org.lenskit.util.io,AbstractObjectStream,sequential,3,1,0,243,0,org.lenskit.util.io.AbstractObjectStream,org.lenskit.util.io.AbstractObjectStream
lenskit_lenskit,org.lenskit.util.io,AbstractObjectStream,parallel,3,1,0,248,0,org.lenskit.util.io.AbstractObjectStream,org.lenskit.util.io.AbstractObjectStream
lenskit_lenskit,org.lenskit.util.io,AbstractObjectStream,unordered,3,1,0,253,0,org.lenskit.util.io.AbstractObjectStream,org.lenskit.util.io.AbstractObjectStream
lenskit_lenskit,org.lenskit.util.io,AbstractObjectStream,onClose,3,1,1,258,0,org.lenskit.util.io.AbstractObjectStream,org.lenskit.util.io.AbstractObjectStream
lenskit_lenskit,org.lenskit.util.io,ObjectStream,readObject,0,1,0,46,0,,
lenskit_lenskit,org.lenskit.util.io,ObjectStream,close,0,1,0,53,0,,
lenskit_lenskit,org.lenskit.util.io,ObjectStream,forEach,7,2,1,62,0,org.lenskit.util.io.ObjectStream,org.lenskit.util.io.ObjectStream
lenskit_lenskit,org.lenskit.util.io,ObjectStream,spliterator,3,1,0,71,0,,
lenskit_lenskit,org.lenskit.util.io,TransformedObjectStream,TransformedObjectStream,4,1,2,44,0,,
lenskit_lenskit,org.lenskit.util.io,TransformedObjectStream,readObject,13,3,0,55,0,,
lenskit_lenskit,org.lenskit.util.io,TransformedObjectStream,close,3,1,0,69,0,,
lenskit_lenskit,org.lenskit.util.io,SequencedObjectStream,SequencedObjectStream,4,1,1,44,0,,
lenskit_lenskit,org.lenskit.util.io,SequencedObjectStream,readObject,13,3,0,49,0,,
lenskit_lenskit,org.lenskit.util.io,SequencedObjectStream,close,29,5,0,64,0,,
lenskit_lenskit,org.lenskit.util.io,LineStream,LineStream,3,1,1,50,0,,
lenskit_lenskit,org.lenskit.util.io,LineStream,openFile,3,1,1,59,0,,
lenskit_lenskit,org.lenskit.util.io,LineStream,openFile,7,1,2,71,0,,
lenskit_lenskit,org.lenskit.util.io,LineStream,readObject,10,1,0,87,0,,
lenskit_lenskit,org.lenskit.util.io,LineStream,getLineNumber,3,1,0,99,0,,
lenskit_lenskit,org.lenskit.util.io,LineStream,close,8,1,0,108,0,,
lenskit_lenskit,org.lenskit.util.io,LineStream,tokenize,3,1,1,117,0,,
lenskit_lenskit,org.lenskit.util.io,CompressedByteSource,CompressedByteSource,4,1,2,41,0,,
lenskit_lenskit,org.lenskit.util.io,CompressedByteSource,openStream,10,1,0,52,0,,
lenskit_lenskit,org.lenskit.util.io,FilteredObjectStream,FilteredObjectStream,5,1,2,39,0,,
lenskit_lenskit,org.lenskit.util.io,FilteredObjectStream,close,3,1,0,50,0,,
lenskit_lenskit,org.lenskit.util.io,FilteredObjectStream,readObject,7,2,0,55,0,,
lenskit_lenskit,org.lenskit.util.io,StagedWrite,StagedWrite,4,1,2,64,0,,
lenskit_lenskit,org.lenskit.util.io,StagedWrite,begin,6,1,1,69,0,,
lenskit_lenskit,org.lenskit.util.io,StagedWrite,begin,3,1,1,81,0,org.lenskit.util.io.StagedWrite,org.lenskit.util.io.StagedWrite
lenskit_lenskit,org.lenskit.util.io,StagedWrite,getTargetFile,3,1,0,90,0,,
lenskit_lenskit,org.lenskit.util.io,StagedWrite,getStagingFile,3,1,0,98,0,,
lenskit_lenskit,org.lenskit.util.io,StagedWrite,openOutputStream,11,3,0,107,0,,
lenskit_lenskit,org.lenskit.util.io,StagedWrite,commit,34,4,0,128,0,,
lenskit_lenskit,org.lenskit.util.io,StagedWrite,close,6,2,0,170,0,,
lenskit_lenskit,org.lenskit.util.io,IteratorObjectStream,IteratorObjectStream,5,1,1,50,0,,
lenskit_lenskit,org.lenskit.util.io,IteratorObjectStream,IteratorObjectStream,6,1,1,56,0,,
lenskit_lenskit,org.lenskit.util.io,IteratorObjectStream,IteratorObjectStream,6,1,2,67,0,,
lenskit_lenskit,org.lenskit.util.io,IteratorObjectStream,getList,8,2,0,79,0,,
lenskit_lenskit,org.lenskit.util.io,IteratorObjectStream,readObject,14,3,0,87,0,,
lenskit_lenskit,org.lenskit.util.io,IteratorObjectStream,iterator,3,1,0,102,0,,
lenskit_lenskit,org.lenskit.util.io,IteratorObjectStream,close,9,1,0,108,0,,
lenskit_lenskit,org.lenskit.util.io,LKFileUtilsTest,testUncompressedFile,19,1,0,46,1,,
lenskit_lenskit,org.lenskit.util.io,LKFileUtilsTest,testGzipFile,19,1,0,66,1,,
lenskit_lenskit,org.lenskit.util.io,LKFileUtilsTest,testXZFile,19,1,0,86,1,,
lenskit_lenskit,org.lenskit.util.io,LKFileUtilsTest,testNoopBasename,4,1,0,106,1,,
lenskit_lenskit,org.lenskit.util.io,LKFileUtilsTest,testNoPathPreservesExtension,3,1,0,114,1,,
lenskit_lenskit,org.lenskit.util.io,LKFileUtilsTest,testNoPathDropsExtension,3,1,0,120,1,,
lenskit_lenskit,org.lenskit.util.io,LKFileUtilsTest,testPathRemoved,4,1,0,126,1,,
lenskit_lenskit,org.lenskit.util.io,LKFileUtilsTest,testSlashPathRemoved,4,1,0,134,1,,
lenskit_lenskit,org.lenskit.util.io,LKFileUtilsTest,testKeepDotfileName,3,1,0,142,1,,
lenskit_lenskit,org.lenskit.util.io,CompressionModeTest,testNoneNone,4,1,0,36,1,,
lenskit_lenskit,org.lenskit.util.io,CompressionModeTest,testAutoGZ,3,1,0,44,1,,
lenskit_lenskit,org.lenskit.util.io,CompressionModeTest,testAutoXZ,3,1,0,50,1,,
lenskit_lenskit,org.lenskit.util.io,CompressionModeTest,testAutoNone,3,1,0,56,1,,
lenskit_lenskit,org.lenskit.util.io,GroupingObjectStreamTest,testEmptyStream,4,1,0,106,1,,
lenskit_lenskit,org.lenskit.util.io,GroupingObjectStreamTest,testSingleton,5,1,0,112,1,,
lenskit_lenskit,org.lenskit.util.io,GroupingObjectStreamTest,testSameLetter,5,1,0,120,1,,
lenskit_lenskit,org.lenskit.util.io,GroupingObjectStreamTest,testSeveralGroups,4,1,0,128,1,,
lenskit_lenskit,org.lenskit.util.io,ObjectStreamsTest,testEmptyStream,15,1,0,55,1,,
lenskit_lenskit,org.lenskit.util.io,ObjectStreamsTest,testEmptyStreamIterable,9,1,0,71,1,,
lenskit_lenskit,org.lenskit.util.io,ObjectStreamsTest,testWrapEmptyCollection,15,1,0,84,1,,
lenskit_lenskit,org.lenskit.util.io,ObjectStreamsTest,testWrapCollection,11,1,0,100,1,,
lenskit_lenskit,org.lenskit.util.io,ObjectStreamsTest,testWrapCollectionIterator,11,1,0,115,1,,
lenskit_lenskit,org.lenskit.util.io,ObjectStreamsTest,testWrapIterator,9,1,0,127,1,,
lenskit_lenskit,org.lenskit.util.io,ObjectStreamsTest,testMakeListEmpty,4,1,0,140,1,,
lenskit_lenskit,org.lenskit.util.io,ObjectStreamsTest,testMakeListOfIterator,6,1,0,146,1,,
lenskit_lenskit,org.lenskit.util.io,ObjectStreamsTest,testMakeListOfList,6,1,0,155,1,,
lenskit_lenskit,org.lenskit.util.io,ObjectStreamsTest,testEmptyConcat,4,1,0,166,1,,
lenskit_lenskit,org.lenskit.util.io,ObjectStreamsTest,testConcatEmpty,4,1,0,172,1,,
lenskit_lenskit,org.lenskit.util.io,ObjectStreamsTest,testConcatOne,4,1,0,179,1,,
lenskit_lenskit,org.lenskit.util.io,ObjectStreamsTest,testConcatTwo,4,1,0,186,1,,
lenskit_lenskit,org.lenskit.util.io,ObjectStreamsTest,testConcatTwoStreams,4,1,0,193,1,,
lenskit_lenskit,org.lenskit.util.io,ObjectStreamsTest,testConcatWithEmpty,5,1,0,200,1,,
lenskit_lenskit,org.lenskit.util.io,ObjectStreamsTest,testConsumeNone,5,1,0,211,1,,
lenskit_lenskit,org.lenskit.util.io,ObjectStreamsTest,testConsumeOne,5,1,0,218,1,,
lenskit_lenskit,org.lenskit.util.io,ObjectStreamsTest,testConsumeTooMany,5,1,0,225,1,,
lenskit_lenskit,org.lenskit.util.io,ObjectStreamsTest,makeRatings,5,1,0,235,0,,
lenskit_lenskit,org.lenskit.util.io,ObjectStreamsTest,testFilter,6,1,0,244,1,,
lenskit_lenskit,org.lenskit.util.io,ObjectStreamsTest,testMapToInt,6,1,0,256,1,,
lenskit_lenskit,org.lenskit.util.io,ObjectStreamsTest,testMapToLong,6,1,0,268,1,,
lenskit_lenskit,org.lenskit.util.io,ObjectStreamsTest,testMapToDouble,6,1,0,280,1,,
lenskit_lenskit,org.lenskit.util.describe,Describer,describe,0,1,2,33,0,,
lenskit_lenskit,org.lenskit.util.describe,HashDescriptionWriter,HashDescriptionWriter,3,1,1,41,0,,
lenskit_lenskit,org.lenskit.util.describe,HashDescriptionWriter,putField,4,1,2,45,0,,
lenskit_lenskit,org.lenskit.util.describe,HashDescriptionWriter,putField,4,1,2,54,0,,
lenskit_lenskit,org.lenskit.util.describe,HashDescriptionWriter,putField,4,1,2,62,0,,
lenskit_lenskit,org.lenskit.util.describe,HashDescriptionWriter,putField,4,1,2,70,0,,
lenskit_lenskit,org.lenskit.util.describe,HashDescriptionWriter,putField,5,1,3,78,0,,
lenskit_lenskit,org.lenskit.util.describe,HashDescriptionWriter,putList,7,2,3,86,0,,
lenskit_lenskit,org.lenskit.util.describe,HashDescriptionWriter,finish,3,1,0,96,0,,
lenskit_lenskit,org.lenskit.util.describe,StringDescriptionWriter,StringDescriptionWriter,3,1,0,41,0,,
lenskit_lenskit,org.lenskit.util.describe,StringDescriptionWriter,StringDescriptionWriter,5,1,2,45,0,org.lenskit.util.describe.StringDescriptionWriter,org.lenskit.util.describe.StringDescriptionWriter
lenskit_lenskit,org.lenskit.util.describe,StringDescriptionWriter,makeIndent,5,1,1,51,0,,
lenskit_lenskit,org.lenskit.util.describe,StringDescriptionWriter,finish,3,1,0,57,0,,
lenskit_lenskit,org.lenskit.util.describe,StringDescriptionWriter,getIndent,3,1,0,65,0,,
lenskit_lenskit,org.lenskit.util.describe,StringDescriptionWriter,putField,4,1,2,69,0,org.lenskit.util.describe.StringDescriptionWriter,org.lenskit.util.describe.StringDescriptionWriter
lenskit_lenskit,org.lenskit.util.describe,StringDescriptionWriter,putField,4,1,2,79,0,org.lenskit.util.describe.StringDescriptionWriter,org.lenskit.util.describe.StringDescriptionWriter
lenskit_lenskit,org.lenskit.util.describe,StringDescriptionWriter,putField,4,1,2,89,0,org.lenskit.util.describe.StringDescriptionWriter,org.lenskit.util.describe.StringDescriptionWriter
lenskit_lenskit,org.lenskit.util.describe,StringDescriptionWriter,putField,4,1,2,99,0,org.lenskit.util.describe.StringDescriptionWriter,org.lenskit.util.describe.StringDescriptionWriter
lenskit_lenskit,org.lenskit.util.describe,StringDescriptionWriter,putList,13,2,3,109,0,org.lenskit.util.describe.StringDescriptionWriter,org.lenskit.util.describe.StringDescriptionWriter
lenskit_lenskit,org.lenskit.util.describe,StringDescriptionWriter,putField,6,1,3,130,0,org.lenskit.util.describe.StringDescriptionWriter,org.lenskit.util.describe.StringDescriptionWriter
lenskit_lenskit,org.lenskit.util.describe,AbstractDescriptionWriter,putField,3,1,2,34,0,org.lenskit.util.describe.AbstractDescriptionWriter,org.lenskit.util.describe.AbstractDescriptionWriter
lenskit_lenskit,org.lenskit.util.describe,AbstractDescriptionWriter,putList,3,1,2,39,0,org.lenskit.util.describe.AbstractDescriptionWriter,org.lenskit.util.describe.AbstractDescriptionWriter
lenskit_lenskit,org.lenskit.util.describe,DescriptionWriter,putField,0,1,2,39,0,,
lenskit_lenskit,org.lenskit.util.describe,DescriptionWriter,putField,0,1,2,46,0,,
lenskit_lenskit,org.lenskit.util.describe,DescriptionWriter,putField,0,1,2,54,0,,
lenskit_lenskit,org.lenskit.util.describe,DescriptionWriter,putField,0,1,2,62,0,,
lenskit_lenskit,org.lenskit.util.describe,DescriptionWriter,putField,0,1,2,70,0,,
lenskit_lenskit,org.lenskit.util.describe,DescriptionWriter,putList,0,1,2,77,0,,
lenskit_lenskit,org.lenskit.util.describe,DescriptionWriter,putList,0,1,3,85,0,,
lenskit_lenskit,org.lenskit.util.describe,DescriptionWriter,putField,0,1,3,96,0,,
lenskit_lenskit,org.lenskit.util.describe,Describable,describeTo,0,1,1,41,0,,
lenskit_lenskit,org.lenskit.util.describe,Descriptions,load,3,1,1,56,0,,
lenskit_lenskit,org.lenskit.util.describe,Descriptions,Descriptions,2,1,0,62,0,,
lenskit_lenskit,org.lenskit.util.describe,Descriptions,sha1Writer,3,1,0,64,0,org.lenskit.util.describe.Descriptions,org.lenskit.util.describe.Descriptions
lenskit_lenskit,org.lenskit.util.describe,Descriptions,hashWriter,3,1,1,73,0,,
lenskit_lenskit,org.lenskit.util.describe,Descriptions,stringWriter,3,1,0,82,0,,
lenskit_lenskit,org.lenskit.util.describe,Descriptions,defaultDescriber,3,1,0,90,0,,
lenskit_lenskit,org.lenskit.util.describe,Descriptions,describe,26,6,2,110,0,,
lenskit_lenskit,org.lenskit.util.describe,Descriptions,funnel,8,1,2,140,0,,
lenskit_lenskit,org.lenskit.util.keys,Long2DoubleSortedArrayMap,Long2DoubleSortedArrayMap,5,1,2,59,0,,
lenskit_lenskit,org.lenskit.util.keys,Long2DoubleSortedArrayMap,Long2DoubleSortedArrayMap,9,2,1,66,0,,
lenskit_lenskit,org.lenskit.util.keys,Long2DoubleSortedArrayMap,create,8,2,1,81,0,,
lenskit_lenskit,org.lenskit.util.keys,Long2DoubleSortedArrayMap,wrap,3,1,2,98,0,,
lenskit_lenskit,org.lenskit.util.keys,Long2DoubleSortedArrayMap,wrapUnsorted,13,3,2,108,0,org.lenskit.util.keys.Long2DoubleSortedArrayMap,org.lenskit.util.keys.Long2DoubleSortedArrayMap
lenskit_lenskit,org.lenskit.util.keys,Long2DoubleSortedArrayMap,fromArray,3,1,2,137,0,org.lenskit.util.keys.Long2DoubleSortedArrayMap,org.lenskit.util.keys.Long2DoubleSortedArrayMap
lenskit_lenskit,org.lenskit.util.keys,Long2DoubleSortedArrayMap,fromArray,12,2,2,149,0,org.lenskit.util.keys.Long2DoubleSortedArrayMap,org.lenskit.util.keys.Long2DoubleSortedArrayMap
lenskit_lenskit,org.lenskit.util.keys,Long2DoubleSortedArrayMap,create,8,2,1,171,0,,
lenskit_lenskit,org.lenskit.util.keys,Long2DoubleSortedArrayMap,long2DoubleEntrySet,3,1,0,185,0,,
lenskit_lenskit,org.lenskit.util.keys,Long2DoubleSortedArrayMap,keySet,3,1,0,190,0,,
lenskit_lenskit,org.lenskit.util.keys,Long2DoubleSortedArrayMap,getKeyByIndex,3,1,1,195,0,,
lenskit_lenskit,org.lenskit.util.keys,Long2DoubleSortedArrayMap,getValueByIndex,3,1,1,204,0,,
lenskit_lenskit,org.lenskit.util.keys,Long2DoubleSortedArrayMap,comparator,3,1,0,213,0,,
lenskit_lenskit,org.lenskit.util.keys,Long2DoubleSortedArrayMap,createSubMap,3,1,2,218,0,,
lenskit_lenskit,org.lenskit.util.keys,Long2DoubleSortedArrayMap,subMap,5,1,2,222,0,org.lenskit.util.keys.Long2DoubleSortedArrayMap,org.lenskit.util.keys.Long2DoubleSortedArrayMap
lenskit_lenskit,org.lenskit.util.keys,Long2DoubleSortedArrayMap,subMap,11,3,1,229,0,org.lenskit.util.keys.Long2DoubleSortedArrayMap,org.lenskit.util.keys.Long2DoubleSortedArrayMap
lenskit_lenskit,org.lenskit.util.keys,Long2DoubleSortedArrayMap,slowSubMap,17,3,1,246,0,org.lenskit.util.keys.Long2DoubleSortedArrayMap,org.lenskit.util.keys.Long2DoubleSortedArrayMap
lenskit_lenskit,org.lenskit.util.keys,Long2DoubleSortedArrayMap,fastSubMap,50,9,1,264,0,org.lenskit.util.keys.Long2DoubleSortedArrayMap,org.lenskit.util.keys.Long2DoubleSortedArrayMap
lenskit_lenskit,org.lenskit.util.keys,Long2DoubleSortedArrayMap,headMap,4,1,1,315,0,org.lenskit.util.keys.Long2DoubleSortedArrayMap,org.lenskit.util.keys.Long2DoubleSortedArrayMap
lenskit_lenskit,org.lenskit.util.keys,Long2DoubleSortedArrayMap,tailMap,4,1,1,321,0,org.lenskit.util.keys.Long2DoubleSortedArrayMap,org.lenskit.util.keys.Long2DoubleSortedArrayMap
lenskit_lenskit,org.lenskit.util.keys,Long2DoubleSortedArrayMap,firstLongKey,3,1,0,327,0,org.lenskit.util.keys.Long2DoubleSortedArrayMap,org.lenskit.util.keys.Long2DoubleSortedArrayMap
lenskit_lenskit,org.lenskit.util.keys,Long2DoubleSortedArrayMap,lastLongKey,3,1,0,332,0,org.lenskit.util.keys.Long2DoubleSortedArrayMap,org.lenskit.util.keys.Long2DoubleSortedArrayMap
lenskit_lenskit,org.lenskit.util.keys,Long2DoubleSortedArrayMap,get,9,2,1,337,0,,
lenskit_lenskit,org.lenskit.util.keys,Long2DoubleSortedArrayMap,containsKey,3,1,1,347,0,,
lenskit_lenskit,org.lenskit.util.keys,Long2DoubleSortedArrayMap,size,3,1,0,352,0,,
lenskit_lenskit,org.lenskit.util.keys,Long2DoubleSortedArrayMap,entry,3,1,1,357,0,,
lenskit_lenskit,org.lenskit.util.keys,KeyExtractor,getKey,0,1,1,39,0,,
lenskit_lenskit,org.lenskit.util.keys,KeyedObjectMapBuilder,KeyedObjectMapBuilder,6,1,1,44,0,,
lenskit_lenskit,org.lenskit.util.keys,KeyedObjectMapBuilder,add,13,2,1,51,0,,
lenskit_lenskit,org.lenskit.util.keys,KeyedObjectMapBuilder,addAll,6,2,1,64,0,org.lenskit.util.keys.KeyedObjectMapBuilder,org.lenskit.util.keys.KeyedObjectMapBuilder
lenskit_lenskit,org.lenskit.util.keys,KeyedObjectMapBuilder,add,6,2,1,71,0,org.lenskit.util.keys.KeyedObjectMapBuilder,org.lenskit.util.keys.KeyedObjectMapBuilder
lenskit_lenskit,org.lenskit.util.keys,KeyedObjectMapBuilder,objects,3,1,0,78,0,,
lenskit_lenskit,org.lenskit.util.keys,KeyedObjectMapBuilder,containsKey,3,1,1,86,0,,
lenskit_lenskit,org.lenskit.util.keys,KeyedObjectMapBuilder,build,3,1,0,95,0,,
lenskit_lenskit,org.lenskit.util.keys,Keys,Keys,2,1,0,34,0,,
lenskit_lenskit,org.lenskit.util.keys,Keys,keyOrdering,8,1,1,36,0,,
lenskit_lenskit,org.lenskit.util.keys,Keys,compare,3,1,2,38,0,,
lenskit_lenskit,org.lenskit.util.keys,Keys,selfExtractor,3,1,0,45,0,,
lenskit_lenskit,org.lenskit.util.keys,Keys,getKey,3,1,1,51,0,,
lenskit_lenskit,org.lenskit.util.keys,KeyedObjectMap,newBuilder,3,1,1,57,0,,
lenskit_lenskit,org.lenskit.util.keys,KeyedObjectMap,newBuilder,3,1,0,67,0,,
lenskit_lenskit,org.lenskit.util.keys,KeyedObjectMap,create,3,1,1,76,0,,
lenskit_lenskit,org.lenskit.util.keys,KeyedObjectMap,create,3,1,2,86,0,,
lenskit_lenskit,org.lenskit.util.keys,KeyedObjectMap,KeyedObjectMap,3,1,2,97,0,,
lenskit_lenskit,org.lenskit.util.keys,KeyedObjectMap,KeyedObjectMap,14,3,3,105,0,,
lenskit_lenskit,org.lenskit.util.keys,KeyedObjectMap,long2ObjectEntrySet,6,2,0,119,0,,
lenskit_lenskit,org.lenskit.util.keys,KeyedObjectMap,keySet,6,2,0,127,0,,
lenskit_lenskit,org.lenskit.util.keys,KeyedObjectMap,values,11,1,0,135,0,,
lenskit_lenskit,org.lenskit.util.keys,KeyedObjectMap,iterator,3,1,0,138,0,,
lenskit_lenskit,org.lenskit.util.keys,KeyedObjectMap,size,3,1,0,143,0,,
lenskit_lenskit,org.lenskit.util.keys,KeyedObjectMap,iterator,3,1,0,150,0,,
lenskit_lenskit,org.lenskit.util.keys,KeyedObjectMap,comparator,3,1,0,155,0,,
lenskit_lenskit,org.lenskit.util.keys,KeyedObjectMap,subMap,7,1,2,160,0,org.lenskit.util.keys.KeyedObjectMap,org.lenskit.util.keys.KeyedObjectMap
lenskit_lenskit,org.lenskit.util.keys,KeyedObjectMap,headMap,5,1,1,169,0,org.lenskit.util.keys.KeyedObjectMap,org.lenskit.util.keys.KeyedObjectMap
lenskit_lenskit,org.lenskit.util.keys,KeyedObjectMap,tailMap,5,1,1,176,0,org.lenskit.util.keys.KeyedObjectMap,org.lenskit.util.keys.KeyedObjectMap
lenskit_lenskit,org.lenskit.util.keys,KeyedObjectMap,firstLongKey,8,2,0,183,0,,
lenskit_lenskit,org.lenskit.util.keys,KeyedObjectMap,lastLongKey,8,2,0,192,0,,
lenskit_lenskit,org.lenskit.util.keys,KeyedObjectMap,findIndex,4,1,1,201,0,,
lenskit_lenskit,org.lenskit.util.keys,KeyedObjectMap,get,9,2,1,206,0,org.lenskit.util.keys.KeyedObjectMap,org.lenskit.util.keys.KeyedObjectMap
lenskit_lenskit,org.lenskit.util.keys,KeyedObjectMap,containsKey,3,1,1,216,0,org.lenskit.util.keys.KeyedObjectMap,org.lenskit.util.keys.KeyedObjectMap
lenskit_lenskit,org.lenskit.util.keys,KeyedObjectMap,containsValue,14,2,1,221,0,org.lenskit.util.keys.KeyedObjectMap,org.lenskit.util.keys.KeyedObjectMap
lenskit_lenskit,org.lenskit.util.keys,KeyedObjectMap,size,3,1,0,238,0,,
lenskit_lenskit,org.lenskit.util.keys,CompactSortedKeyIndex,CompactSortedKeyIndex,5,1,3,42,0,,
lenskit_lenskit,org.lenskit.util.keys,CompactSortedKeyIndex,tryGetIndex,8,2,1,48,0,,
lenskit_lenskit,org.lenskit.util.keys,CompactSortedKeyIndex,getKey,6,2,1,58,0,,
lenskit_lenskit,org.lenskit.util.keys,CompactSortedKeyIndex,subIndex,6,1,2,66,0,,
lenskit_lenskit,org.lenskit.util.keys,KeyedObject,getKey,0,1,0,32,0,,
lenskit_lenskit,org.lenskit.util.keys,FrozenHashKeyIndex,FrozenHashKeyIndex,14,3,1,40,0,,
lenskit_lenskit,org.lenskit.util.keys,FrozenHashKeyIndex,FrozenHashKeyIndex,5,1,2,60,0,,
lenskit_lenskit,org.lenskit.util.keys,FrozenHashKeyIndex,create,3,1,1,69,0,,
lenskit_lenskit,org.lenskit.util.keys,FrozenHashKeyIndex,create,13,3,1,78,0,org.lenskit.util.keys.FrozenHashKeyIndex,org.lenskit.util.keys.FrozenHashKeyIndex
lenskit_lenskit,org.lenskit.util.keys,FrozenHashKeyIndex,getIndex,9,2,1,97,0,org.lenskit.util.keys.FrozenHashKeyIndex,org.lenskit.util.keys.FrozenHashKeyIndex
lenskit_lenskit,org.lenskit.util.keys,FrozenHashKeyIndex,containsKey,3,1,1,107,0,org.lenskit.util.keys.FrozenHashKeyIndex,org.lenskit.util.keys.FrozenHashKeyIndex
lenskit_lenskit,org.lenskit.util.keys,FrozenHashKeyIndex,getKey,3,1,1,112,0,,
lenskit_lenskit,org.lenskit.util.keys,FrozenHashKeyIndex,getKeyList,3,1,0,117,0,,
lenskit_lenskit,org.lenskit.util.keys,FrozenHashKeyIndex,tryGetIndex,3,1,1,122,0,,
lenskit_lenskit,org.lenskit.util.keys,FrozenHashKeyIndex,size,3,1,0,127,0,,
lenskit_lenskit,org.lenskit.util.keys,FrozenHashKeyIndex,getLowerBound,3,1,0,132,0,,
lenskit_lenskit,org.lenskit.util.keys,FrozenHashKeyIndex,getUpperBound,3,1,0,137,0,org.lenskit.util.keys.FrozenHashKeyIndex,org.lenskit.util.keys.FrozenHashKeyIndex
lenskit_lenskit,org.lenskit.util.keys,FrozenHashKeyIndex,frozenCopy,3,1,0,142,0,,
lenskit_lenskit,org.lenskit.util.keys,FullSortedKeyIndex,FullSortedKeyIndex,5,1,3,41,0,,
lenskit_lenskit,org.lenskit.util.keys,FullSortedKeyIndex,tryGetIndex,3,1,1,47,0,,
lenskit_lenskit,org.lenskit.util.keys,FullSortedKeyIndex,getKey,7,2,1,52,0,,
lenskit_lenskit,org.lenskit.util.keys,FullSortedKeyIndex,subIndex,6,1,2,61,0,,
lenskit_lenskit,org.lenskit.util.keys,LongSortedArraySet,LongSortedArraySet,3,1,1,54,0,,
lenskit_lenskit,org.lenskit.util.keys,LongSortedArraySet,LongSortedArraySet,3,1,1,62,0,,
lenskit_lenskit,org.lenskit.util.keys,LongSortedArraySet,LongSortedArraySet,3,1,1,71,0,,
lenskit_lenskit,org.lenskit.util.keys,LongSortedArraySet,getIndex,3,1,0,80,0,,
lenskit_lenskit,org.lenskit.util.keys,LongSortedArraySet,getDomain,3,1,0,87,0,,
lenskit_lenskit,org.lenskit.util.keys,LongSortedArraySet,comparator,3,1,0,96,0,,
lenskit_lenskit,org.lenskit.util.keys,LongSortedArraySet,firstLong,8,2,0,101,0,,
lenskit_lenskit,org.lenskit.util.keys,LongSortedArraySet,lastLong,8,2,0,110,0,,
lenskit_lenskit,org.lenskit.util.keys,LongSortedArraySet,iterator,3,1,0,119,0,,
lenskit_lenskit,org.lenskit.util.keys,LongSortedArraySet,iterator,3,1,1,124,0,,
lenskit_lenskit,org.lenskit.util.keys,LongSortedArraySet,subSet,5,1,2,129,0,,
lenskit_lenskit,org.lenskit.util.keys,LongSortedArraySet,headSet,5,1,1,136,0,,
lenskit_lenskit,org.lenskit.util.keys,LongSortedArraySet,tailSet,5,1,1,143,0,,
lenskit_lenskit,org.lenskit.util.keys,LongSortedArraySet,size,3,1,0,150,0,,
lenskit_lenskit,org.lenskit.util.keys,LongSortedArraySet,contains,3,1,1,155,0,,
lenskit_lenskit,org.lenskit.util.keys,LongSortedArraySet,randomSubset,45,10,3,160,0,org.lenskit.util.keys.LongSortedArraySet,org.lenskit.util.keys.LongSortedArraySet
lenskit_lenskit,org.lenskit.util.keys,KeyIndex,getIndex,0,1,1,33,0,,
lenskit_lenskit,org.lenskit.util.keys,KeyIndex,containsKey,0,1,1,42,0,,
lenskit_lenskit,org.lenskit.util.keys,KeyIndex,getKey,0,1,1,49,0,,
lenskit_lenskit,org.lenskit.util.keys,KeyIndex,tryGetIndex,0,1,1,58,0,,
lenskit_lenskit,org.lenskit.util.keys,KeyIndex,size,0,1,0,67,0,,
lenskit_lenskit,org.lenskit.util.keys,KeyIndex,getLowerBound,0,1,0,74,0,,
lenskit_lenskit,org.lenskit.util.keys,KeyIndex,getUpperBound,0,1,0,80,0,,
lenskit_lenskit,org.lenskit.util.keys,KeyIndex,getKeyList,0,1,0,87,0,,
lenskit_lenskit,org.lenskit.util.keys,KeyIndex,frozenCopy,0,1,0,95,0,,
lenskit_lenskit,org.lenskit.util.keys,HashKeyIndex,HashKeyIndex,5,1,0,41,0,,
lenskit_lenskit,org.lenskit.util.keys,HashKeyIndex,create,3,1,0,50,0,,
lenskit_lenskit,org.lenskit.util.keys,HashKeyIndex,create,8,2,1,54,0,org.lenskit.util.keys.HashKeyIndex,org.lenskit.util.keys.HashKeyIndex
lenskit_lenskit,org.lenskit.util.keys,HashKeyIndex,createFrozen,3,1,1,68,0,,
lenskit_lenskit,org.lenskit.util.keys,HashKeyIndex,getIndex,9,2,1,78,0,org.lenskit.util.keys.HashKeyIndex,org.lenskit.util.keys.HashKeyIndex
lenskit_lenskit,org.lenskit.util.keys,HashKeyIndex,containsKey,3,1,1,88,0,org.lenskit.util.keys.HashKeyIndex,org.lenskit.util.keys.HashKeyIndex
lenskit_lenskit,org.lenskit.util.keys,HashKeyIndex,getKey,3,1,1,93,0,,
lenskit_lenskit,org.lenskit.util.keys,HashKeyIndex,getKeyList,3,1,0,98,0,,
lenskit_lenskit,org.lenskit.util.keys,HashKeyIndex,tryGetIndex,3,1,1,103,0,,
lenskit_lenskit,org.lenskit.util.keys,HashKeyIndex,size,3,1,0,108,0,,
lenskit_lenskit,org.lenskit.util.keys,HashKeyIndex,getLowerBound,3,1,0,113,0,,
lenskit_lenskit,org.lenskit.util.keys,HashKeyIndex,getUpperBound,3,1,0,118,0,org.lenskit.util.keys.HashKeyIndex,org.lenskit.util.keys.HashKeyIndex
lenskit_lenskit,org.lenskit.util.keys,HashKeyIndex,internId,9,2,1,123,0,org.lenskit.util.keys.HashKeyIndex,org.lenskit.util.keys.HashKeyIndex
lenskit_lenskit,org.lenskit.util.keys,HashKeyIndex,frozenCopy,3,1,0,140,0,,
lenskit_lenskit,org.lenskit.util.keys,SortedKeyIndex,wrap,5,1,2,44,0,,
lenskit_lenskit,org.lenskit.util.keys,SortedKeyIndex,fromCollection,8,2,1,60,0,org.lenskit.util.keys.SortedKeyIndex,org.lenskit.util.keys.SortedKeyIndex
lenskit_lenskit,org.lenskit.util.keys,SortedKeyIndex,fromIterator,52,11,2,74,0,,
lenskit_lenskit,org.lenskit.util.keys,SortedKeyIndex,create,3,1,1,136,0,org.lenskit.util.keys.SortedKeyIndex,org.lenskit.util.keys.SortedKeyIndex
lenskit_lenskit,org.lenskit.util.keys,SortedKeyIndex,empty,3,1,0,146,0,,
lenskit_lenskit,org.lenskit.util.keys,SortedKeyIndex,SortedKeyIndex,4,1,2,169,0,,
lenskit_lenskit,org.lenskit.util.keys,SortedKeyIndex,size,3,1,0,174,0,,
lenskit_lenskit,org.lenskit.util.keys,SortedKeyIndex,getLowerBound,3,1,0,183,0,,
lenskit_lenskit,org.lenskit.util.keys,SortedKeyIndex,getUpperBound,3,1,0,192,0,,
lenskit_lenskit,org.lenskit.util.keys,SortedKeyIndex,subIndex,0,1,2,201,0,,
lenskit_lenskit,org.lenskit.util.keys,SortedKeyIndex,tryGetIndex,0,1,1,208,0,,
lenskit_lenskit,org.lenskit.util.keys,SortedKeyIndex,getIndex,7,2,1,219,0,org.lenskit.util.keys.SortedKeyIndex,org.lenskit.util.keys.SortedKeyIndex
lenskit_lenskit,org.lenskit.util.keys,SortedKeyIndex,findUpperBound,9,2,1,228,0,org.lenskit.util.keys.SortedKeyIndex,org.lenskit.util.keys.SortedKeyIndex
lenskit_lenskit,org.lenskit.util.keys,SortedKeyIndex,findLowerBound,9,2,1,246,0,org.lenskit.util.keys.SortedKeyIndex,org.lenskit.util.keys.SortedKeyIndex
lenskit_lenskit,org.lenskit.util.keys,SortedKeyIndex,containsKey,4,1,1,267,0,org.lenskit.util.keys.SortedKeyIndex,org.lenskit.util.keys.SortedKeyIndex
lenskit_lenskit,org.lenskit.util.keys,SortedKeyIndex,getKey,0,1,1,278,0,,
lenskit_lenskit,org.lenskit.util.keys,SortedKeyIndex,keyIterator,3,1,0,287,0,org.lenskit.util.keys.SortedKeyIndex,org.lenskit.util.keys.SortedKeyIndex
lenskit_lenskit,org.lenskit.util.keys,SortedKeyIndex,keyIterator,6,2,1,295,0,,
lenskit_lenskit,org.lenskit.util.keys,SortedKeyIndex,keySet,3,1,0,307,0,,
lenskit_lenskit,org.lenskit.util.keys,SortedKeyIndex,getKeyList,3,1,0,315,0,,
lenskit_lenskit,org.lenskit.util.keys,SortedKeyIndex,frozenCopy,3,1,0,324,0,,
lenskit_lenskit,org.lenskit.util.keys,LongSortedArraySetTest,emptySet,3,1,0,43,0,,
lenskit_lenskit,org.lenskit.util.keys,LongSortedArraySetTest,testEmptySet,11,1,0,48,1,,
lenskit_lenskit,org.lenskit.util.keys,LongSortedArraySetTest,testEmptySetSubset,10,1,0,61,1,,
lenskit_lenskit,org.lenskit.util.keys,LongSortedArraySetTest,testSetSimple,18,1,1,73,0,,
lenskit_lenskit,org.lenskit.util.keys,LongSortedArraySetTest,testArrayCtor,10,1,0,98,1,,
lenskit_lenskit,org.lenskit.util.keys,LongSortedArraySetTest,testArrayCtorUnsorted,5,1,0,111,1,,
lenskit_lenskit,org.lenskit.util.keys,LongSortedArraySetTest,testCollectionCtor,5,1,0,118,1,,
lenskit_lenskit,org.lenskit.util.keys,LongSortedArraySetTest,testHeadSet,6,1,0,125,1,,
lenskit_lenskit,org.lenskit.util.keys,LongSortedArraySetTest,testTailSet,6,1,0,133,1,,
lenskit_lenskit,org.lenskit.util.keys,LongSortedArraySetTest,testSubSet,6,1,0,141,1,,
lenskit_lenskit,org.lenskit.util.keys,LongSortedArraySetTest,testTailIter,18,1,0,149,1,,
lenskit_lenskit,org.lenskit.util.keys,LongSortedArraySetTest,testRemoveDuplicates,5,1,0,169,1,,
lenskit_lenskit,org.lenskit.util.keys,LongSortedArraySetTest,testSubsetIterator,14,1,0,176,1,,
lenskit_lenskit,org.lenskit.util.keys,LongSortedArraySetTest,testRandomSubsetEmpty,5,1,0,192,1,,
lenskit_lenskit,org.lenskit.util.keys,LongSortedArraySetTest,testRandomSubsetPickOnly,7,1,0,199,1,,
lenskit_lenskit,org.lenskit.util.keys,LongSortedArraySetTest,testRandomSubsetPickNone,5,1,0,208,1,,
lenskit_lenskit,org.lenskit.util.keys,LongSortedArraySetTest,testRandomSubsetPick,9,2,0,215,1,,
lenskit_lenskit,org.lenskit.util.keys,LongSortedArraySetTest,testRandomSubsetPickExclude,10,2,0,226,1,,
lenskit_lenskit,org.lenskit.util.keys,LongSortedArraySetTest,testRandomSubsetPickAll,9,2,0,238,1,,
lenskit_lenskit,org.lenskit.util.keys,LongSortedArraySetTest,testRandomSubsetPickAllMultiExclude,8,2,0,249,1,,
lenskit_lenskit,org.lenskit.util.keys,LongSortedArraySetTest,testRandomSubsetPickMultiExclude,10,2,0,261,1,,
lenskit_lenskit,org.lenskit.util.keys,LongSortedArraySetTest,testRandomSubsetPickLimitMultiExclude,8,2,0,275,1,,
lenskit_lenskit,org.lenskit.util.keys,SortedKeyIndexTest,testEmptyArray,9,1,0,38,1,,
lenskit_lenskit,org.lenskit.util.keys,SortedKeyIndexTest,testEmptyCollection,7,1,0,49,1,,
lenskit_lenskit,org.lenskit.util.keys,SortedKeyIndexTest,testEmptyUpperBound,4,1,0,58,1,,
lenskit_lenskit,org.lenskit.util.keys,SortedKeyIndexTest,testSingletonUpperBound,6,1,0,64,1,,
lenskit_lenskit,org.lenskit.util.keys,SortedKeyIndexTest,testSomeKeysUpperBound,9,1,0,72,1,,
lenskit_lenskit,org.lenskit.util.keys,SortedKeyIndexTest,testEmptyLowerBound,4,1,0,83,1,,
lenskit_lenskit,org.lenskit.util.keys,SortedKeyIndexTest,testSingletonLowerBound,6,1,0,89,1,,
lenskit_lenskit,org.lenskit.util.keys,SortedKeyIndexTest,testSomeKeysLowerBound,9,1,0,97,1,,
lenskit_lenskit,org.lenskit.util.keys,SortedKeyIndexTest,testSubViewLowerBound,18,1,0,108,1,,
lenskit_lenskit,org.lenskit.util.keys,HashKeyIndexTest,testInternId,8,1,0,37,1,,
lenskit_lenskit,org.lenskit.util.keys,HashKeyIndexTest,testReinternId,6,1,0,47,1,,
lenskit_lenskit,org.lenskit.util.keys,HashKeyIndexTest,testImmutableCopy,9,1,0,55,1,,
lenskit_lenskit,org.lenskit.util.keys,FrozenHashKeyIndexTest,testEmpty,12,1,0,38,1,,
lenskit_lenskit,org.lenskit.util.keys,FrozenHashKeyIndexTest,testSingleton,17,1,0,52,1,,
lenskit_lenskit,org.lenskit.util.keys,FrozenHashKeyIndexTest,testFailsWithDuplicates,13,1,0,71,1,,
lenskit_lenskit,org.lenskit.util.keys,KeyedObjectMapTest,testEmptyMap,21,1,0,36,1,,
lenskit_lenskit,org.lenskit.util.keys,KeyedObjectMapTest,testSingletonMap,14,1,0,61,1,,
lenskit_lenskit,org.lenskit.util.keys,KeyedObjectMapTest,testSomeItems,17,1,0,78,1,,
lenskit_lenskit,org.lenskit.util.keys,KeyedObjectMapTest,testSubMap,9,1,0,101,1,,
lenskit_lenskit,org.lenskit.util.keys,KeyedObjectMapTest,testTailMap,9,1,0,112,1,,
lenskit_lenskit,org.lenskit.util.keys,KeyedObjectMapTest,testHeadMap,9,1,0,123,1,,
lenskit_lenskit,org.lenskit.util.keys,KeyedObjectMapTest,testAddDuplicates,5,1,0,134,1,,
lenskit_lenskit,org.lenskit.util.keys,KeyedObjectMapTest,testContainsValue,8,1,0,142,1,,
lenskit_lenskit,org.lenskit.util.keys,KeyedObjectMapTest,createMap,3,1,1,152,0,,
lenskit_lenskit,org.lenskit.util.keys,KeyedObjectMapTest,getKey,3,1,1,160,0,,
lenskit_lenskit,org.lenskit.util.keys,DynamicSortedKeyIndexTest,makeDataPoints,17,3,0,88,0,,
lenskit_lenskit,org.lenskit.util.keys,DynamicSortedKeyIndexTest,testSingleton,15,1,1,111,0,,
lenskit_lenskit,org.lenskit.util.keys,DynamicSortedKeyIndexTest,testMultiple,18,1,1,129,0,,
lenskit_lenskit,org.lenskit.util.keys,DynamicSortedKeyIndexTest,testABunch,14,2,1,150,0,,
lenskit_lenskit,org.lenskit.util.keys,Long2DoubleSortedArrayMapTest,testEmptyMap,23,1,0,45,1,,
lenskit_lenskit,org.lenskit.util.keys,Long2DoubleSortedArrayMapTest,testSingletonMap,20,1,0,70,1,,
lenskit_lenskit,org.lenskit.util.keys,Long2DoubleSortedArrayMapTest,testCreateWithLists,23,5,0,96,1,,
lenskit_lenskit,org.lenskit.util.keys,Long2DoubleSortedArrayMapTest,testSublist,12,1,0,122,1,,
lenskit_lenskit,org.lenskit.util.keys,Long2DoubleSortedArrayMapTest,testSubMap,16,1,0,138,1,,
lenskit_lenskit,org.lenskit.util.keys,Long2DoubleSortedArrayMapTest,testSubMapUnpacked,16,1,0,157,1,,
lenskit_lenskit,org.lenskit.util.keys,Long2DoubleSortedArrayMapTest,testRandomMaps,12,2,0,176,1,,
lenskit_lenskit,org.lenskit.util.keys,Long2DoubleSortedArrayMapTest,testIterStartFrom,9,1,0,190,1,,
lenskit_lenskit,org.lenskit.util.keys,Long2DoubleSortedArrayMapTest,testFastIterStartFrom,9,1,0,203,1,,
lenskit_lenskit,org.lenskit.util.keys,Long2DoubleSortedArrayMapTest,testFromArray,13,1,0,216,1,,
lenskit_lenskit,org.lenskit.util.keys,Long2DoubleSortedArrayMapTest,testSubMapIndexes,14,1,0,231,1,,
lenskit_lenskit,org.lenskit.util.reflect,CGUtils,adaptToType,26,5,2,38,0,,
lenskit_lenskit,org.lenskit.util.reflect,CGUtils,adaptFromType,18,5,2,70,0,,
lenskit_lenskit,org.lenskit.util.reflect,ClassQueries,isThreadSafe,10,3,1,39,0,,
lenskit_lenskit,org.lenskit.util.reflect,ClassQueries,isThreadSafe,11,3,1,63,0,org.lenskit.util.reflect.ClassQueries,org.lenskit.util.reflect.ClassQueries
lenskit_lenskit,org.lenskit.util.reflect,DynamicClassLoader,DynamicClassLoader,3,1,0,62,0,,
lenskit_lenskit,org.lenskit.util.reflect,DynamicClassLoader,DynamicClassLoader,3,1,1,66,0,,
lenskit_lenskit,org.lenskit.util.reflect,DynamicClassLoader,defineClass,26,2,1,70,0,,
lenskit_lenskit,org.lenskit.util.reflect,InstanceFactory,newInstance,0,1,0,38,0,,
lenskit_lenskit,org.lenskit.util.reflect,InstanceFactory,fromConstructor,13,3,2,44,0,,
lenskit_lenskit,org.lenskit.util.reflect,InstanceFactoryTest,testConstructListNoArgs,6,1,0,37,1,,
lenskit_lenskit,org.lenskit.util.reflect,InstanceFactoryTest,testConstructWithArg,7,1,0,45,1,,
lenskit_lenskit,org.lenskit.util.collections,IntIntervalList,IntIntervalList,3,1,1,44,0,,
lenskit_lenskit,org.lenskit.util.collections,IntIntervalList,checkIndex,5,2,3,53,0,,
lenskit_lenskit,org.lenskit.util.collections,IntIntervalList,IntIntervalList,7,2,2,59,0,,
lenskit_lenskit,org.lenskit.util.collections,IntIntervalList,getInt,4,1,1,73,0,org.lenskit.util.collections.IntIntervalList,org.lenskit.util.collections.IntIntervalList
lenskit_lenskit,org.lenskit.util.collections,IntIntervalList,size,3,1,0,79,0,,
lenskit_lenskit,org.lenskit.util.collections,IntIntervalList,listIterator,4,1,1,84,0,org.lenskit.util.collections.IntIntervalList,org.lenskit.util.collections.IntIntervalList
lenskit_lenskit,org.lenskit.util.collections,TopNLong2DoubleAccumulator,TopNLong2DoubleAccumulator,9,1,1,50,0,org.lenskit.util.collections.TopNLong2DoubleAccumulator,org.lenskit.util.collections.TopNLong2DoubleAccumulator
lenskit_lenskit,org.lenskit.util.collections,TopNLong2DoubleAccumulator,comparePositions,3,1,2,69,0,,
lenskit_lenskit,org.lenskit.util.collections,TopNLong2DoubleAccumulator,findInitialSize,16,4,1,73,0,,
lenskit_lenskit,org.lenskit.util.collections,TopNLong2DoubleAccumulator,isEmpty,3,1,0,98,0,,
lenskit_lenskit,org.lenskit.util.collections,TopNLong2DoubleAccumulator,size,3,1,0,103,0,,
lenskit_lenskit,org.lenskit.util.collections,TopNLong2DoubleAccumulator,put,29,5,2,108,0,org.lenskit.util.collections.TopNLong2DoubleAccumulator,org.lenskit.util.collections.TopNLong2DoubleAccumulator
lenskit_lenskit,org.lenskit.util.collections,TopNLong2DoubleAccumulator,finishMap,19,4,0,148,0,org.lenskit.util.collections.TopNLong2DoubleAccumulator,org.lenskit.util.collections.TopNLong2DoubleAccumulator
lenskit_lenskit,org.lenskit.util.collections,TopNLong2DoubleAccumulator,finishSet,9,2,0,173,0,org.lenskit.util.collections.TopNLong2DoubleAccumulator,org.lenskit.util.collections.TopNLong2DoubleAccumulator
lenskit_lenskit,org.lenskit.util.collections,TopNLong2DoubleAccumulator,finishList,14,3,0,186,0,org.lenskit.util.collections.TopNLong2DoubleAccumulator,org.lenskit.util.collections.TopNLong2DoubleAccumulator
lenskit_lenskit,org.lenskit.util.collections,TopNLong2DoubleAccumulator,clear,6,1,0,206,0,,
lenskit_lenskit,org.lenskit.util.collections,LongUtils,LongUtils,2,1,0,50,0,,
lenskit_lenskit,org.lenskit.util.collections,LongUtils,frozenMap,8,2,1,52,0,,
lenskit_lenskit,org.lenskit.util.collections,LongUtils,frozenSet,3,1,1,68,0,org.lenskit.util.collections.LongUtils,org.lenskit.util.collections.LongUtils
lenskit_lenskit,org.lenskit.util.collections,LongUtils,packedSet,8,2,1,82,0,,
lenskit_lenskit,org.lenskit.util.collections,LongUtils,packedSet,3,1,1,95,0,,
lenskit_lenskit,org.lenskit.util.collections,LongUtils,keyValueComparator,10,1,1,104,0,,
lenskit_lenskit,org.lenskit.util.collections,LongUtils,compare,5,1,2,111,0,,
lenskit_lenskit,org.lenskit.util.collections,LongUtils,flyweightMap,3,1,2,120,0,,
lenskit_lenskit,org.lenskit.util.collections,LongUtils,asLongCollection,8,2,1,130,0,,
lenskit_lenskit,org.lenskit.util.collections,LongUtils,asLong2DoubleMap,8,2,1,146,0,,
lenskit_lenskit,org.lenskit.util.collections,LongUtils,asLong2DoubleFunction,3,1,1,159,0,org.lenskit.util.collections.LongUtils,org.lenskit.util.collections.LongUtils
lenskit_lenskit,org.lenskit.util.collections,LongUtils,asLongList,8,2,1,171,0,,
lenskit_lenskit,org.lenskit.util.collections,LongUtils,constantDoubleMap,6,1,2,179,0,,
lenskit_lenskit,org.lenskit.util.collections,LongUtils,asLongSet,11,3,1,193,0,,
lenskit_lenskit,org.lenskit.util.collections,LongUtils,asLongSet,11,3,1,210,0,org.lenskit.util.collections.LongUtils,org.lenskit.util.collections.LongUtils
lenskit_lenskit,org.lenskit.util.collections,LongUtils,itemRanks,11,2,1,227,0,,
lenskit_lenskit,org.lenskit.util.collections,LongUtils,setDifference,18,5,2,244,0,,
lenskit_lenskit,org.lenskit.util.collections,LongUtils,intersectSize,3,1,2,271,0,org.lenskit.util.collections.LongUtils,org.lenskit.util.collections.LongUtils
lenskit_lenskit,org.lenskit.util.collections,LongUtils,intersectSize,16,4,2,281,0,org.lenskit.util.collections.LongUtils,org.lenskit.util.collections.LongUtils
lenskit_lenskit,org.lenskit.util.collections,LongUtils,hasNCommonItems,4,1,3,303,0,org.lenskit.util.collections.LongUtils,org.lenskit.util.collections.LongUtils
lenskit_lenskit,org.lenskit.util.collections,LongUtils,countCommonItems,27,4,3,315,0,,
lenskit_lenskit,org.lenskit.util.collections,LongUtils,unionSize,3,1,2,348,0,org.lenskit.util.collections.LongUtils,org.lenskit.util.collections.LongUtils
lenskit_lenskit,org.lenskit.util.collections,LongUtils,setUnion,10,2,2,358,0,org.lenskit.util.collections.LongUtils,org.lenskit.util.collections.LongUtils
lenskit_lenskit,org.lenskit.util.collections,LongUtils,setUnion,31,4,2,375,0,org.lenskit.util.collections.LongUtils,org.lenskit.util.collections.LongUtils
lenskit_lenskit,org.lenskit.util.collections,LongUtils,setIntersect,19,5,2,419,0,org.lenskit.util.collections.LongUtils,org.lenskit.util.collections.LongUtils
lenskit_lenskit,org.lenskit.util.collections,LongUtils,setIntersect,31,5,2,444,0,,
lenskit_lenskit,org.lenskit.util.collections,LongUtils,randomSubset,3,1,3,484,0,org.lenskit.util.collections.LongUtils,org.lenskit.util.collections.LongUtils
lenskit_lenskit,org.lenskit.util.collections,LongUtils,randomSubset,30,6,4,499,0,org.lenskit.util.collections.LongUtils,org.lenskit.util.collections.LongUtils
lenskit_lenskit,org.lenskit.util.collections,LongUtils,mapCollector,3,1,2,543,0,,
lenskit_lenskit,org.lenskit.util.collections,CompactableLongArrayList,CompactableLongArrayList,3,1,0,52,0,,
lenskit_lenskit,org.lenskit.util.collections,CompactableLongArrayList,CompactableLongArrayList,3,1,1,56,0,,
lenskit_lenskit,org.lenskit.util.collections,CompactableLongArrayList,CompactableLongArrayList,4,1,1,60,0,org.lenskit.util.collections.CompactableLongArrayList,org.lenskit.util.collections.CompactableLongArrayList
lenskit_lenskit,org.lenskit.util.collections,CompactableLongArrayList,CompactableLongArrayList,3,1,1,65,0,,
lenskit_lenskit,org.lenskit.util.collections,CompactableLongArrayList,activeImpl,10,2,0,69,0,,
lenskit_lenskit,org.lenskit.util.collections,CompactableLongArrayList,decompact,9,2,0,79,0,,
lenskit_lenskit,org.lenskit.util.collections,CompactableLongArrayList,ensureCanInsert,5,2,1,89,0,org.lenskit.util.collections.CompactableLongArrayList,org.lenskit.util.collections.CompactableLongArrayList
lenskit_lenskit,org.lenskit.util.collections,CompactableLongArrayList,trim,26,6,0,95,0,,
lenskit_lenskit,org.lenskit.util.collections,CompactableLongArrayList,size,3,1,0,120,0,org.lenskit.util.collections.CompactableLongArrayList,org.lenskit.util.collections.CompactableLongArrayList
lenskit_lenskit,org.lenskit.util.collections,CompactableLongArrayList,isEmpty,3,1,0,125,0,org.lenskit.util.collections.CompactableLongArrayList,org.lenskit.util.collections.CompactableLongArrayList
lenskit_lenskit,org.lenskit.util.collections,CompactableLongArrayList,getLong,9,2,1,130,0,,
lenskit_lenskit,org.lenskit.util.collections,CompactableLongArrayList,iterator,8,2,0,140,0,,
lenskit_lenskit,org.lenskit.util.collections,CompactableLongArrayList,listIterator,8,2,0,150,0,,
lenskit_lenskit,org.lenskit.util.collections,CompactableLongArrayList,listIterator,8,2,1,160,0,,
lenskit_lenskit,org.lenskit.util.collections,CompactableLongArrayList,add,10,2,2,170,0,org.lenskit.util.collections.CompactableLongArrayList,org.lenskit.util.collections.CompactableLongArrayList
lenskit_lenskit,org.lenskit.util.collections,CompactableLongArrayList,add,10,2,1,181,0,org.lenskit.util.collections.CompactableLongArrayList,org.lenskit.util.collections.CompactableLongArrayList
lenskit_lenskit,org.lenskit.util.collections,CompactableLongArrayList,addAll,8,2,2,192,0,,
lenskit_lenskit,org.lenskit.util.collections,CompactableLongArrayList,addAll,8,2,1,201,0,,
lenskit_lenskit,org.lenskit.util.collections,CompactableLongArrayList,set,10,2,2,210,0,org.lenskit.util.collections.CompactableLongArrayList,org.lenskit.util.collections.CompactableLongArrayList
lenskit_lenskit,org.lenskit.util.collections,CompactableLongArrayList,removeLong,9,2,1,221,0,,
lenskit_lenskit,org.lenskit.util.collections,CompactableLongArrayList,subList,8,2,2,231,0,,
lenskit_lenskit,org.lenskit.util.collections,CompactableLongArrayList,writeReplace,8,2,0,241,0,,
lenskit_lenskit,org.lenskit.util.collections,CompactableLongArrayList,readObject,3,1,1,251,0,,
lenskit_lenskit,org.lenskit.util.collections,Long2DoubleMapWrapper,Long2DoubleMapWrapper,3,1,1,53,0,,
lenskit_lenskit,org.lenskit.util.collections,Long2DoubleMapWrapper,get,9,2,1,57,0,org.lenskit.util.collections.Long2DoubleMapWrapper,org.lenskit.util.collections.Long2DoubleMapWrapper
lenskit_lenskit,org.lenskit.util.collections,Long2DoubleMapWrapper,put,4,1,2,67,0,org.lenskit.util.collections.Long2DoubleMapWrapper,org.lenskit.util.collections.Long2DoubleMapWrapper
lenskit_lenskit,org.lenskit.util.collections,Long2DoubleMapWrapper,put,3,1,2,73,0,,
lenskit_lenskit,org.lenskit.util.collections,Long2DoubleMapWrapper,size,3,1,0,78,0,,
lenskit_lenskit,org.lenskit.util.collections,Long2DoubleMapWrapper,remove,9,2,1,83,0,org.lenskit.util.collections.Long2DoubleMapWrapper,org.lenskit.util.collections.Long2DoubleMapWrapper
lenskit_lenskit,org.lenskit.util.collections,Long2DoubleMapWrapper,containsKey,3,1,1,93,0,,
lenskit_lenskit,org.lenskit.util.collections,Long2DoubleMapWrapper,defaultReturnValue,3,1,1,98,0,,
lenskit_lenskit,org.lenskit.util.collections,Long2DoubleMapWrapper,defaultReturnValue,3,1,0,103,0,,
lenskit_lenskit,org.lenskit.util.collections,Long2DoubleMapWrapper,get,3,1,1,108,0,,
lenskit_lenskit,org.lenskit.util.collections,Long2DoubleMapWrapper,containsKey,3,1,1,113,0,,
lenskit_lenskit,org.lenskit.util.collections,Long2DoubleMapWrapper,remove,3,1,1,118,0,,
lenskit_lenskit,org.lenskit.util.collections,Long2DoubleMapWrapper,clear,3,1,0,123,0,,
lenskit_lenskit,org.lenskit.util.collections,Long2DoubleMapWrapper,entrySet,3,1,0,128,0,,
lenskit_lenskit,org.lenskit.util.collections,Long2DoubleMapWrapper,long2DoubleEntrySet,20,2,0,133,0,,
lenskit_lenskit,org.lenskit.util.collections,Long2DoubleMapWrapper,iterator,12,2,0,136,0,,
lenskit_lenskit,org.lenskit.util.collections,Long2DoubleMapWrapper,apply,6,2,1,141,0,,
lenskit_lenskit,org.lenskit.util.collections,Long2DoubleMapWrapper,size,3,1,0,153,0,,
lenskit_lenskit,org.lenskit.util.collections,Long2DoubleMapWrapper,keySet,3,1,0,160,0,,
lenskit_lenskit,org.lenskit.util.collections,Long2DoubleMapWrapper,values,11,1,0,165,0,,
lenskit_lenskit,org.lenskit.util.collections,Long2DoubleMapWrapper,iterator,3,1,0,168,0,,
lenskit_lenskit,org.lenskit.util.collections,Long2DoubleMapWrapper,size,3,1,0,173,0,,
lenskit_lenskit,org.lenskit.util.collections,Long2DoubleMapWrapper,containsValue,3,1,1,180,0,,
lenskit_lenskit,org.lenskit.util.collections,Long2DoubleMapWrapper,isEmpty,3,1,0,185,0,,
lenskit_lenskit,org.lenskit.util.collections,Long2DoubleMapWrapper,containsValue,3,1,1,190,0,,
lenskit_lenskit,org.lenskit.util.collections,Long2DoubleMapWrapper,putAll,3,1,1,195,0,,
lenskit_lenskit,org.lenskit.util.collections,UnlimitedLong2DoubleAccumulator,UnlimitedLong2DoubleAccumulator,2,1,0,36,0,,
lenskit_lenskit,org.lenskit.util.collections,UnlimitedLong2DoubleAccumulator,isEmpty,3,1,0,38,0,,
lenskit_lenskit,org.lenskit.util.collections,UnlimitedLong2DoubleAccumulator,size,3,1,0,43,0,,
lenskit_lenskit,org.lenskit.util.collections,UnlimitedLong2DoubleAccumulator,put,6,2,2,48,0,,
lenskit_lenskit,org.lenskit.util.collections,UnlimitedLong2DoubleAccumulator,finishMap,8,2,0,56,0,,
lenskit_lenskit,org.lenskit.util.collections,UnlimitedLong2DoubleAccumulator,finishSet,8,2,0,66,0,,
lenskit_lenskit,org.lenskit.util.collections,UnlimitedLong2DoubleAccumulator,finishList,14,2,0,77,0,,
lenskit_lenskit,org.lenskit.util.collections,UnlimitedLong2DoubleAccumulator,compare,3,1,2,85,0,,
lenskit_lenskit,org.lenskit.util.collections,FlyweightLong2DoubleMap,FlyweightLong2DoubleMap,4,1,2,43,0,,
lenskit_lenskit,org.lenskit.util.collections,FlyweightLong2DoubleMap,size,3,1,0,48,0,,
lenskit_lenskit,org.lenskit.util.collections,FlyweightLong2DoubleMap,long2DoubleEntrySet,3,1,0,53,0,,
lenskit_lenskit,org.lenskit.util.collections,FlyweightLong2DoubleMap,keySet,3,1,0,58,0,,
lenskit_lenskit,org.lenskit.util.collections,FlyweightLong2DoubleMap,containsKey,3,1,1,63,0,,
lenskit_lenskit,org.lenskit.util.collections,FlyweightLong2DoubleMap,get,3,1,1,68,0,org.lenskit.util.collections.FlyweightLong2DoubleMap,org.lenskit.util.collections.FlyweightLong2DoubleMap
lenskit_lenskit,org.lenskit.util.collections,FlyweightLong2DoubleMap,getOrDefault,8,2,2,73,0,,
lenskit_lenskit,org.lenskit.util.collections,LongCollectionWrapper,LongCollectionWrapper,3,1,1,41,0,,
lenskit_lenskit,org.lenskit.util.collections,LongCollectionWrapper,size,3,1,0,45,0,,
lenskit_lenskit,org.lenskit.util.collections,LongCollectionWrapper,contains,3,1,1,50,0,,
lenskit_lenskit,org.lenskit.util.collections,LongCollectionWrapper,iterator,3,1,0,55,0,,
lenskit_lenskit,org.lenskit.util.collections,LongCollectionWrapper,add,3,1,1,60,0,,
lenskit_lenskit,org.lenskit.util.collections,LongCollectionWrapper,addAll,3,1,1,65,0,,
lenskit_lenskit,org.lenskit.util.collections,LongCollectionWrapper,clear,3,1,0,70,0,,
lenskit_lenskit,org.lenskit.util.collections,LongCollectionWrapper,contains,3,1,1,75,0,,
lenskit_lenskit,org.lenskit.util.collections,LongCollectionWrapper,containsAll,3,1,1,80,0,,
lenskit_lenskit,org.lenskit.util.collections,LongCollectionWrapper,isEmpty,3,1,0,85,0,,
lenskit_lenskit,org.lenskit.util.collections,LongCollectionWrapper,remove,3,1,1,90,0,,
lenskit_lenskit,org.lenskit.util.collections,LongCollectionWrapper,removeAll,3,1,1,95,0,,
lenskit_lenskit,org.lenskit.util.collections,LongCollectionWrapper,retainAll,3,1,1,100,0,,
lenskit_lenskit,org.lenskit.util.collections,LongCollectionWrapper,toArray,3,1,0,105,0,,
lenskit_lenskit,org.lenskit.util.collections,LongCollectionWrapper,toArray,3,1,1,110,0,,
lenskit_lenskit,org.lenskit.util.collections,LongCollectionWrapper,toLongArray,5,1,0,115,0,org.lenskit.util.collections.LongCollectionWrapper,org.lenskit.util.collections.LongCollectionWrapper
lenskit_lenskit,org.lenskit.util.collections,LongCollectionWrapper,toLongArray,11,3,1,122,0,org.lenskit.util.collections.LongCollectionWrapper,org.lenskit.util.collections.LongCollectionWrapper
lenskit_lenskit,org.lenskit.util.collections,LongCollectionWrapper,toArray,3,1,1,135,0,org.lenskit.util.collections.LongCollectionWrapper,org.lenskit.util.collections.LongCollectionWrapper
lenskit_lenskit,org.lenskit.util.collections,LongCollectionWrapper,add,3,1,1,140,0,,
lenskit_lenskit,org.lenskit.util.collections,LongCollectionWrapper,rem,3,1,1,145,0,,
lenskit_lenskit,org.lenskit.util.collections,LongCollectionWrapper,addAll,3,1,1,150,0,,
lenskit_lenskit,org.lenskit.util.collections,LongCollectionWrapper,containsAll,3,1,1,155,0,,
lenskit_lenskit,org.lenskit.util.collections,LongCollectionWrapper,removeAll,3,1,1,160,0,,
lenskit_lenskit,org.lenskit.util.collections,LongCollectionWrapper,retainAll,3,1,1,165,0,,
lenskit_lenskit,org.lenskit.util.collections,ObjectCollectionWrapper,ObjectCollectionWrapper,3,1,1,44,0,,
lenskit_lenskit,org.lenskit.util.collections,ObjectCollectionWrapper,iterator,3,1,0,48,0,,
lenskit_lenskit,org.lenskit.util.collections,ObjectCollectionWrapper,toArray,9,2,1,53,0,org.lenskit.util.collections.ObjectCollectionWrapper,org.lenskit.util.collections.ObjectCollectionWrapper
lenskit_lenskit,org.lenskit.util.collections,ObjectCollectionWrapper,size,3,1,0,63,0,,
lenskit_lenskit,org.lenskit.util.collections,ObjectCollectionWrapper,isEmpty,3,1,0,68,0,,
lenskit_lenskit,org.lenskit.util.collections,ObjectCollectionWrapper,contains,3,1,1,73,0,,
lenskit_lenskit,org.lenskit.util.collections,ObjectCollectionWrapper,toArray,3,1,0,78,0,,
lenskit_lenskit,org.lenskit.util.collections,ObjectCollectionWrapper,add,3,1,1,83,0,,
lenskit_lenskit,org.lenskit.util.collections,ObjectCollectionWrapper,remove,3,1,1,88,0,,
lenskit_lenskit,org.lenskit.util.collections,ObjectCollectionWrapper,containsAll,3,1,1,93,0,,
lenskit_lenskit,org.lenskit.util.collections,ObjectCollectionWrapper,addAll,3,1,1,98,0,,
lenskit_lenskit,org.lenskit.util.collections,ObjectCollectionWrapper,removeAll,3,1,1,103,0,,
lenskit_lenskit,org.lenskit.util.collections,ObjectCollectionWrapper,retainAll,3,1,1,108,0,,
lenskit_lenskit,org.lenskit.util.collections,ObjectCollectionWrapper,clear,3,1,0,113,0,,
lenskit_lenskit,org.lenskit.util.collections,ObjectCollectionWrapper,toString,3,1,0,118,0,,
lenskit_lenskit,org.lenskit.util.collections,LongSetWrapper,LongSetWrapper,3,1,1,35,0,,
lenskit_lenskit,org.lenskit.util.collections,LongSetWrapper,remove,3,1,1,39,0,,
lenskit_lenskit,org.lenskit.util.collections,LongSetWrapper,equals,3,1,1,44,0,,
lenskit_lenskit,org.lenskit.util.collections,LongSetWrapper,hashCode,3,1,0,49,0,,
lenskit_lenskit,org.lenskit.util.collections,LongListWrapper,LongListWrapper,3,1,1,41,0,,
lenskit_lenskit,org.lenskit.util.collections,LongListWrapper,size,3,1,0,45,0,,
lenskit_lenskit,org.lenskit.util.collections,LongListWrapper,contains,3,1,1,50,0,,
lenskit_lenskit,org.lenskit.util.collections,LongListWrapper,add,3,1,1,55,0,,
lenskit_lenskit,org.lenskit.util.collections,LongListWrapper,addAll,3,1,1,60,0,,
lenskit_lenskit,org.lenskit.util.collections,LongListWrapper,clear,3,1,0,65,0,,
lenskit_lenskit,org.lenskit.util.collections,LongListWrapper,contains,3,1,1,70,0,,
lenskit_lenskit,org.lenskit.util.collections,LongListWrapper,containsAll,3,1,1,75,0,,
lenskit_lenskit,org.lenskit.util.collections,LongListWrapper,isEmpty,3,1,0,80,0,,
lenskit_lenskit,org.lenskit.util.collections,LongListWrapper,remove,3,1,1,85,0,,
lenskit_lenskit,org.lenskit.util.collections,LongListWrapper,removeAll,3,1,1,90,0,,
lenskit_lenskit,org.lenskit.util.collections,LongListWrapper,retainAll,3,1,1,95,0,,
lenskit_lenskit,org.lenskit.util.collections,LongListWrapper,toArray,3,1,0,100,0,,
lenskit_lenskit,org.lenskit.util.collections,LongListWrapper,toArray,3,1,1,105,0,,
lenskit_lenskit,org.lenskit.util.collections,LongListWrapper,toLongArray,5,1,0,110,0,org.lenskit.util.collections.LongListWrapper,org.lenskit.util.collections.LongListWrapper
lenskit_lenskit,org.lenskit.util.collections,LongListWrapper,toLongArray,11,3,1,117,0,org.lenskit.util.collections.LongListWrapper,org.lenskit.util.collections.LongListWrapper
lenskit_lenskit,org.lenskit.util.collections,LongListWrapper,toArray,3,1,1,130,0,org.lenskit.util.collections.LongListWrapper,org.lenskit.util.collections.LongListWrapper
lenskit_lenskit,org.lenskit.util.collections,LongListWrapper,add,3,1,1,135,0,,
lenskit_lenskit,org.lenskit.util.collections,LongListWrapper,rem,3,1,1,140,0,,
lenskit_lenskit,org.lenskit.util.collections,LongListWrapper,addAll,3,1,1,145,0,,
lenskit_lenskit,org.lenskit.util.collections,LongListWrapper,containsAll,3,1,1,150,0,,
lenskit_lenskit,org.lenskit.util.collections,LongListWrapper,removeAll,3,1,1,155,0,,
lenskit_lenskit,org.lenskit.util.collections,LongListWrapper,retainAll,3,1,1,160,0,,
lenskit_lenskit,org.lenskit.util.collections,LongListWrapper,listIterator,3,1,0,165,0,,
lenskit_lenskit,org.lenskit.util.collections,LongListWrapper,listIterator,3,1,1,170,0,,
lenskit_lenskit,org.lenskit.util.collections,LongListWrapper,subList,3,1,2,175,0,,
lenskit_lenskit,org.lenskit.util.collections,LongListWrapper,getLong,3,1,1,180,0,,
lenskit_lenskit,org.lenskit.util.collections,LongListWrapper,indexOf,3,1,1,185,0,,
lenskit_lenskit,org.lenskit.util.collections,LongListWrapper,lastIndexOf,3,1,1,190,0,,
lenskit_lenskit,org.lenskit.util.collections,LongListWrapper,removeLong,3,1,1,195,0,,
lenskit_lenskit,org.lenskit.util.collections,LongListWrapper,set,9,2,2,200,0,,
lenskit_lenskit,org.lenskit.util.collections,LongListWrapper,addAll,3,1,2,210,0,,
lenskit_lenskit,org.lenskit.util.collections,LongListWrapper,get,3,1,1,215,0,,
lenskit_lenskit,org.lenskit.util.collections,LongListWrapper,set,3,1,2,220,0,,
lenskit_lenskit,org.lenskit.util.collections,LongListWrapper,add,3,1,2,225,0,,
lenskit_lenskit,org.lenskit.util.collections,LongListWrapper,remove,3,1,1,230,0,,
lenskit_lenskit,org.lenskit.util.collections,LongListWrapper,indexOf,3,1,1,235,0,,
lenskit_lenskit,org.lenskit.util.collections,LongListWrapper,lastIndexOf,3,1,1,240,0,,
lenskit_lenskit,org.lenskit.util.collections,SortedListAccumulator,decreasing,8,2,1,39,0,,
lenskit_lenskit,org.lenskit.util.collections,SortedListAccumulator,decreasing,8,2,2,52,0,,
lenskit_lenskit,org.lenskit.util.collections,SortedListAccumulator,SortedListAccumulator,2,1,0,66,0,,
lenskit_lenskit,org.lenskit.util.collections,SortedListAccumulator,add,0,1,1,68,0,,
lenskit_lenskit,org.lenskit.util.collections,SortedListAccumulator,finish,0,1,0,74,0,,
lenskit_lenskit,org.lenskit.util.collections,RepeatedList,RepeatedList,4,1,2,39,0,,
lenskit_lenskit,org.lenskit.util.collections,RepeatedList,get,8,2,1,49,0,,
lenskit_lenskit,org.lenskit.util.collections,RepeatedList,size,3,1,0,58,0,,
lenskit_lenskit,org.lenskit.util.collections,CollectionUtils,CollectionUtils,2,1,0,45,0,,
lenskit_lenskit,org.lenskit.util.collections,CollectionUtils,objectCollection,8,2,1,48,0,,
lenskit_lenskit,org.lenskit.util.collections,CollectionUtils,repeat,3,1,2,63,0,,
lenskit_lenskit,org.lenskit.util.collections,CollectionUtils,interval,4,1,2,75,0,,
lenskit_lenskit,org.lenskit.util.collections,Long2DoubleAccumulator,isEmpty,0,1,0,36,0,,
lenskit_lenskit,org.lenskit.util.collections,Long2DoubleAccumulator,size,0,1,0,43,0,,
lenskit_lenskit,org.lenskit.util.collections,Long2DoubleAccumulator,put,0,1,2,51,0,,
lenskit_lenskit,org.lenskit.util.collections,Long2DoubleAccumulator,putAll,5,2,1,61,0,org.lenskit.util.collections.Long2DoubleAccumulator,org.lenskit.util.collections.Long2DoubleAccumulator
lenskit_lenskit,org.lenskit.util.collections,Long2DoubleAccumulator,finishMap,0,1,0,71,0,,
lenskit_lenskit,org.lenskit.util.collections,Long2DoubleAccumulator,finishSet,0,1,0,80,0,,
lenskit_lenskit,org.lenskit.util.collections,Long2DoubleAccumulator,finishList,0,1,0,86,0,,
lenskit_lenskit,org.lenskit.util.collections,FlyweightLong2DoubleMapTest,testEmptyMap,7,1,0,42,1,,
lenskit_lenskit,org.lenskit.util.collections,FlyweightLong2DoubleMapTest,testSingletonMap,10,1,0,52,1,,
lenskit_lenskit,org.lenskit.util.collections,FlyweightLong2DoubleMapTest,testMapSomeStuff,10,3,0,65,1,,
lenskit_lenskit,org.lenskit.util.collections,SortedListAccumulatorTest,testEmptyLimitedAccum,4,1,0,36,1,,
lenskit_lenskit,org.lenskit.util.collections,SortedListAccumulatorTest,testLimitedAddOne,7,1,0,42,1,,
lenskit_lenskit,org.lenskit.util.collections,SortedListAccumulatorTest,testLimitedAddThree,9,1,0,51,1,,
lenskit_lenskit,org.lenskit.util.collections,SortedListAccumulatorTest,testLimitedAddThreeLimit2,9,1,0,62,1,,
lenskit_lenskit,org.lenskit.util.collections,SortedListAccumulatorTest,testEmptyUnlimitedAccum,4,1,0,73,1,,
lenskit_lenskit,org.lenskit.util.collections,SortedListAccumulatorTest,testUnlimitedAddOne,7,1,0,79,1,,
lenskit_lenskit,org.lenskit.util.collections,SortedListAccumulatorTest,testUnlimitedAddThree,9,1,0,88,1,,
lenskit_lenskit,org.lenskit.util.collections,LongUtilsTest,testEmptyRanks,3,1,0,41,1,,
lenskit_lenskit,org.lenskit.util.collections,LongUtilsTest,testSingletonRanks,5,1,0,47,1,,
lenskit_lenskit,org.lenskit.util.collections,LongUtilsTest,testTwoItemRanks,6,1,0,54,1,,
lenskit_lenskit,org.lenskit.util.collections,LongUtilsTest,testThreeItemRanks,7,1,0,62,1,,
lenskit_lenskit,org.lenskit.util.collections,LongUtilsTest,testUnionSizeEmptySS,3,1,0,71,1,,
lenskit_lenskit,org.lenskit.util.collections,LongUtilsTest,testUnionSizeEmptyLSAS,4,1,0,77,1,,
lenskit_lenskit,org.lenskit.util.collections,LongUtilsTest,testUnionSizeSame,4,1,0,84,1,,
lenskit_lenskit,org.lenskit.util.collections,LongUtilsTest,testUnionSizeCompatLSAS,4,1,0,90,1,,
lenskit_lenskit,org.lenskit.util.collections,LongUtilsTest,testUnionSizeDistinctEqual,5,1,0,96,1,,
lenskit_lenskit,org.lenskit.util.collections,LongUtilsTest,testUnionSizeNoOverlap,5,1,0,103,1,,
lenskit_lenskit,org.lenskit.util.collections,LongUtilsTest,testUnionSizeInterleaved,5,1,0,110,1,,
lenskit_lenskit,org.lenskit.util.collections,LongUtilsTest,testUnionSizeCommon,5,1,0,117,1,,
lenskit_lenskit,org.lenskit.util.collections,LongUtilsTest,testSetUnionEmptySS,3,1,0,124,1,,
lenskit_lenskit,org.lenskit.util.collections,LongUtilsTest,testSetUnionEmptyLSAS,4,1,0,130,1,,
lenskit_lenskit,org.lenskit.util.collections,LongUtilsTest,testSetUnionSame,4,1,0,137,1,,
lenskit_lenskit,org.lenskit.util.collections,LongUtilsTest,testSetUnionCompatLSAS,4,1,0,143,1,,
lenskit_lenskit,org.lenskit.util.collections,LongUtilsTest,testSetUnionDistinctEqual,5,1,0,150,1,,
lenskit_lenskit,org.lenskit.util.collections,LongUtilsTest,testSetUnionNoOverlap,5,1,0,158,1,,
lenskit_lenskit,org.lenskit.util.collections,LongUtilsTest,testSetUnionInterleaved,5,1,0,166,1,,
lenskit_lenskit,org.lenskit.util.collections,LongUtilsTest,testSetUnionCommon,5,1,0,174,1,,
lenskit_lenskit,org.lenskit.util.collections,LongUtilsTest,testSetUnionIncludeMaxLong,5,1,0,182,0,,
lenskit_lenskit,org.lenskit.util.collections,LongUtilsTest,testSetUnionIncludeMaxLongSetB,5,1,0,190,0,,
lenskit_lenskit,org.lenskit.util.collections,LongUtilsTest,testIntersectSizeEmpty,3,1,0,198,1,,
lenskit_lenskit,org.lenskit.util.collections,LongUtilsTest,testIntersectSizeSingleton,3,1,0,204,1,,
lenskit_lenskit,org.lenskit.util.collections,LongUtilsTest,testIntersectSizeDisjoint,4,1,0,211,1,,
lenskit_lenskit,org.lenskit.util.collections,LongUtilsTest,testIntersectSizePackedSets,3,1,0,221,1,,
lenskit_lenskit,org.lenskit.util.collections,LongUtilsTest,testHasNCommonSingleton,6,1,0,228,1,,
lenskit_lenskit,org.lenskit.util.collections,LongUtilsTest,testHasNCommonPackedSets,5,1,0,248,1,,
lenskit_lenskit,org.lenskit.util.collections,LongUtilsTest,testFrozenMap,4,1,0,264,1,,
lenskit_lenskit,org.lenskit.util.collections,RepeatedListTest,testEmpty,22,1,0,37,1,,
lenskit_lenskit,org.lenskit.util.collections,RepeatedListTest,testSingle,11,1,0,56,1,,
lenskit_lenskit,org.lenskit.util.collections,IntIntervalListTest,testEmptyList,6,1,0,39,1,,
lenskit_lenskit,org.lenskit.util.collections,IntIntervalListTest,testEmptyRange,6,1,0,47,1,,
lenskit_lenskit,org.lenskit.util.collections,IntIntervalListTest,testSimpleListAccess,19,1,0,55,1,,
lenskit_lenskit,org.lenskit.util.collections,IntIntervalListTest,testSimpleIntervalAccess,19,1,0,76,1,,
lenskit_lenskit,org.lenskit.util.collections,IntIntervalListTest,testBroaderInterval,14,2,0,97,1,,
lenskit_lenskit,org.lenskit.util.collections,CompactableLongArrayListTest,testEmptyList,5,1,0,41,1,,
lenskit_lenskit,org.lenskit.util.collections,CompactableLongArrayListTest,testSingleton,7,1,0,48,1,,
lenskit_lenskit,org.lenskit.util.collections,CompactableLongArrayListTest,testSingletonLong,8,1,0,57,1,,
lenskit_lenskit,org.lenskit.util.collections,CompactableLongArrayListTest,testSingletonNegativeLong,8,1,0,67,1,,
lenskit_lenskit,org.lenskit.util.collections,CompactableLongArrayListTest,testAddTwo,8,1,0,77,1,,
lenskit_lenskit,org.lenskit.util.collections,CompactableLongArrayListTest,testAddAndPrepend,8,1,0,87,1,,
lenskit_lenskit,org.lenskit.util.collections,CompactableLongArrayListTest,testAddAndPrependUpgrade,10,1,0,97,1,,
lenskit_lenskit,org.lenskit.util.collections,CompactableLongArrayListTest,testSetReplace,10,1,0,109,1,,
lenskit_lenskit,org.lenskit.util.collections,CompactableLongArrayListTest,testSetUpgrade,10,1,0,121,1,,
lenskit_lenskit,org.lenskit.util.collections,CompactableLongArrayListTest,testSerializeCompact,8,1,0,133,1,,
lenskit_lenskit,org.lenskit.util.collections,CompactableLongArrayListTest,testSerializeFull,8,1,0,144,1,,
lenskit_lenskit,org.lenskit.util.collections,CompactableLongArrayListTest,testTrimCompact,10,1,0,155,1,,
lenskit_lenskit,org.lenskit.util.collections,TopNLong2DoubleAccumulatorTest,createAccumulator,3,1,0,41,0,,
lenskit_lenskit,org.lenskit.util.collections,TopNLong2DoubleAccumulatorTest,testEmpty,4,1,0,46,1,,
lenskit_lenskit,org.lenskit.util.collections,TopNLong2DoubleAccumulatorTest,testAccumMap,10,1,0,52,1,,
lenskit_lenskit,org.lenskit.util.collections,TopNLong2DoubleAccumulatorTest,testAccumMapLimit,12,1,0,64,1,,
lenskit_lenskit,org.lenskit.util.collections,TopNLong2DoubleAccumulatorTest,testAccumList,7,1,0,78,1,,
lenskit_lenskit,org.lenskit.util.collections,UnlimitedLong2DoubleAccumulatorTest,createAccumulator,3,1,0,43,0,,
lenskit_lenskit,org.lenskit.util.collections,UnlimitedLong2DoubleAccumulatorTest,testEmpty,4,1,0,48,1,,
lenskit_lenskit,org.lenskit.util.collections,UnlimitedLong2DoubleAccumulatorTest,testAccumList,7,1,0,54,1,,
lenskit_lenskit,org.lenskit.inject,NodeProcessor,processNode,0,1,2,41,0,,
lenskit_lenskit,org.lenskit.inject,InstantiatingNodeProcessor,InstantiatingNodeProcessor,3,1,1,48,0,,
lenskit_lenskit,org.lenskit.inject,InstantiatingNodeProcessor,processNode,23,5,2,52,0,,
lenskit_lenskit,org.lenskit.inject,NodeInstantiator,create,3,1,0,44,0,,
lenskit_lenskit,org.lenskit.inject,NodeInstantiator,create,3,1,1,52,0,,
lenskit_lenskit,org.lenskit.inject,NodeInstantiator,instantiate,0,1,1,61,0,,
lenskit_lenskit,org.lenskit.inject,NodeInstantiator,apply,9,1,1,69,0,org.lenskit.inject.NodeInstantiator,org.lenskit.inject.NodeInstantiator
lenskit_lenskit,org.lenskit.inject,RecommenderInstantiator,create,3,1,1,51,0,,
lenskit_lenskit,org.lenskit.inject,RecommenderInstantiator,forConfig,3,1,1,55,0,org.lenskit.inject.RecommenderInstantiator,org.lenskit.inject.RecommenderInstantiator
lenskit_lenskit,org.lenskit.inject,RecommenderInstantiator,RecommenderInstantiator,3,1,1,60,0,,
lenskit_lenskit,org.lenskit.inject,RecommenderInstantiator,getGraph,3,1,0,64,0,,
lenskit_lenskit,org.lenskit.inject,RecommenderInstantiator,instantiate,9,1,0,74,0,org.lenskit.inject.RecommenderInstantiator,org.lenskit.inject.RecommenderInstantiator
lenskit_lenskit,org.lenskit.inject,RecommenderInstantiator,simulate,8,1,0,93,0,org.lenskit.inject.RecommenderInstantiator,org.lenskit.inject.RecommenderInstantiator
lenskit_lenskit,org.lenskit.inject,RecommenderInstantiator,replaceShareableNodes,8,1,1,105,0,,
lenskit_lenskit,org.lenskit.inject,ContextWrapper,ContextWrapper,3,1,1,44,0,,
lenskit_lenskit,org.lenskit.inject,ContextWrapper,bind,3,1,1,52,0,,
lenskit_lenskit,org.lenskit.inject,ContextWrapper,within,3,1,1,57,0,,
lenskit_lenskit,org.lenskit.inject,ContextWrapper,within,3,1,2,62,0,,
lenskit_lenskit,org.lenskit.inject,ContextWrapper,within,3,1,2,67,0,,
lenskit_lenskit,org.lenskit.inject,ContextWrapper,matching,3,1,1,72,0,,
lenskit_lenskit,org.lenskit.inject,ContextWrapper,at,3,1,1,77,0,,
lenskit_lenskit,org.lenskit.inject,ContextWrapper,at,3,1,2,82,0,,
lenskit_lenskit,org.lenskit.inject,ContextWrapper,at,3,1,2,87,0,,
lenskit_lenskit,org.lenskit.inject,SimulationNodeProcessor,processNode,19,4,2,46,0,,
lenskit_lenskit,org.lenskit.inject,PlaceholderSatisfaction,PlaceholderSatisfaction,3,1,1,56,0,,
lenskit_lenskit,org.lenskit.inject,PlaceholderSatisfaction,writeReplace,3,1,0,60,0,,
lenskit_lenskit,org.lenskit.inject,PlaceholderSatisfaction,getDependencies,3,1,0,64,0,,
lenskit_lenskit,org.lenskit.inject,PlaceholderSatisfaction,getType,3,1,0,69,0,,
lenskit_lenskit,org.lenskit.inject,PlaceholderSatisfaction,getErasedType,3,1,0,74,0,,
lenskit_lenskit,org.lenskit.inject,PlaceholderSatisfaction,hasInstance,3,1,0,79,0,,
lenskit_lenskit,org.lenskit.inject,PlaceholderSatisfaction,visit,3,1,1,84,0,,
lenskit_lenskit,org.lenskit.inject,PlaceholderSatisfaction,getDefaultCachePolicy,3,1,0,89,0,,
lenskit_lenskit,org.lenskit.inject,PlaceholderSatisfaction,makeInstantiator,3,1,2,94,0,,
lenskit_lenskit,org.lenskit.inject,PlaceholderSatisfaction,equals,9,4,1,99,0,,
lenskit_lenskit,org.lenskit.inject,PlaceholderSatisfaction,hashCode,3,1,0,113,0,,
lenskit_lenskit,org.lenskit.inject,PlaceholderSatisfaction,toString,3,1,0,118,0,,
lenskit_lenskit,org.lenskit.inject,RecommenderGraphBuilder,setClassLoader,3,1,1,52,0,,
lenskit_lenskit,org.lenskit.inject,RecommenderGraphBuilder,addBindings,4,1,1,56,0,,
lenskit_lenskit,org.lenskit.inject,RecommenderGraphBuilder,addRoots,4,1,1,69,0,,
lenskit_lenskit,org.lenskit.inject,RecommenderGraphBuilder,addConfiguration,5,1,1,79,0,org.lenskit.inject.RecommenderGraphBuilder,org.lenskit.inject.RecommenderGraphBuilder
lenskit_lenskit,org.lenskit.inject,RecommenderGraphBuilder,buildDependencySolver,3,1,0,90,0,org.lenskit.inject.RecommenderGraphBuilder,org.lenskit.inject.RecommenderGraphBuilder
lenskit_lenskit,org.lenskit.inject,RecommenderGraphBuilder,buildDependencyUnsolver,3,1,0,99,0,org.lenskit.inject.RecommenderGraphBuilder,org.lenskit.inject.RecommenderGraphBuilder
lenskit_lenskit,org.lenskit.inject,RecommenderGraphBuilder,buildDependencySolverImpl,12,2,1,108,0,,
lenskit_lenskit,org.lenskit.inject,RecommenderGraphBuilder,buildGraph,7,2,0,122,0,org.lenskit.inject.RecommenderGraphBuilder,org.lenskit.inject.RecommenderGraphBuilder
lenskit_lenskit,org.lenskit.inject,RecommenderGraphBuilder,transform,3,1,1,133,0,,
lenskit_lenskit,org.lenskit.inject,RecommenderGraphBuilder,transform,17,3,1,139,0,,
lenskit_lenskit,org.lenskit.inject,RecommenderGraphBuilder,transform,0,1,1,160,0,,
lenskit_lenskit,org.lenskit.inject,GraphtUtils,GraphtUtils,2,1,0,61,0,,
lenskit_lenskit,org.lenskit.inject,GraphtUtils,checkForPlaceholders,19,5,2,64,0,org.lenskit.inject.GraphtUtils,org.lenskit.inject.GraphtUtils
lenskit_lenskit,org.lenskit.inject,GraphtUtils,getPlaceholderNodes,3,1,1,91,0,,
lenskit_lenskit,org.lenskit.inject,GraphtUtils,isShareable,45,6,1,104,0,,
lenskit_lenskit,org.lenskit.inject,GraphtUtils,visitDefault,4,1,0,138,0,,
lenskit_lenskit,org.lenskit.inject,GraphtUtils,visitProviderClass,14,2,1,144,0,,
lenskit_lenskit,org.lenskit.inject,GraphtUtils,visitProviderInstance,3,1,1,160,0,,
lenskit_lenskit,org.lenskit.inject,GraphtUtils,desireIsTransient,4,1,1,169,0,,
lenskit_lenskit,org.lenskit.inject,GraphtUtils,edgeIsTransient,4,1,1,180,0,org.lenskit.inject.GraphtUtils,org.lenskit.inject.GraphtUtils
lenskit_lenskit,org.lenskit.inject,GraphtUtils,extractOrderKey,27,5,1,185,0,,
lenskit_lenskit,org.lenskit.inject,GraphtUtils,getShareableNodes,20,5,1,217,0,,
lenskit_lenskit,org.lenskit.inject,GraphtUtils,findSatisfyingNode,4,1,3,252,0,,
lenskit_lenskit,org.lenskit.inject,LenskitAnnotationProcessor,LenskitAnnotationProcessor,2,1,0,50,0,,
lenskit_lenskit,org.lenskit.inject,LenskitAnnotationProcessor,init,6,1,1,55,0,,
lenskit_lenskit,org.lenskit.inject,LenskitAnnotationProcessor,getSupportedSourceVersion,6,1,0,63,0,,
lenskit_lenskit,org.lenskit.inject,LenskitAnnotationProcessor,getLog,3,1,0,75,0,,
lenskit_lenskit,org.lenskit.inject,LenskitAnnotationProcessor,note,3,1,2,79,0,,
lenskit_lenskit,org.lenskit.inject,LenskitAnnotationProcessor,error,4,1,2,85,0,org.lenskit.inject.LenskitAnnotationProcessor,org.lenskit.inject.LenskitAnnotationProcessor
lenskit_lenskit,org.lenskit.inject,LenskitAnnotationProcessor,warning,9,2,3,90,0,org.lenskit.inject.LenskitAnnotationProcessor,org.lenskit.inject.LenskitAnnotationProcessor
lenskit_lenskit,org.lenskit.inject,LenskitAnnotationProcessor,process,5,1,2,99,0,org.lenskit.inject.LenskitAnnotationProcessor,org.lenskit.inject.LenskitAnnotationProcessor
lenskit_lenskit,org.lenskit.inject,LenskitAnnotationProcessor,checkShareableComponents,20,4,1,106,0,,
lenskit_lenskit,org.lenskit.inject,LenskitAnnotationProcessor,checkParameters,14,4,1,129,0,,
lenskit_lenskit,org.lenskit.inject,NodeProcessors,NodeProcessors,2,1,0,40,0,,
lenskit_lenskit,org.lenskit.inject,NodeProcessors,instantiate,3,1,0,43,0,org.lenskit.inject.NodeProcessors,org.lenskit.inject.NodeProcessors
lenskit_lenskit,org.lenskit.inject,NodeProcessors,instantiate,3,1,1,53,0,,
lenskit_lenskit,org.lenskit.inject,NodeProcessors,simulateInstantiation,3,1,0,64,0,,
lenskit_lenskit,org.lenskit.inject,NodeProcessors,processNodes,15,4,3,72,0,,
lenskit_lenskit,org.lenskit.inject,AbstractConfigContext,wrapContext,8,2,1,48,0,,
lenskit_lenskit,org.lenskit.inject,AbstractConfigContext,bind,3,1,2,62,0,,
lenskit_lenskit,org.lenskit.inject,AbstractConfigContext,bindAny,3,1,1,67,0,,
lenskit_lenskit,org.lenskit.inject,AbstractConfigContext,set,17,3,1,72,0,org.lenskit.inject.AbstractConfigContext,org.lenskit.inject.AbstractConfigContext
lenskit_lenskit,org.lenskit.inject,AbstractConfigContext,addComponent,3,1,1,93,0,org.lenskit.inject.AbstractConfigContext,org.lenskit.inject.AbstractConfigContext
lenskit_lenskit,org.lenskit.inject,AbstractConfigContext,addComponent,3,1,1,99,0,org.lenskit.inject.AbstractConfigContext,org.lenskit.inject.AbstractConfigContext
lenskit_lenskit,org.lenskit.inject,AbstractConfigContext,in,3,1,1,105,0,,
lenskit_lenskit,org.lenskit.inject,AbstractConfigContext,in,3,1,2,110,0,,
lenskit_lenskit,org.lenskit.inject,AbstractConfigContext,in,3,1,2,115,0,,
lenskit_lenskit,org.lenskit.inject,StaticInjector,StaticInjector,6,1,1,54,0,,
lenskit_lenskit,org.lenskit.inject,StaticInjector,getInstance,9,2,1,66,0,,
lenskit_lenskit,org.lenskit.inject,StaticInjector,tryGetInstance,3,1,2,76,0,,
lenskit_lenskit,org.lenskit.inject,StaticInjector,tryGetInstance,4,1,2,80,0,,
lenskit_lenskit,org.lenskit.inject,StaticInjector,tryGetInstance,16,3,1,85,0,,
lenskit_lenskit,org.lenskit.inject,StaticInjector,tryGetInstance,3,1,2,103,0,,
lenskit_lenskit,org.lenskit.inject,StaticInjector,getInstance,9,2,2,109,0,,
lenskit_lenskit,org.lenskit.inject,StaticInjector,close,4,1,0,119,0,,
lenskit_lenskit,org.lenskit.inject,StaticInjector,finalize,6,2,0,125,0,,
lenskit_lenskit,org.lenskit.inject,LenskitBindingImpl,LenskitBindingImpl,4,1,2,51,0,,
lenskit_lenskit,org.lenskit.inject,LenskitBindingImpl,wrap,3,1,1,56,0,,
lenskit_lenskit,org.lenskit.inject,LenskitBindingImpl,wrap,8,2,2,66,0,,
lenskit_lenskit,org.lenskit.inject,LenskitBindingImpl,withQualifier,3,1,1,90,0,,
lenskit_lenskit,org.lenskit.inject,LenskitBindingImpl,withQualifier,3,1,1,95,0,,
lenskit_lenskit,org.lenskit.inject,LenskitBindingImpl,withAnyQualifier,3,1,0,100,0,,
lenskit_lenskit,org.lenskit.inject,LenskitBindingImpl,unqualified,3,1,0,105,0,,
lenskit_lenskit,org.lenskit.inject,LenskitBindingImpl,exclude,3,1,1,110,0,,
lenskit_lenskit,org.lenskit.inject,LenskitBindingImpl,shared,3,1,0,115,0,,
lenskit_lenskit,org.lenskit.inject,LenskitBindingImpl,unshared,3,1,0,120,0,,
lenskit_lenskit,org.lenskit.inject,LenskitBindingImpl,fixed,3,1,0,125,0,,
lenskit_lenskit,org.lenskit.inject,LenskitBindingImpl,to,3,1,2,130,0,,
lenskit_lenskit,org.lenskit.inject,LenskitBindingImpl,to,3,1,1,135,0,,
lenskit_lenskit,org.lenskit.inject,LenskitBindingImpl,to,11,3,1,140,0,,
lenskit_lenskit,org.lenskit.inject,LenskitBindingImpl,toInstance,3,1,1,154,0,,
lenskit_lenskit,org.lenskit.inject,LenskitBindingImpl,toProvider,3,1,1,159,0,,
lenskit_lenskit,org.lenskit.inject,LenskitBindingImpl,toProvider,3,1,1,164,0,,
lenskit_lenskit,org.lenskit.inject,LenskitBindingImpl,toNull,3,1,0,169,0,,
lenskit_lenskit,org.lenskit.inject,LenskitBindingImpl,toNull,3,1,1,174,0,,
lenskit_lenskit,org.lenskit.inject,LenskitBindingImpl,toSatisfaction,3,1,1,179,0,,
lenskit_lenskit,org.lenskit.rerank,GreedyRerankStrategy,nextItem,0,1,4,43,0,,
lenskit_lenskit,org.lenskit.rerank,AbstractScoringGreedyRerankStrategy,nextItem,19,5,4,44,0,org.lenskit.rerank.AbstractScoringGreedyRerankStrategy,org.lenskit.rerank.AbstractScoringGreedyRerankStrategy
lenskit_lenskit,org.lenskit.rerank,AbstractScoringGreedyRerankStrategy,scoreCandidate,0,1,4,67,0,,
lenskit_lenskit,org.lenskit.rerank,AbstractScoringGreedyRerankStrategy,satisfiesConstraint,3,1,4,78,0,,
lenskit_lenskit,org.lenskit.rerank,AbstractScoringGreedyRerankStrategy,computeNumToInspect,3,1,3,93,0,,
lenskit_lenskit,org.lenskit.rerank,AbstractFilteringGreedyRerankStrategy,nextItem,12,3,4,44,0,org.lenskit.rerank.AbstractFilteringGreedyRerankStrategy,org.lenskit.rerank.AbstractFilteringGreedyRerankStrategy
lenskit_lenskit,org.lenskit.rerank,AbstractFilteringGreedyRerankStrategy,satisfiesConstraint,0,1,4,59,0,,
lenskit_lenskit,org.lenskit.rerank,AbstractFilteringGreedyRerankStrategy,computeNumToInspect,3,1,3,69,0,,
lenskit_lenskit,org.lenskit.rerank,GreedyRerankingItemRecommender,GreedyRerankingItemRecommender,4,1,2,61,0,,
lenskit_lenskit,org.lenskit.rerank,GreedyRerankingItemRecommender,recommendWithDetails,24,4,4,68,0,,
lenskit_lenskit,org.lenskit.rerank,GreedyRerankingItemRecommender,apply,3,1,1,84,0,,
lenskit_lenskit,org.lenskit.rerank,AbstractScoringGreedyRerankStrategyTest,testParameterPassingAndMethodCallOrder,35,1,0,38,1,,
lenskit_lenskit,org.lenskit.rerank,AbstractScoringGreedyRerankStrategyTest,scoreCandidate,8,1,4,48,0,,
lenskit_lenskit,org.lenskit.rerank,AbstractScoringGreedyRerankStrategyTest,satisfiesConstraint,8,1,4,58,0,,
lenskit_lenskit,org.lenskit.rerank,AbstractScoringGreedyRerankStrategyTest,testFiltering,38,2,0,81,1,,
lenskit_lenskit,org.lenskit.rerank,AbstractScoringGreedyRerankStrategyTest,scoreCandidate,5,1,4,86,0,,
lenskit_lenskit,org.lenskit.rerank,AbstractScoringGreedyRerankStrategyTest,satisfiesConstraint,11,2,4,93,0,,
lenskit_lenskit,org.lenskit.rerank,AbstractScoringGreedyRerankStrategyTest,testScoring,20,1,0,127,1,,
lenskit_lenskit,org.lenskit.rerank,AbstractScoringGreedyRerankStrategyTest,scoreCandidate,3,1,4,129,0,,
lenskit_lenskit,org.lenskit.rerank,AbstractFilteringGreedyRerankStrategyTest,satisfiesConstraint,3,1,4,37,0,,
lenskit_lenskit,org.lenskit.rerank,AbstractFilteringGreedyRerankStrategyTest,testParametersPassedCorrectly,23,1,0,43,1,,
lenskit_lenskit,org.lenskit.rerank,AbstractFilteringGreedyRerankStrategyTest,satisfiesConstraint,6,1,4,51,0,,
lenskit_lenskit,org.lenskit.rerank,AbstractFilteringGreedyRerankStrategyTest,testFirstTrueResult,11,1,0,71,1,,
lenskit_lenskit,org.lenskit.rerank,AbstractFilteringGreedyRerankStrategyTest,testNullIfNoTrue,8,1,0,86,1,,
lenskit_lenskit,org.lenskit.rerank,GreedyRerankingItemRecommenderTest,preSeededItemRecommender,9,1,1,42,0,,
lenskit_lenskit,org.lenskit.rerank,GreedyRerankingItemRecommenderTest,recommendWithDetails,4,1,4,44,0,,
lenskit_lenskit,org.lenskit.rerank,GreedyRerankingItemRecommenderTest,testParametersPassedCorrectlyAndLength,31,2,0,52,1,,
lenskit_lenskit,org.lenskit.rerank,GreedyRerankingItemRecommenderTest,nextItem,11,2,4,68,0,,
lenskit_lenskit,org.lenskit.rerank,GreedyRerankingItemRecommenderTest,testListTrunkatesWithNullResponse,21,1,0,91,1,,
lenskit_lenskit,org.lenskit.rerank,GreedyRerankingItemRecommenderTest,satisfiesConstraint,3,1,4,104,0,,
lenskit_lenskit,org.lenskit.rerank,GreedyRerankingItemRecommenderTest,testCandidatesListShrinkCorrectly,32,4,0,117,1,,
lenskit_lenskit,org.lenskit.rerank,GreedyRerankingItemRecommenderTest,nextItem,11,3,4,132,0,,
lenskit_lenskit,org.lenskit.rerank,GreedyRerankingItemRecommenderTest,testResultsOrdredCorrectly,26,1,0,155,1,,
lenskit_lenskit,org.lenskit.rerank,GreedyRerankingItemRecommenderTest,scoreCandidate,3,1,4,169,0,,
lenskit_lenskit,org.lenskit.rerank,GreedyRerankingItemRecommenderTest,testNegativeNMeansRecommendALot,26,1,0,186,1,,
lenskit_lenskit,org.lenskit.rerank,GreedyRerankingItemRecommenderTest,scoreCandidate,3,1,4,200,0,,
lenskit_lenskit,org.lenskit.rerank,GreedyRerankingItemRecommenderTest,testZeroNMeansRecommendNothing,20,1,0,219,1,,
lenskit_lenskit,org.lenskit.rerank,GreedyRerankingItemRecommenderTest,scoreCandidate,3,1,4,233,0,,
lenskit_lenskit,org.lenskit.baseline,ItemMeanRatingItemScorer,ItemMeanRatingItemScorer,5,1,2,67,0,,
lenskit_lenskit,org.lenskit.baseline,ItemMeanRatingItemScorer,scoreWithDetails,15,3,2,80,0,,
lenskit_lenskit,org.lenskit.baseline,ItemMeanRatingItemScorer,toString,4,1,0,98,0,,
lenskit_lenskit,org.lenskit.baseline,LeastSquaresItemScorer,LeastSquaresItemScorer,5,1,3,71,0,,
lenskit_lenskit,org.lenskit.baseline,LeastSquaresItemScorer,scoreWithDetails,11,2,2,84,0,,
lenskit_lenskit,org.lenskit.baseline,UserMeanItemScorer,UserMeanItemScorer,6,1,3,63,0,,
lenskit_lenskit,org.lenskit.baseline,UserMeanItemScorer,scoreWithDetails,26,4,2,80,0,,
lenskit_lenskit,org.lenskit.baseline,UserMeanItemScorer,toString,4,1,0,114,0,,
lenskit_lenskit,org.lenskit.baseline,GlobalMeanRatingItemScorer,GlobalMeanRatingItemScorer,3,1,1,42,0,,
lenskit_lenskit,org.lenskit.baseline,MeanScorersTest,createRatingSource,10,1,0,54,0,,
lenskit_lenskit,org.lenskit.baseline,MeanScorersTest,itemSet,3,1,1,67,0,,
lenskit_lenskit,org.lenskit.baseline,MeanScorersTest,makeGlobalMean,3,1,0,71,0,,
lenskit_lenskit,org.lenskit.baseline,MeanScorersTest,testMeanBaseline,5,1,0,75,1,,
lenskit_lenskit,org.lenskit.baseline,MeanScorersTest,testUserMeanBaseline,7,1,0,82,1,,
lenskit_lenskit,org.lenskit.baseline,MeanScorersTest,testUserMeanBaselineFallback,5,1,0,96,1,,
lenskit_lenskit,org.lenskit.baseline,MeanScorersTest,testItemMeanBaseline,5,1,0,109,1,,
lenskit_lenskit,org.lenskit.baseline,MeanScorersTest,testUserItemMeanBaseline,6,1,0,120,1,,
lenskit_lenskit,org.lenskit.basic,PopularItemRecommender,PopularItemRecommender,4,1,2,54,0,,
lenskit_lenskit,org.lenskit.basic,PopularItemRecommender,recommendWithPredicate,13,3,2,64,0,,
lenskit_lenskit,org.lenskit.basic,PopularItemRecommender,recommendWithSets,20,4,3,78,0,org.lenskit.basic.PopularItemRecommender,org.lenskit.basic.PopularItemRecommender
lenskit_lenskit,org.lenskit.basic,PopularItemRecommender,recommendRelatedItems,3,1,1,98,0,org.lenskit.basic.PopularItemRecommender,org.lenskit.basic.PopularItemRecommender
lenskit_lenskit,org.lenskit.basic,PopularItemRecommender,recommendRelatedItems,3,1,2,103,0,org.lenskit.basic.PopularItemRecommender,org.lenskit.basic.PopularItemRecommender
lenskit_lenskit,org.lenskit.basic,PopularItemRecommender,recommendRelatedItems,3,1,1,108,0,,
lenskit_lenskit,org.lenskit.basic,PopularItemRecommender,recommendRelatedItems,4,1,2,113,0,org.lenskit.basic.PopularItemRecommender,org.lenskit.basic.PopularItemRecommender
lenskit_lenskit,org.lenskit.basic,PopularItemRecommender,recommendRelatedItems,3,1,4,119,0,org.lenskit.basic.PopularItemRecommender,org.lenskit.basic.PopularItemRecommender
lenskit_lenskit,org.lenskit.basic,PopularItemRecommender,recommendRelatedItemsWithDetails,3,1,4,125,0,org.lenskit.basic.PopularItemRecommender,org.lenskit.basic.PopularItemRecommender
lenskit_lenskit,org.lenskit.basic,PopularItemRecommender,recommend,6,2,4,133,0,org.lenskit.basic.PopularItemRecommender,org.lenskit.basic.PopularItemRecommender
lenskit_lenskit,org.lenskit.basic,PopularItemRecommender,recommendWithDetails,3,1,4,143,0,org.lenskit.basic.PopularItemRecommender,org.lenskit.basic.PopularItemRecommender
lenskit_lenskit,org.lenskit.basic,AbstractItemBasedItemScorer,scoreRelatedItems,3,1,2,40,0,,
lenskit_lenskit,org.lenskit.basic,AbstractItemBasedItemScorer,scoreRelatedItem,3,1,2,51,0,,
lenskit_lenskit,org.lenskit.basic,ConstantItemScorer,ConstantItemScorer,3,1,1,54,0,,
lenskit_lenskit,org.lenskit.basic,ConstantItemScorer,scoreWithDetails,9,2,2,63,0,,
lenskit_lenskit,org.lenskit.basic,SimpleRatingPredictor,SimpleRatingPredictor,4,1,2,56,0,,
lenskit_lenskit,org.lenskit.basic,SimpleRatingPredictor,getItemScorer,3,1,0,68,0,,
lenskit_lenskit,org.lenskit.basic,SimpleRatingPredictor,getPreferenceDomain,3,1,0,73,0,,
lenskit_lenskit,org.lenskit.basic,SimpleRatingPredictor,predict,11,3,2,78,0,,
lenskit_lenskit,org.lenskit.basic,SimpleRatingPredictor,predict,9,2,2,91,0,,
lenskit_lenskit,org.lenskit.basic,SimpleRatingPredictor,predictWithDetails,12,3,2,102,0,,
lenskit_lenskit,org.lenskit.basic,AbstractRatingPredictor,predict,4,1,2,44,0,,
lenskit_lenskit,org.lenskit.basic,AbstractRatingPredictor,predict,4,1,2,55,0,,
lenskit_lenskit,org.lenskit.basic,AbstractItemBasedItemRecommender,recommendRelatedItems,3,1,2,39,0,,
lenskit_lenskit,org.lenskit.basic,AbstractItemBasedItemRecommender,recommendRelatedItems,3,1,1,49,0,org.lenskit.basic.AbstractItemBasedItemRecommender,org.lenskit.basic.AbstractItemBasedItemRecommender
lenskit_lenskit,org.lenskit.basic,AbstractItemBasedItemRecommender,recommendRelatedItems,3,1,4,59,0,,
lenskit_lenskit,org.lenskit.basic,AbstractItemBasedItemRecommender,recommendRelatedItems,3,1,2,69,0,org.lenskit.basic.AbstractItemBasedItemRecommender,org.lenskit.basic.AbstractItemBasedItemRecommender
lenskit_lenskit,org.lenskit.basic,AbstractItemBasedItemRecommender,recommendRelatedItems,3,1,1,79,0,,
lenskit_lenskit,org.lenskit.basic,TopNItemRecommender,TopNItemRecommender,4,1,2,67,0,,
lenskit_lenskit,org.lenskit.basic,TopNItemRecommender,getScorer,3,1,0,73,0,,
lenskit_lenskit,org.lenskit.basic,TopNItemRecommender,recommend,17,3,4,77,0,org.lenskit.basic.TopNItemRecommender,org.lenskit.basic.TopNItemRecommender
lenskit_lenskit,org.lenskit.basic,TopNItemRecommender,recommendWithDetails,6,1,4,106,0,org.lenskit.basic.TopNItemRecommender,org.lenskit.basic.TopNItemRecommender
lenskit_lenskit,org.lenskit.basic,TopNItemRecommender,getEffectiveCandidates,13,4,3,121,0,org.lenskit.basic.TopNItemRecommender,org.lenskit.basic.TopNItemRecommender
lenskit_lenskit,org.lenskit.basic,TopNItemRecommender,getTopNResults,7,2,2,136,0,,
lenskit_lenskit,org.lenskit.basic,TopNItemRecommender,getDefaultExcludes,3,1,1,145,0,,
lenskit_lenskit,org.lenskit.basic,TopNItemRecommender,getPredictableItems,3,1,1,159,0,,
lenskit_lenskit,org.lenskit.basic,RescoringItemRecommender,RescoringItemRecommender,4,1,2,51,0,,
lenskit_lenskit,org.lenskit.basic,RescoringItemRecommender,recommend,3,1,1,62,0,,
lenskit_lenskit,org.lenskit.basic,RescoringItemRecommender,recommend,3,1,2,67,0,,
lenskit_lenskit,org.lenskit.basic,RescoringItemRecommender,recommend,3,1,4,72,0,,
lenskit_lenskit,org.lenskit.basic,RescoringItemRecommender,recommendWithDetails,10,2,4,77,0,,
lenskit_lenskit,org.lenskit.basic,FallbackItemScorer,FallbackItemScorer,4,1,2,57,0,,
lenskit_lenskit,org.lenskit.basic,FallbackItemScorer,score,13,3,2,64,0,,
lenskit_lenskit,org.lenskit.basic,FallbackItemScorer,scoreWithDetails,22,5,2,79,0,,
lenskit_lenskit,org.lenskit.basic,FallbackItemScorer,getPrimaryScorer,3,1,0,106,0,,
lenskit_lenskit,org.lenskit.basic,FallbackItemScorer,getBaselineScorer,3,1,0,116,0,,
lenskit_lenskit,org.lenskit.basic,AbstractItemRecommender,recommend,3,1,1,40,0,org.lenskit.basic.AbstractItemRecommender,org.lenskit.basic.AbstractItemRecommender
lenskit_lenskit,org.lenskit.basic,AbstractItemRecommender,recommend,3,1,2,50,0,org.lenskit.basic.AbstractItemRecommender,org.lenskit.basic.AbstractItemRecommender
lenskit_lenskit,org.lenskit.basic,AbstractItemRecommender,recommend,3,1,4,60,0,org.lenskit.basic.AbstractItemRecommender,org.lenskit.basic.AbstractItemRecommender
lenskit_lenskit,org.lenskit.basic,AbstractItemRecommender,recommend,3,1,4,70,0,org.lenskit.basic.AbstractItemRecommender,org.lenskit.basic.AbstractItemRecommender
lenskit_lenskit,org.lenskit.basic,AbstractItemRecommender,recommendWithDetails,3,1,4,84,0,org.lenskit.basic.AbstractItemRecommender,org.lenskit.basic.AbstractItemRecommender
lenskit_lenskit,org.lenskit.basic,AbstractItemRecommender,recommendWithDetails,0,1,4,89,0,,
lenskit_lenskit,org.lenskit.basic,AbstractItemScorer,score,4,1,2,43,0,,
lenskit_lenskit,org.lenskit.basic,AbstractItemScorer,score,4,1,2,54,0,,
lenskit_lenskit,org.lenskit.basic,SimpleCachingItemScorer,SimpleCachingItemScorer,3,1,1,51,0,,
lenskit_lenskit,org.lenskit.basic,SimpleCachingItemScorer,scoreWithDetails,16,3,2,56,0,,
lenskit_lenskit,org.lenskit.basic,SimpleCachingItemScorer,getId,3,1,0,74,0,,
lenskit_lenskit,org.lenskit.basic,SimpleCachingItemScorer,getCache,3,1,0,78,0,,
lenskit_lenskit,org.lenskit.basic,PopularityRankItemScorer,PopularityRankItemScorer,13,2,1,55,0,,
lenskit_lenskit,org.lenskit.basic,PopularityRankItemScorer,score,3,1,2,70,0,,
lenskit_lenskit,org.lenskit.basic,PopularityRankItemScorer,scoreWithDetails,9,2,2,76,0,,
lenskit_lenskit,org.lenskit.basic,TopNItemBasedItemRecommender,TopNItemBasedItemRecommender,4,1,2,50,0,,
lenskit_lenskit,org.lenskit.basic,TopNItemBasedItemRecommender,recommendRelatedItemsWithDetails,13,4,4,56,0,org.lenskit.basic.TopNItemBasedItemRecommender,org.lenskit.basic.TopNItemBasedItemRecommender
lenskit_lenskit,org.lenskit.basic,TopNItemBasedItemRecommender,getDefaultExcludes,3,1,1,73,0,,
lenskit_lenskit,org.lenskit.basic,TopNItemBasedItemRecommender,recommend,9,3,2,84,0,,
lenskit_lenskit,org.lenskit.basic,FallbackResult,FallbackResult,4,1,2,41,0,,
lenskit_lenskit,org.lenskit.basic,FallbackResult,getId,3,1,0,46,0,,
lenskit_lenskit,org.lenskit.basic,FallbackResult,getScore,3,1,0,51,0,,
lenskit_lenskit,org.lenskit.basic,FallbackResult,hasScore,3,1,0,56,0,,
lenskit_lenskit,org.lenskit.basic,FallbackResult,as,8,2,1,61,0,,
lenskit_lenskit,org.lenskit.basic,FallbackResult,isFromPrimary,3,1,0,78,0,,
lenskit_lenskit,org.lenskit.basic,FallbackResult,getInnerResult,3,1,0,86,0,,
lenskit_lenskit,org.lenskit.basic,FallbackResult,equals,6,3,1,94,0,,
lenskit_lenskit,org.lenskit.basic,FallbackResult,hashCode,3,1,0,108,0,,
lenskit_lenskit,org.lenskit.basic,PrecomputedItemScorer,PrecomputedItemScorer,3,1,1,60,0,,
lenskit_lenskit,org.lenskit.basic,PrecomputedItemScorer,score,4,1,2,64,0,,
lenskit_lenskit,org.lenskit.basic,PrecomputedItemScorer,scoreWithDetails,15,4,2,70,0,,
lenskit_lenskit,org.lenskit.basic,PrecomputedItemScorer,fromCSV,13,2,1,141,0,,
lenskit_lenskit,org.lenskit.basic,PrecomputedItemScorer,newBuilder,3,1,0,161,0,,
lenskit_lenskit,org.lenskit.basic,SimpleRatingPredictorTest,setUp,6,1,0,47,0,,
lenskit_lenskit,org.lenskit.basic,SimpleRatingPredictorTest,testBasicPredict,4,1,0,59,1,,
lenskit_lenskit,org.lenskit.basic,SimpleRatingPredictorTest,testBasicPredictHigh,3,1,0,67,1,,
lenskit_lenskit,org.lenskit.basic,SimpleRatingPredictorTest,testBasicPredictLow,3,1,0,73,1,,
lenskit_lenskit,org.lenskit.basic,SimpleRatingPredictorTest,testUnclampedPredict,3,1,0,79,1,,
lenskit_lenskit,org.lenskit.basic,SimpleRatingPredictorTest,testUnclampedPredictHigh,3,1,0,85,1,,
lenskit_lenskit,org.lenskit.basic,SimpleRatingPredictorTest,testUnclampedPredictLow,3,1,0,91,1,,
lenskit_lenskit,org.lenskit.basic,SimpleRatingPredictorTest,testBulkPredict,7,1,0,97,1,,
lenskit_lenskit,org.lenskit.basic,SimpleRatingPredictorTest,testBulkUnclampedPredict,7,1,0,106,1,,
lenskit_lenskit,org.lenskit.basic,SimpleRatingPredictorTest,testBulkPredictWithDetails,8,1,0,115,1,,
lenskit_lenskit,org.lenskit.basic,PopularItemRecommenderTest,setUp,7,1,0,47,0,,
lenskit_lenskit,org.lenskit.basic,PopularItemRecommenderTest,testRecommendUnratedItems,4,1,0,58,1,,
lenskit_lenskit,org.lenskit.basic,PopularItemRecommenderTest,testRecommendAllItems,4,1,0,64,1,,
lenskit_lenskit,org.lenskit.basic,PopularItemRecommenderTest,testRecommendRelatedItems,4,1,0,70,1,,
lenskit_lenskit,org.lenskit.basic,PopularItemRecommenderTest,testRecommendAllRelatedItems,4,1,0,76,1,,
lenskit_lenskit,org.lenskit.basic,PopularItemRecommenderTest,testRecommendRelatedBasket,4,1,0,82,1,,
lenskit_lenskit,org.lenskit.basic,PopularItemRecommenderTest,testRecommendRelatedWithCandidates,4,1,0,88,1,,
lenskit_lenskit,org.lenskit.basic,PopularItemRecommenderTest,testRecommendWithCandidates,4,1,0,94,1,,
lenskit_lenskit,org.lenskit.basic,PopularItemRecommenderTest,testRecommendRelatedWithDetails,4,1,0,100,1,,
lenskit_lenskit,org.lenskit.basic,PopularItemRecommenderTest,testRecommendForUserWithDetails,4,1,0,106,1,,
lenskit_lenskit,org.lenskit.basic,PopularItemRecommenderTest,testRecommendRelatedLimit,4,1,0,112,1,,
lenskit_lenskit,org.lenskit.basic,PopularItemRecommenderTest,testRecommendLimit,4,1,0,118,1,,
lenskit_lenskit,org.lenskit.basic,FallbackItemScorerTest,setupScorer,5,1,0,42,0,,
lenskit_lenskit,org.lenskit.basic,FallbackItemScorerTest,testScoreItemPrimary,6,1,0,55,1,,
lenskit_lenskit,org.lenskit.basic,FallbackItemScorerTest,testFallbackItem,6,1,0,64,1,,
lenskit_lenskit,org.lenskit.basic,FallbackItemScorerTest,testFallbackUser,6,1,0,73,1,,
lenskit_lenskit,org.lenskit.basic,FallbackItemScorerTest,testNoRec,4,1,0,82,1,,
lenskit_lenskit,org.lenskit.basic,FallbackItemScorerTest,testMultipleDetails,20,1,0,88,1,,
lenskit_lenskit,org.lenskit.basic,PopularityRankItemScorerTest,setUp,7,1,0,48,0,,
lenskit_lenskit,org.lenskit.basic,PopularityRankItemScorerTest,testScoreItems,7,1,0,59,1,,
lenskit_lenskit,org.lenskit.basic,SimpleCachingItemScorerTest,Setup,4,1,0,46,0,,
lenskit_lenskit,org.lenskit.basic,SimpleCachingItemScorerTest,testScore,3,1,0,60,1,,
lenskit_lenskit,org.lenskit.basic,SimpleCachingItemScorerTest,testCacheUser,6,1,0,66,1,,
lenskit_lenskit,org.lenskit.basic,SimpleCachingItemScorerTest,testCachedScores,8,1,0,76,1,,
lenskit_lenskit,org.lenskit.basic,PrecomputedItemScorerTest,testEmptyScorer,4,1,0,38,1,,
lenskit_lenskit,org.lenskit.basic,PrecomputedItemScorerTest,testAddScore,6,1,0,45,1,,
lenskit_lenskit,org.lenskit.basic,PrecomputedItemScorerTest,testMultiScore,8,1,0,56,1,,
lenskit_lenskit,org.lenskit.basic,PrecomputedItemScorerTest,testAddMultipleScores,13,1,0,68,1,,
lenskit_lenskit,org.lenskit.basic,ConstantItemScorerTest,testSingleScore,4,1,0,46,1,,
lenskit_lenskit,org.lenskit.basic,ConstantItemScorerTest,testScoreSet,6,1,0,52,1,,
lenskit_lenskit,org.lenskit.basic,ConstantItemScorerTest,testScoreDetails,6,1,0,60,1,,
lenskit_lenskit,org.lenskit.basic,ConstantItemScorerTest,testInject,15,1,0,68,1,,
lenskit_lenskit,org.lenskit.basic,TopNItemRecommenderTest,testNoScores,10,1,0,45,1,,
lenskit_lenskit,org.lenskit.basic,TopNItemRecommenderTest,testGetScoreOnly,12,1,0,60,1,,
lenskit_lenskit,org.lenskit.basic,TopNItemRecommenderTest,testExcludeScore,11,1,0,79,1,,
lenskit_lenskit,org.lenskit.basic,TopNItemRecommenderTest,testFindSomeItems,13,1,0,97,1,,
lenskit_lenskit,org.lenskit.similarity,SpearmanRankCorrelation,SpearmanRankCorrelation,4,1,1,51,0,,
lenskit_lenskit,org.lenskit.similarity,SpearmanRankCorrelation,SpearmanRankCorrelation,3,1,0,57,0,,
lenskit_lenskit,org.lenskit.similarity,SpearmanRankCorrelation,rank,28,7,1,61,0,,
lenskit_lenskit,org.lenskit.similarity,SpearmanRankCorrelation,similarity,3,1,2,98,0,org.lenskit.similarity.SpearmanRankCorrelation,org.lenskit.similarity.SpearmanRankCorrelation
lenskit_lenskit,org.lenskit.similarity,SpearmanRankCorrelation,isSparse,3,1,0,103,0,,
lenskit_lenskit,org.lenskit.similarity,SpearmanRankCorrelation,isSymmetric,3,1,0,108,0,,
lenskit_lenskit,org.lenskit.similarity,SignificanceWeightedVectorSimilarity,SignificanceWeightedVectorSimilarity,4,1,2,64,0,,
lenskit_lenskit,org.lenskit.similarity,SignificanceWeightedVectorSimilarity,getDelegate,3,1,0,71,0,,
lenskit_lenskit,org.lenskit.similarity,SignificanceWeightedVectorSimilarity,similarity,6,1,2,79,0,,
lenskit_lenskit,org.lenskit.similarity,SignificanceWeightedVectorSimilarity,isSparse,3,1,0,87,0,,
lenskit_lenskit,org.lenskit.similarity,SignificanceWeightedVectorSimilarity,isSymmetric,3,1,0,92,0,,
lenskit_lenskit,org.lenskit.similarity,SignificanceWeightedVectorSimilarity,toString,3,1,0,97,0,,
lenskit_lenskit,org.lenskit.similarity,VectorSimilarity,similarity,0,1,2,39,0,,
lenskit_lenskit,org.lenskit.similarity,VectorSimilarity,isSparse,0,1,0,48,0,,
lenskit_lenskit,org.lenskit.similarity,VectorSimilarity,isSymmetric,0,1,0,57,0,,
lenskit_lenskit,org.lenskit.similarity,MutualInformationVectorSimilarity,MutualInformationVectorSimilarity,3,1,1,50,0,,
lenskit_lenskit,org.lenskit.similarity,MutualInformationVectorSimilarity,similarity,10,3,2,60,0,,
lenskit_lenskit,org.lenskit.similarity,MutualInformationVectorSimilarity,isSparse,3,1,0,75,0,,
lenskit_lenskit,org.lenskit.similarity,MutualInformationVectorSimilarity,isSymmetric,3,1,0,80,0,,
lenskit_lenskit,org.lenskit.similarity,PearsonCorrelation,PearsonCorrelation,3,1,0,61,0,,
lenskit_lenskit,org.lenskit.similarity,PearsonCorrelation,PearsonCorrelation,4,1,1,65,0,,
lenskit_lenskit,org.lenskit.similarity,PearsonCorrelation,similarity,38,6,2,71,0,,
lenskit_lenskit,org.lenskit.similarity,PearsonCorrelation,isSparse,3,1,0,128,0,,
lenskit_lenskit,org.lenskit.similarity,PearsonCorrelation,isSymmetric,3,1,0,133,0,,
lenskit_lenskit,org.lenskit.similarity,PearsonCorrelation,toString,3,1,0,138,0,,
lenskit_lenskit,org.lenskit.similarity,CosineVectorSimilarity,CosineVectorSimilarity,3,1,0,49,0,,
lenskit_lenskit,org.lenskit.similarity,CosineVectorSimilarity,CosineVectorSimilarity,4,1,1,56,0,,
lenskit_lenskit,org.lenskit.similarity,CosineVectorSimilarity,similarity,10,2,2,68,0,,
lenskit_lenskit,org.lenskit.similarity,CosineVectorSimilarity,isSparse,3,1,0,79,0,,
lenskit_lenskit,org.lenskit.similarity,CosineVectorSimilarity,isSymmetric,3,1,0,84,0,,
lenskit_lenskit,org.lenskit.similarity,CosineVectorSimilarity,toString,3,1,0,89,0,,
lenskit_lenskit,org.lenskit.similarity,SpearmanRankCorrelationTest,testRankEmpty,3,1,0,41,1,,
lenskit_lenskit,org.lenskit.similarity,SpearmanRankCorrelationTest,testRankSingle,6,1,0,46,1,,
lenskit_lenskit,org.lenskit.similarity,SpearmanRankCorrelationTest,testRankSeveral,12,1,0,54,1,,
lenskit_lenskit,org.lenskit.similarity,SpearmanRankCorrelationTest,testRankTie,12,1,0,68,1,,
lenskit_lenskit,org.lenskit.similarity,PearsonCorrelationTest,setUp,3,1,0,45,0,,
lenskit_lenskit,org.lenskit.similarity,PearsonCorrelationTest,testEmptyVector,3,1,0,50,1,,
lenskit_lenskit,org.lenskit.similarity,PearsonCorrelationTest,testSelfSimilarity,7,1,0,55,1,,
lenskit_lenskit,org.lenskit.similarity,PearsonCorrelationTest,testDisjointSimilarity,8,1,0,64,1,,
lenskit_lenskit,org.lenskit.similarity,PearsonCorrelationTest,testSimilarity,9,1,0,74,1,,
lenskit_lenskit,org.lenskit.similarity,PearsonCorrelationTest,testSimilarity2,9,1,0,85,1,,
lenskit_lenskit,org.lenskit.similarity,CosineSimilarityTest,setUp,4,1,0,40,0,,
lenskit_lenskit,org.lenskit.similarity,CosineSimilarityTest,emptyVector,3,1,0,46,0,,
lenskit_lenskit,org.lenskit.similarity,CosineSimilarityTest,testEmpty,3,1,0,50,1,,
lenskit_lenskit,org.lenskit.similarity,CosineSimilarityTest,testEmptyDamped,3,1,0,55,1,,
lenskit_lenskit,org.lenskit.similarity,CosineSimilarityTest,testDisjoint,11,1,0,60,1,,
lenskit_lenskit,org.lenskit.similarity,CosineSimilarityTest,testEqualKeys,9,1,0,73,1,,
lenskit_lenskit,org.lenskit.similarity,CosineSimilarityTest,testDampedEqualKeys,9,1,0,84,1,,
lenskit_lenskit,org.lenskit.similarity,CosineSimilarityTest,testOverlap,11,1,0,95,1,,
lenskit_lenskit,org.lenskit.transform.quantize,ValueArrayQuantizer,ValueArrayQuantizer,4,1,1,50,0,,
lenskit_lenskit,org.lenskit.transform.quantize,ValueArrayQuantizer,ValueArrayQuantizer,4,1,1,60,0,,
lenskit_lenskit,org.lenskit.transform.quantize,ValueArrayQuantizer,getValues,3,1,0,65,0,,
lenskit_lenskit,org.lenskit.transform.quantize,ValueArrayQuantizer,getCount,3,1,0,71,0,,
lenskit_lenskit,org.lenskit.transform.quantize,ValueArrayQuantizer,getIndexValue,8,1,1,76,0,,
lenskit_lenskit,org.lenskit.transform.quantize,ValueArrayQuantizer,index,19,4,1,85,0,,
lenskit_lenskit,org.lenskit.transform.quantize,ValueArrayQuantizer,quantize,3,1,1,105,0,org.lenskit.transform.quantize.ValueArrayQuantizer,org.lenskit.transform.quantize.ValueArrayQuantizer
lenskit_lenskit,org.lenskit.transform.quantize,Quantizer,getValues,0,1,0,39,0,,
lenskit_lenskit,org.lenskit.transform.quantize,Quantizer,getIndexValue,0,1,1,48,0,,
lenskit_lenskit,org.lenskit.transform.quantize,Quantizer,getCount,0,1,0,59,0,,
lenskit_lenskit,org.lenskit.transform.quantize,Quantizer,index,0,1,1,66,0,,
lenskit_lenskit,org.lenskit.transform.quantize,Quantizer,quantize,0,1,1,74,0,,
lenskit_lenskit,org.lenskit.transform.quantize,PreferenceDomainQuantizer,makeValues,21,5,1,48,0,,
lenskit_lenskit,org.lenskit.transform.quantize,PreferenceDomainQuantizer,PreferenceDomainQuantizer,4,1,1,70,0,org.lenskit.transform.quantize.PreferenceDomainQuantizer,org.lenskit.transform.quantize.PreferenceDomainQuantizer
lenskit_lenskit,org.lenskit.transform.quantize,PreferenceDomainQuantizer,PreferenceDomainQuantizer,3,1,3,82,0,,
lenskit_lenskit,org.lenskit.transform.quantize,PreferenceDomainQuantizer,getPreferenceDomain,3,1,0,92,0,,
lenskit_lenskit,org.lenskit.transform.quantize,ValueArrayQuantizerTest,testFindSingle,7,1,0,36,1,,
lenskit_lenskit,org.lenskit.transform.quantize,ValueArrayQuantizerTest,testSomeElements,8,1,0,45,1,,
lenskit_lenskit,org.lenskit.transform.quantize,PreferenceDomainQuantizerTest,setUp,3,1,0,42,0,,
lenskit_lenskit,org.lenskit.transform.quantize,PreferenceDomainQuantizerTest,testMakeValues,8,2,0,47,1,,
lenskit_lenskit,org.lenskit.transform.quantize,PreferenceDomainQuantizerTest,testHalfStars,10,1,0,59,1,,
lenskit_lenskit,org.lenskit.transform.normalize,IdentityVectorNormalizer,apply,3,1,1,45,0,,
lenskit_lenskit,org.lenskit.transform.normalize,IdentityVectorNormalizer,unapply,3,1,1,50,0,,
lenskit_lenskit,org.lenskit.transform.normalize,IdentityVectorNormalizer,makeTransformation,3,1,1,56,0,,
lenskit_lenskit,org.lenskit.transform.normalize,IdentityVectorNormalizer,hashCode,3,1,0,61,0,,
lenskit_lenskit,org.lenskit.transform.normalize,IdentityVectorNormalizer,equals,3,1,1,66,0,,
lenskit_lenskit,org.lenskit.transform.normalize,BaselineSubtractingUserVectorNormalizer,BaselineSubtractingUserVectorNormalizer,3,1,1,46,0,,
lenskit_lenskit,org.lenskit.transform.normalize,BaselineSubtractingUserVectorNormalizer,makeTransformation,3,1,2,56,0,,
lenskit_lenskit,org.lenskit.transform.normalize,BaselineSubtractingUserVectorNormalizer,toString,3,1,0,109,0,,
lenskit_lenskit,org.lenskit.transform.normalize,DefaultUserVectorNormalizer,DefaultUserVectorNormalizer,3,1,0,45,0,,
lenskit_lenskit,org.lenskit.transform.normalize,DefaultUserVectorNormalizer,DefaultUserVectorNormalizer,3,1,1,52,0,,
lenskit_lenskit,org.lenskit.transform.normalize,DefaultUserVectorNormalizer,getVectorNormalizer,3,1,0,62,0,,
lenskit_lenskit,org.lenskit.transform.normalize,DefaultUserVectorNormalizer,makeTransformation,3,1,2,70,0,,
lenskit_lenskit,org.lenskit.transform.normalize,VectorNormalizer,makeTransformation,0,1,1,42,0,,
lenskit_lenskit,org.lenskit.transform.normalize,UnitVectorNormalizer,UnitVectorNormalizer,3,1,0,48,0,,
lenskit_lenskit,org.lenskit.transform.normalize,UnitVectorNormalizer,UnitVectorNormalizer,3,1,1,56,0,,
lenskit_lenskit,org.lenskit.transform.normalize,UnitVectorNormalizer,makeTransformation,9,2,1,67,0,,
lenskit_lenskit,org.lenskit.transform.normalize,DefaultItemVectorNormalizer,DefaultItemVectorNormalizer,3,1,0,43,0,,
lenskit_lenskit,org.lenskit.transform.normalize,DefaultItemVectorNormalizer,DefaultItemVectorNormalizer,3,1,1,50,0,,
lenskit_lenskit,org.lenskit.transform.normalize,DefaultItemVectorNormalizer,makeTransformation,3,1,2,60,0,,
lenskit_lenskit,org.lenskit.transform.normalize,DefaultItemVectorNormalizer,getVectorNormalizer,3,1,0,65,0,,
lenskit_lenskit,org.lenskit.transform.normalize,BiasItemVectorNormalizer,BiasItemVectorNormalizer,3,1,1,40,0,,
lenskit_lenskit,org.lenskit.transform.normalize,BiasItemVectorNormalizer,makeTransformation,3,1,2,49,0,,
lenskit_lenskit,org.lenskit.transform.normalize,BiasUserVectorNormalizer,BiasUserVectorNormalizer,3,1,1,40,0,,
lenskit_lenskit,org.lenskit.transform.normalize,BiasUserVectorNormalizer,makeTransformation,3,1,2,49,0,,
lenskit_lenskit,org.lenskit.transform.normalize,UserVectorNormalizer,makeTransformation,0,1,2,54,0,,
lenskit_lenskit,org.lenskit.transform.normalize,MeanCenteringVectorNormalizer,makeTransformation,3,1,1,43,0,,
lenskit_lenskit,org.lenskit.transform.normalize,ItemVectorNormalizer,makeTransformation,0,1,2,37,0,,
lenskit_lenskit,org.lenskit.transform.normalize,MeanVarianceNormalizer,MeanVarianceNormalizer,3,1,0,59,0,,
lenskit_lenskit,org.lenskit.transform.normalize,MeanVarianceNormalizer,MeanVarianceNormalizer,5,1,2,67,0,,
lenskit_lenskit,org.lenskit.transform.normalize,MeanVarianceNormalizer,getDamping,3,1,0,79,0,,
lenskit_lenskit,org.lenskit.transform.normalize,MeanVarianceNormalizer,getGlobalVariance,3,1,0,88,0,,
lenskit_lenskit,org.lenskit.transform.normalize,MeanVarianceNormalizer,makeTransformation,20,4,1,97,0,,
lenskit_lenskit,org.lenskit.transform.normalize,BiasUserVectorNormalizerTest,createNormalizer,10,1,0,42,0,,
lenskit_lenskit,org.lenskit.transform.normalize,BiasUserVectorNormalizerTest,testNormalizeVectorForUser,11,1,0,55,1,,
lenskit_lenskit,org.lenskit.transform.normalize,BiasUserVectorNormalizerTest,testDenormalizeVectorForUser,11,1,0,71,1,,
lenskit_lenskit,org.lenskit.transform.normalize,MeanVarianceNormalizerTest,addRating,3,1,4,55,0,,
lenskit_lenskit,org.lenskit.transform.normalize,MeanVarianceNormalizerTest,setUp,23,1,0,59,0,,
lenskit_lenskit,org.lenskit.transform.normalize,MeanVarianceNormalizerTest,testMakeTransformation,16,1,0,85,1,,
lenskit_lenskit,org.lenskit.transform.normalize,MeanVarianceNormalizerTest,testUniformRatings,14,1,0,108,1,,
lenskit_lenskit,org.lenskit.transform.normalize,MeanVarianceNormalizerTest,testSmoothingDetailed,15,1,0,128,1,,
lenskit_lenskit,org.lenskit.transform.normalize,MeanVarianceNormalizerTest,testMakeTransformationVector,15,1,0,151,1,,
lenskit_lenskit,org.lenskit.transform.normalize,MeanVarianceNormalizerTest,testUniformRatingsVector,13,1,0,171,1,,
lenskit_lenskit,org.lenskit.transform.normalize,MeanVarianceNormalizerTest,testSmoothingDetailedOldVector,15,1,0,189,1,,
lenskit_lenskit,org.lenskit.transform.normalize,BiasItemVectorNormalizerTest,createNormalizer,10,1,0,42,0,,
lenskit_lenskit,org.lenskit.transform.normalize,BiasItemVectorNormalizerTest,testNormalizeVectorForUser,11,1,0,55,1,,
lenskit_lenskit,org.lenskit.transform.normalize,BiasItemVectorNormalizerTest,testDenormalizeVectorForUser,11,1,0,71,1,,
lenskit_lenskit,org.lenskit.transform.normalize,UnitVectorNormalizerTest,createKeySet,3,1,0,44,0,,
lenskit_lenskit,org.lenskit.transform.normalize,UnitVectorNormalizerTest,testMapVector,21,1,0,49,1,,
lenskit_lenskit,org.lenskit.transform.normalize,UnitVectorNormalizerTest,testScale,10,1,0,75,1,,
lenskit_lenskit,org.lenskit.transform.normalize,MeanCenteringVectorNormalizerTest,testTransform,14,1,0,41,1,,
lenskit_lenskit,org.lenskit.transform.normalize,BaselineSubtractingUserVectorNormalizerTest,createNormalizer,14,1,0,53,0,,
lenskit_lenskit,org.lenskit.transform.normalize,BaselineSubtractingUserVectorNormalizerTest,destroyRecommender,3,1,0,88,0,,
lenskit_lenskit,org.lenskit.transform.normalize,BaselineSubtractingUserVectorNormalizerTest,testNormalizeVectorForUser,11,1,0,93,1,,
lenskit_lenskit,org.lenskit.transform.normalize,BaselineSubtractingUserVectorNormalizerTest,testDenormalizeVectorForUser,11,1,0,109,1,,
