Project Name,Package Name,Type Name,Method Name,LOC,CC,PC,Line no,IsTest,Main prod class tested,Production classes tested
tracee_tracee,io.tracee.backend.threadlocalstore,ThreadLocalMap,initialValue,3,1,0,8,0,,
tracee_tracee,io.tracee.backend.threadlocalstore,ThreadLocalMap,childValue,8,2,1,13,0,,
tracee_tracee,io.tracee.backend.threadlocalstore,ThreadLocalTraceeBackend,ThreadLocalTraceeBackend,3,1,0,12,0,,
tracee_tracee,io.tracee.backend.threadlocalstore,ThreadLocalTraceeBackend,containsKey,3,1,1,17,0,,
tracee_tracee,io.tracee.backend.threadlocalstore,ThreadLocalTraceeBackend,size,3,1,0,22,0,,
tracee_tracee,io.tracee.backend.threadlocalstore,ThreadLocalTraceeBackend,isEmpty,3,1,0,27,0,,
tracee_tracee,io.tracee.backend.threadlocalstore,ThreadLocalTraceeBackend,get,3,1,1,32,0,,
tracee_tracee,io.tracee.backend.threadlocalstore,ThreadLocalTraceeBackend,put,3,1,2,37,0,,
tracee_tracee,io.tracee.backend.threadlocalstore,ThreadLocalTraceeBackend,remove,3,1,1,42,0,,
tracee_tracee,io.tracee.backend.threadlocalstore,ThreadLocalTraceeBackend,clear,3,1,0,47,0,,
tracee_tracee,io.tracee.backend.threadlocalstore,ThreadLocalTraceeBackend,putAll,3,1,1,52,0,,
tracee_tracee,io.tracee.backend.threadlocalstore,ThreadLocalTraceeBackend,copyToMap,3,1,0,57,0,,
tracee_tracee,io.tracee.backend.threadlocalstore,ThreadLocalTraceeBackend,getThreadLocalMap,3,1,0,62,0,,
tracee_tracee,io.tracee.backend.threadlocalstore,ThreadLocalTraceeBackendProvider,provideBackend,3,1,0,10,0,,
tracee_tracee,io.tracee.backend.threadlocalstore,ThreadLocalTraceeBackendProviderTest,testProvideBackend,3,1,0,12,1,,
tracee_tracee,io.tracee.backend.threadlocalstore,ThreadLocalTraceeBackendTest,testStoredKeys,7,1,0,17,1,,
tracee_tracee,io.tracee.backend.threadlocalstore,ThreadLocalTraceeBackendTest,testExtractContext,4,1,0,26,1,,
tracee_tracee,io.tracee.backend.threadlocalstore,ThreadLocalTraceeBackendTest,ifTheSizeIsZeroTheBackendShouldBeEmpty,4,1,0,32,1,,
tracee_tracee,io.tracee.backend.threadlocalstore,ThreadLocalTraceeBackendTest,ifTheSizeIsNotZeroTheBackendShouldNotBeEmpty,5,1,0,38,1,,
tracee_tracee,io.tracee.backend.threadlocalstore,ThreadLocalTraceeBackendTest,copyToMapShouldCopyContentToNewMap,8,1,0,45,1,,
tracee_tracee,io.tracee.backend.threadlocalstore,ThreadLocalTraceeBackendTest,copiedMapsDoNotEffektEachOther,10,1,0,55,1,,
tracee_tracee,io.tracee.backend.threadlocalstore,ThreadLocalTraceeBackendTest,putAllMethodAddsAllElementsOfGivenMap,9,1,0,68,1,,
tracee_tracee,io.tracee.backend.threadlocalstore,ThreadLocalContextProviderIT,shouldDetectThreadLocalStoreBySPI,4,1,0,13,1,io.tracee.Tracee,io.tracee.Tracee
tracee_tracee,io.tracee.backend.threadlocalstore,ThreadLocalContextProviderIT,testLoadProvierThenStoreAndRetrieve,6,1,0,19,1,io.tracee.Tracee,io.tracee.Tracee; io.tracee.TraceeBackend
tracee_tracee,io.tracee.backend.threadlocalstore,ThreadLocalMapTest,initialValueShouldCreateEmptyMap,5,1,0,18,1,,
tracee_tracee,io.tracee.backend.threadlocalstore,ThreadLocalMapTest,shouldCreateChildWithNull,3,1,0,25,1,,
tracee_tracee,io.tracee.backend.threadlocalstore,ThreadLocalMapTest,shouldCreateChildWithCopyOfHashMap,7,1,0,30,1,,
tracee_tracee,io.tracee.backend.threadlocalstore,MdcLikeThreadLocalMapAdapterTest,setup,3,1,0,16,0,,
tracee_tracee,io.tracee.backend.threadlocalstore,MdcLikeThreadLocalMapAdapterTest,shouldPutToMDC,4,1,0,21,1,,
tracee_tracee,io.tracee.backend.threadlocalstore,MdcLikeThreadLocalMapAdapterTest,shouldReturnTrueIfKeyIsInMDC,4,1,0,27,1,,
tracee_tracee,io.tracee.backend.threadlocalstore,MdcLikeThreadLocalMapAdapterTest,shouldReturnValueFromMDC,4,1,0,33,1,,
tracee_tracee,io.tracee.backend.threadlocalstore,MdcLikeThreadLocalMapAdapterTest,shouldCallRemoveOnMDC,5,1,0,39,1,,
tracee_tracee,io.tracee,Utilities,Utilities,2,1,0,16,0,,
tracee_tracee,io.tracee,Utilities,isNullOrEmptyString,3,1,1,20,0,,
tracee_tracee,io.tracee,Utilities,createRandomAlphanumeric,8,2,1,24,0,,
tracee_tracee,io.tracee,Utilities,createAlphanumericHash,18,4,2,36,0,io.tracee.Utilities,io.tracee.Utilities
tracee_tracee,io.tracee,Utilities,generateInvocationIdIfNecessary,5,2,1,61,0,io.tracee.TraceeBackend,io.tracee.TraceeBackend; io.tracee.configuration.TraceeFilterConfiguration; io.tracee.Utilities
tracee_tracee,io.tracee,Utilities,generateSessionIdIfNecessary,5,2,2,72,0,io.tracee.TraceeBackend,io.tracee.TraceeBackend; io.tracee.configuration.TraceeFilterConfiguration; io.tracee.Utilities
tracee_tracee,io.tracee,ThreadLocalHashSet,childValue,3,1,1,12,0,,
tracee_tracee,io.tracee,ThreadLocalHashSet,initialValue,3,1,0,17,0,,
tracee_tracee,io.tracee,BackendBase,getConfiguration,3,1,0,20,0,io.tracee.BackendBase,io.tracee.BackendBase
tracee_tracee,io.tracee,BackendBase,getConfiguration,9,2,1,28,0,io.tracee.BackendBase,io.tracee.BackendBase
tracee_tracee,io.tracee,BackendBase,getPropertyChain,6,2,0,40,0,,
tracee_tracee,io.tracee,BackendBase,getInvocationId,3,1,0,47,0,io.tracee.TraceeBackend,io.tracee.TraceeBackend
tracee_tracee,io.tracee,BackendBase,getSessionId,3,1,0,52,0,io.tracee.TraceeBackend,io.tracee.TraceeBackend
tracee_tracee,io.tracee,UtilitiesTest,testCreateRandomAlphanumeric,4,1,0,22,1,,
tracee_tracee,io.tracee,UtilitiesTest,testIsNullOrEmptyString,7,1,0,29,1,,
tracee_tracee,io.tracee,UtilitiesTest,shouldCreateStringWithSpecificLength,4,1,0,38,1,,
tracee_tracee,io.tracee,UtilitiesTest,shouldCreateRandomString,5,1,0,44,1,,
tracee_tracee,io.tracee,UtilitiesTest,shouldCreateSameHashForSameString,5,1,0,51,1,,
tracee_tracee,io.tracee,UtilitiesTest,shouldCreateDifferentHashForDifferentString,5,1,0,58,1,,
tracee_tracee,io.tracee,UtilitiesTest,shouldCreateHashInCorrectLength,4,1,0,65,1,,
tracee_tracee,io.tracee,UtilitiesTest,shouldRepeatHashesIfLengthIsToLong,4,1,0,71,1,,
tracee_tracee,io.tracee,UtilitiesTest,shouldHandleNormalSha256Length,4,1,0,77,1,,
tracee_tracee,io.tracee,UtilitiesTest,ignoreInvocationIdGenerationIfBackendIsNull,4,1,0,83,1,,
tracee_tracee,io.tracee,UtilitiesTest,dontGenerateInvocationIdIfPresentInBackend,6,1,0,89,1,io.tracee.testhelper.SimpleTraceeBackend,io.tracee.testhelper.SimpleTraceeBackend; io.tracee.TraceeBackend
tracee_tracee,io.tracee,UtilitiesTest,generateInvocationIdIfNotPresentInBackend,5,1,0,97,1,io.tracee.testhelper.SimpleTraceeBackend,io.tracee.testhelper.SimpleTraceeBackend; io.tracee.TraceeBackend
tracee_tracee,io.tracee,UtilitiesTest,ignoreSessionIdGenerationIfBackendIsNull,4,1,0,104,1,,
tracee_tracee,io.tracee,UtilitiesTest,dontGenerateSessionIdIfPresentInBackend,6,1,0,110,1,io.tracee.testhelper.SimpleTraceeBackend,io.tracee.testhelper.SimpleTraceeBackend; io.tracee.TraceeBackend
tracee_tracee,io.tracee,UtilitiesTest,generateSessionIdIfNotPresentInBackend,5,1,0,118,1,io.tracee.testhelper.SimpleTraceeBackend,io.tracee.testhelper.SimpleTraceeBackend; io.tracee.TraceeBackend
tracee_tracee,io.tracee,ThreadLocalHashSetTest,testGetInitialValue,3,1,0,12,1,,
tracee_tracee,io.tracee,BackendBaseTest,invocationIdShortcutShouldReturnTheInvocationIdIfSet,4,1,0,26,1,,
tracee_tracee,io.tracee,BackendBaseTest,invocationIdShortcutShouldReturnNullIfNoInvocationIdIsSet,3,1,0,32,1,,
tracee_tracee,io.tracee,BackendBaseTest,sessionIdShortcutShouldReturnTheSessionIdIfSet,4,1,0,37,1,,
tracee_tracee,io.tracee,BackendBaseTest,sessionIdShortcutShouldReturnNullIfNoSessionIdIsSet,3,1,0,43,1,,
tracee_tracee,io.tracee,BackendBaseTest,testLoadOverwrittenConfigurationValues,3,1,0,48,1,,
tracee_tracee,io.tracee,BackendBaseTest,testLoadUserDefinedProfileFromProperties,3,1,0,53,1,,
tracee_tracee,io.tracee,BackendBaseTest,testHideInboundProfile,3,1,0,58,1,,
tracee_tracee,io.tracee,BackendBaseTest,testHideOutboundProfile,3,1,0,63,1,,
tracee_tracee,io.tracee,BackendBaseTest,testDisableInboundProfile,4,1,0,68,1,,
tracee_tracee,io.tracee,BackendBaseTest,testDisableOutboundProfile,4,1,0,74,1,,
tracee_tracee,io.tracee,BackendBaseTest,testDisabledProfile,8,1,0,81,1,,
tracee_tracee,io.tracee,BackendBaseTest,testNullProfile,3,1,0,91,1,,
tracee_tracee,io.tracee,BackendBaseTest,testProfileCacheForEmptyOrNullProfile,3,1,0,96,1,,
tracee_tracee,io.tracee,BackendBaseTest,testProfileCacheForGivenProfile,4,1,0,101,1,,
tracee_tracee,io.tracee,BackendBaseTest,testProfileCacheForDifferenceProfiles,4,1,0,107,1,,
tracee_tracee,io.tracee,Tracee,Tracee,2,1,0,12,0,,
tracee_tracee,io.tracee,Tracee,getBackend,3,1,0,16,0,io.tracee.Tracee,io.tracee.Tracee
tracee_tracee,io.tracee,Tracee,getBackend,25,5,1,34,0,io.tracee.BackendProviderResolver,io.tracee.BackendProviderResolver; io.tracee.spi.TraceeBackendProvider
tracee_tracee,io.tracee,TraceeBackend,getConfiguration,0,1,1,12,0,,
tracee_tracee,io.tracee,TraceeBackend,getConfiguration,0,1,0,17,0,,
tracee_tracee,io.tracee,TraceeBackend,containsKey,0,1,1,22,0,,
tracee_tracee,io.tracee,TraceeBackend,get,0,1,1,28,0,,
tracee_tracee,io.tracee,TraceeBackend,size,0,1,0,36,0,,
tracee_tracee,io.tracee,TraceeBackend,clear,0,1,0,38,0,,
tracee_tracee,io.tracee,TraceeBackend,isEmpty,0,1,0,43,0,,
tracee_tracee,io.tracee,TraceeBackend,put,0,1,2,48,0,,
tracee_tracee,io.tracee,TraceeBackend,putAll,0,1,1,57,0,,
tracee_tracee,io.tracee,TraceeBackend,copyToMap,0,1,0,59,0,,
tracee_tracee,io.tracee,TraceeBackend,remove,0,1,1,67,0,,
tracee_tracee,io.tracee,TraceeBackend,getInvocationId,0,1,0,74,0,,
tracee_tracee,io.tracee,TraceeBackend,getSessionId,0,1,0,81,0,,
tracee_tracee,io.tracee,TraceeConstants,TraceeConstants,2,1,0,17,0,,
tracee_tracee,io.tracee,TraceeException,TraceeException,3,1,1,8,0,,
tracee_tracee,io.tracee,TraceeException,TraceeException,3,1,2,12,0,,
tracee_tracee,io.tracee,BackendProviderSet,BackendProviderSet,4,1,1,31,0,io.tracee.BackendProviderSet,io.tracee.BackendProviderSet
tracee_tracee,io.tracee,BackendProviderSet,addAllInternal,5,2,1,36,0,,
tracee_tracee,io.tracee,BackendProviderSet,iterator,8,2,0,42,0,io.tracee.BackendProviderSet,io.tracee.BackendProviderSet
tracee_tracee,io.tracee,BackendProviderSet,size,8,2,0,52,0,io.tracee.BackendProviderSet,io.tracee.BackendProviderSet
tracee_tracee,io.tracee,BackendProviderSet,determineValidity,8,4,1,62,0,,
tracee_tracee,io.tracee,BackendProviderSet,createStrongView,7,2,1,73,0,,
tracee_tracee,io.tracee,BackendProviderResolver,getBackendProviders,10,2,0,23,0,io.tracee.BackendProviderResolver,io.tracee.BackendProviderResolver
tracee_tracee,io.tracee,BackendProviderResolver,getDefaultTraceeBackendProvider,12,1,0,43,0,io.tracee.BackendProviderResolver,io.tracee.BackendProviderResolver
tracee_tracee,io.tracee,BackendProviderResolver,getTraceeProviderFromClassloader,8,2,2,58,0,io.tracee.BackendProviderResolver,io.tracee.BackendProviderResolver
tracee_tracee,io.tracee,BackendProviderResolver,isLookupNeeded,3,1,1,84,0,,
tracee_tracee,io.tracee,BackendProviderResolver,updatedCache,10,2,2,91,0,,
tracee_tracee,io.tracee,BackendProviderResolver,loadProviders,13,2,1,101,0,,
tracee_tracee,io.tracee,BackendProviderResolverGetClassLoaderTest,shouldFetchContextClassloaderWithoutSecurityManager,5,1,0,15,1,,
tracee_tracee,io.tracee,BackendProviderResolverGetClassLoaderTest,shouldReturnClassloaderOfClassWithoutSecurityManager,5,1,0,22,1,,
tracee_tracee,io.tracee,BackendProviderResolverGetClassLoaderTest,shouldFetchContextClassloaderWithSecurityManager,5,1,0,29,1,,
tracee_tracee,io.tracee,BackendProviderResolverGetClassLoaderTest,shouldReturnClassloaderOfClassWithSecurityManager,5,1,0,36,1,,
tracee_tracee,io.tracee,BackendProviderResolverGetClassLoaderTest,shouldThrowIAEifClassNull,3,1,0,43,0,,
tracee_tracee,io.tracee,BackendProviderResolverGetClassLoaderTest,after,3,1,0,48,0,,
tracee_tracee,io.tracee,BackendProviderResolverTest,before,3,1,0,31,0,,
tracee_tracee,io.tracee,BackendProviderResolverTest,shouldReturnTrueIfSetIsNull,3,1,0,36,1,io.tracee.BackendProviderResolver,io.tracee.BackendProviderResolver
tracee_tracee,io.tracee,BackendProviderResolverTest,shouldReturnTrueIfSetIsEmpty,3,1,0,41,1,io.tracee.BackendProviderResolver,io.tracee.BackendProviderResolver
tracee_tracee,io.tracee,BackendProviderResolverTest,shouldReturnFalseIfEmptySetObjectIsPresent,3,1,0,46,1,io.tracee.BackendProviderResolver,io.tracee.BackendProviderResolver
tracee_tracee,io.tracee,BackendProviderResolverTest,emptyProviderSetShouldReturnEmptyIterator,4,1,0,51,1,,
tracee_tracee,io.tracee,BackendProviderResolverTest,emptyProviderSetShouldBeEmpty,3,1,0,57,1,,
tracee_tracee,io.tracee,BackendProviderResolverTest,emptyProviderSetShouldBeImmutable,3,1,0,62,0,,
tracee_tracee,io.tracee,BackendProviderResolverTest,shouldReturnClassloaderFromContext,7,1,0,67,1,io.tracee.BackendProviderResolver,io.tracee.BackendProviderResolver
tracee_tracee,io.tracee,TraceeTest,constructorOfTraceeShouldBePrivate,6,1,0,25,1,,
tracee_tracee,io.tracee,TraceeTest,backendRetrievalShouldThrowTraceeExceptionWithDefaultResolver,10,1,0,33,0,io.tracee.Tracee,io.tracee.Tracee
tracee_tracee,io.tracee,TraceeTest,backendRetrievalShouldWrapRuntimeExceptionIfItOccurs,12,1,0,44,0,io.tracee.Tracee,io.tracee.BackendProviderResolver; io.tracee.Tracee
tracee_tracee,io.tracee,TraceeTest,backendRetrievalShouldThrowExceptionWithoutProviders,11,1,0,57,0,io.tracee.Tracee,io.tracee.Tracee
tracee_tracee,io.tracee,TraceeTest,backendRetrievalShouldThrowExceptionWithMoreThenOneProvider,13,1,0,69,0,io.tracee.Tracee,io.tracee.Tracee
tracee_tracee,io.tracee,TraceeTest,backendRetrievalShouldReturnBackendWithOneGivenProvider,6,1,0,85,1,io.tracee.Tracee,io.tracee.Tracee
tracee_tracee,io.tracee,TraceeTest,createTestBackendResolverWith,5,1,1,95,0,io.tracee.BackendProviderResolver,io.tracee.BackendProviderResolver
tracee_tracee,io.tracee,BackendProviderSetTest,shouldReturnSize,5,1,0,26,1,io.tracee.BackendProviderSet,io.tracee.BackendProviderSet
tracee_tracee,io.tracee,BackendProviderSetTest,shouldReturnMyValues,7,1,0,34,1,,
tracee_tracee,io.tracee,BackendProviderSetTest,shouldHandleEmptySet,5,1,0,44,1,io.tracee.BackendProviderSet,io.tracee.BackendProviderSet
tracee_tracee,io.tracee,BackendProviderSetTest,shouldReturnEmptySetIfOneElementWasDetached,4,1,0,52,1,io.tracee.BackendProviderSet,io.tracee.BackendProviderSet
tracee_tracee,io.tracee,BackendProviderSetTest,shouldReturnEmptyIteratorIfOneElementWasDetached,4,1,0,58,1,io.tracee.BackendProviderSet,io.tracee.BackendProviderSet
tracee_tracee,io.tracee,BackendProviderSetTest,backendProviderSetShouldInternallyInvalidateState,8,1,0,65,1,io.tracee.BackendProviderSet,io.tracee.BackendProviderSet
tracee_tracee,io.tracee,BackendProviderSetTest,buildProviderSetWithOneDetachedProvider,8,1,0,78,0,,
tracee_tracee,io.tracee.configuration,PropertiesBasedTraceeFilterConfiguration,loadPropertyChain,10,1,0,38,0,,
tracee_tracee,io.tracee.configuration,PropertiesBasedTraceeFilterConfiguration,PropertiesBasedTraceeFilterConfiguration,3,1,1,56,0,,
tracee_tracee,io.tracee.configuration,PropertiesBasedTraceeFilterConfiguration,PropertiesBasedTraceeFilterConfiguration,4,1,2,60,0,,
tracee_tracee,io.tracee.configuration,PropertiesBasedTraceeFilterConfiguration,getProfiledOrDefaultProperty,7,3,1,66,0,,
tracee_tracee,io.tracee.configuration,PropertiesBasedTraceeFilterConfiguration,shouldProcessParam,5,1,2,75,0,io.tracee.configuration.PropertiesBasedTraceeFilterConfiguration,io.tracee.configuration.PropertiesBasedTraceeFilterConfiguration
tracee_tracee,io.tracee.configuration,PropertiesBasedTraceeFilterConfiguration,shouldProcessContext,4,1,1,82,0,io.tracee.configuration.PropertiesBasedTraceeFilterConfiguration,io.tracee.configuration.PropertiesBasedTraceeFilterConfiguration
tracee_tracee,io.tracee.configuration,PropertiesBasedTraceeFilterConfiguration,shouldGenerateInvocationId,3,1,0,88,0,io.tracee.configuration.PropertiesBasedTraceeFilterConfiguration,io.tracee.configuration.PropertiesBasedTraceeFilterConfiguration
tracee_tracee,io.tracee.configuration,PropertiesBasedTraceeFilterConfiguration,generatedInvocationIdLength,3,1,0,93,0,io.tracee.configuration.PropertiesBasedTraceeFilterConfiguration,io.tracee.configuration.PropertiesBasedTraceeFilterConfiguration
tracee_tracee,io.tracee.configuration,PropertiesBasedTraceeFilterConfiguration,shouldGenerateSessionId,3,1,0,98,0,io.tracee.configuration.PropertiesBasedTraceeFilterConfiguration,io.tracee.configuration.PropertiesBasedTraceeFilterConfiguration
tracee_tracee,io.tracee.configuration,PropertiesBasedTraceeFilterConfiguration,generatedSessionIdLength,3,1,0,103,0,io.tracee.configuration.PropertiesBasedTraceeFilterConfiguration,io.tracee.configuration.PropertiesBasedTraceeFilterConfiguration
tracee_tracee,io.tracee.configuration,PropertiesBasedTraceeFilterConfiguration,filterDeniedParams,9,3,2,108,0,io.tracee.configuration.PropertiesBasedTraceeFilterConfiguration,io.tracee.configuration.PropertiesBasedTraceeFilterConfiguration
tracee_tracee,io.tracee.configuration,PropertiesBasedTraceeFilterConfiguration,parseIntOrZero,8,1,1,119,0,,
tracee_tracee,io.tracee.configuration,PropertiesBasedTraceeFilterConfiguration,anyPatternMatchesParamName,6,3,2,127,0,io.tracee.configuration.PropertiesBasedTraceeFilterConfiguration,io.tracee.configuration.PropertiesBasedTraceeFilterConfiguration
tracee_tracee,io.tracee.configuration,PropertiesBasedTraceeFilterConfiguration,patternMatchesParamName,3,1,2,135,0,,
tracee_tracee,io.tracee.configuration,PropertiesBasedTraceeFilterConfiguration,retrievePatternsForPropertyValue,12,3,1,139,0,io.tracee.configuration.PropertiesBasedTraceeFilterConfiguration,io.tracee.configuration.PropertiesBasedTraceeFilterConfiguration
tracee_tracee,io.tracee.configuration,PropertiesBasedTraceeFilterConfiguration,extractPatterns,18,4,1,153,0,,
tracee_tracee,io.tracee.configuration,TraceePropertiesFileLoader,loadTraceeProperties,12,2,1,14,0,,
tracee_tracee,io.tracee.configuration,PropertyChain,PropertyChain,3,1,1,10,0,,
tracee_tracee,io.tracee.configuration,PropertyChain,build,3,1,1,14,0,,
tracee_tracee,io.tracee.configuration,PropertyChain,getProperty,7,3,1,19,0,,
tracee_tracee,io.tracee.configuration,PropertiesBasedTraceeFilterConfigurationTest,testShouldPropagatePositive,4,1,0,31,1,,
tracee_tracee,io.tracee.configuration,PropertiesBasedTraceeFilterConfigurationTest,testShouldPropagateNegative,4,1,0,37,1,,
tracee_tracee,io.tracee.configuration,PropertiesBasedTraceeFilterConfigurationTest,testShouldAllowRegexInPatterns,5,1,0,43,1,,
tracee_tracee,io.tracee.configuration,PropertiesBasedTraceeFilterConfigurationTest,extractOnePattern,4,1,0,50,1,,
tracee_tracee,io.tracee.configuration,PropertiesBasedTraceeFilterConfigurationTest,extractTwoPattern,4,1,0,56,1,,
tracee_tracee,io.tracee.configuration,PropertiesBasedTraceeFilterConfigurationTest,extractPatternsShouldReturnEmptyListOnNullValue,3,1,0,62,1,,
tracee_tracee,io.tracee.configuration,PropertiesBasedTraceeFilterConfigurationTest,extractPatternsShouldReturnEmptyListOnPatternCompilation,3,1,0,67,1,,
tracee_tracee,io.tracee.configuration,PropertiesBasedTraceeFilterConfigurationTest,testShouldNotPropagateIfNothingIsConfigured,3,1,0,72,1,,
tracee_tracee,io.tracee.configuration,PropertiesBasedTraceeFilterConfigurationTest,testShouldProcessIfDisabledByConfiguration,4,1,0,77,1,,
tracee_tracee,io.tracee.configuration,PropertiesBasedTraceeFilterConfigurationTest,testShouldProcessIfAnyPatternIsGiven,4,1,0,83,1,,
tracee_tracee,io.tracee.configuration,PropertiesBasedTraceeFilterConfigurationTest,testGeneratedInvocationIdLength,4,1,0,89,1,,
tracee_tracee,io.tracee.configuration,PropertiesBasedTraceeFilterConfigurationTest,doNotGenerateInvocationIdIfLengthIsZero,4,1,0,95,1,,
tracee_tracee,io.tracee.configuration,PropertiesBasedTraceeFilterConfigurationTest,doNotGenerateInvocationIdIfLengthIsNegative,4,1,0,101,1,,
tracee_tracee,io.tracee.configuration,PropertiesBasedTraceeFilterConfigurationTest,generateInvocationIdIfLengthIsPositive,4,1,0,107,1,,
tracee_tracee,io.tracee.configuration,PropertiesBasedTraceeFilterConfigurationTest,testGeneratedInvocationIdNonNumericMeansZero,4,1,0,113,1,,
tracee_tracee,io.tracee.configuration,PropertiesBasedTraceeFilterConfigurationTest,testGeneratedSessionIdLength,4,1,0,119,1,,
tracee_tracee,io.tracee.configuration,PropertiesBasedTraceeFilterConfigurationTest,doNotSessionInvocationIdIfLengthIsZero,4,1,0,125,1,,
tracee_tracee,io.tracee.configuration,PropertiesBasedTraceeFilterConfigurationTest,doNotGenerateSessionIdIfLengthIsNegative,4,1,0,131,1,,
tracee_tracee,io.tracee.configuration,PropertiesBasedTraceeFilterConfigurationTest,generateSessionIdIfLengthIsPositive,4,1,0,137,1,,
tracee_tracee,io.tracee.configuration,PropertiesBasedTraceeFilterConfigurationTest,testFilterDeniedParamsFiltersEverythingWithoutConfiguration,4,1,0,143,1,,
tracee_tracee,io.tracee.configuration,PropertiesBasedTraceeFilterConfigurationTest,testFilterDeniedParamsPassesWhitelisted,5,1,0,149,1,,
tracee_tracee,io.tracee.configuration,PropertiesBasedTraceeFilterConfigurationBenchmarkTest,before,8,1,0,37,0,,
tracee_tracee,io.tracee.configuration,PropertiesBasedTraceeFilterConfigurationBenchmarkTest,generateTestPropertyMap,7,1,0,48,0,,
tracee_tracee,io.tracee.configuration,PropertiesBasedTraceeFilterConfigurationBenchmarkTest,shouldPermitAll,6,2,0,56,1,,
tracee_tracee,io.tracee.configuration,PropertiesBasedTraceeFilterConfigurationBenchmarkTest,shouldAllowTraceePrefixedParameters,7,2,0,67,1,,
tracee_tracee,io.tracee.configuration,TraceePropertiesFileLoaderTest,testLoadDefaultProperties,10,1,0,27,1,,
tracee_tracee,io.tracee.configuration,TraceePropertiesFileLoaderTest,testLoadHideInboundProfile,3,1,0,40,1,,
tracee_tracee,io.tracee.configuration,TraceePropertiesFileLoaderTest,testLoadHideOutboundProfile,3,1,0,45,1,,
tracee_tracee,io.tracee.configuration,TraceePropertiesFileLoaderTest,testLoadDisableInboundProfile,4,1,0,50,1,,
tracee_tracee,io.tracee.configuration,TraceePropertiesFileLoaderTest,testLoadDisableOutboundProfile,4,1,0,56,1,,
tracee_tracee,io.tracee.configuration,TraceePropertiesFileLoaderTest,testLoadDisabledProfile,8,1,0,62,1,,
tracee_tracee,io.tracee.configuration,PropertyChainTest,initMocks,6,1,0,23,0,,
tracee_tracee,io.tracee.configuration,PropertyChainTest,shouldReturnAlwaysNullsForEmptyPropertyChain,4,1,0,31,1,,
tracee_tracee,io.tracee.configuration,PropertyChainTest,testShouldWrapSingleProperties,4,1,0,37,1,,
tracee_tracee,io.tracee.configuration,PropertyChainTest,testShouldWrapMultipleProperties,6,1,0,43,1,,
tracee_tracee,io.tracee.configuration,TraceeFilterConfiguration,shouldProcessParam,0,1,2,57,0,,
tracee_tracee,io.tracee.configuration,TraceeFilterConfiguration,filterDeniedParams,0,1,2,62,0,,
tracee_tracee,io.tracee.configuration,TraceeFilterConfiguration,shouldProcessContext,0,1,1,68,0,,
tracee_tracee,io.tracee.configuration,TraceeFilterConfiguration,shouldGenerateInvocationId,0,1,0,74,0,,
tracee_tracee,io.tracee.configuration,TraceeFilterConfiguration,generatedInvocationIdLength,0,1,0,76,0,,
tracee_tracee,io.tracee.configuration,TraceeFilterConfiguration,shouldGenerateSessionId,0,1,0,82,0,,
tracee_tracee,io.tracee.configuration,TraceeFilterConfiguration,generatedSessionIdLength,0,1,0,84,0,,
tracee_tracee,io.tracee.configuration,TraceeFilterConfigurationTest,shouldReturnIncomingRequestEnum,3,1,0,17,1,,
tracee_tracee,io.tracee.configuration,TraceeFilterConfigurationTest,shouldReturnIncomingResponseEnum,3,1,0,22,1,,
tracee_tracee,io.tracee.configuration,TraceeFilterConfigurationTest,shouldReturnOutgoingRequestEnum,3,1,0,27,1,,
tracee_tracee,io.tracee.configuration,TraceeFilterConfigurationTest,shouldReturnOutgoingResponseEnum,3,1,0,32,1,,
tracee_tracee,io.tracee.configuration,TraceeFilterConfigurationTest,shouldReturnAsyncDispatchEnum,3,1,0,37,1,,
tracee_tracee,io.tracee.configuration,TraceeFilterConfigurationTest,shouldReturnAsyncProcessEnum,3,1,0,42,1,,
tracee_tracee,io.tracee.backend.slf4j,Slf4jTraceeBackendProvider,provideBackend,3,1,0,13,0,,
tracee_tracee,io.tracee.backend.slf4j,Slf4jTraceeBackend,Slf4jTraceeBackend,3,1,1,19,0,,
tracee_tracee,io.tracee.backend.slf4j,Slf4jTraceeBackend,containsKey,3,1,1,23,0,,
tracee_tracee,io.tracee.backend.slf4j,Slf4jTraceeBackend,size,3,1,0,28,0,,
tracee_tracee,io.tracee.backend.slf4j,Slf4jTraceeBackend,isEmpty,3,1,0,33,0,,
tracee_tracee,io.tracee.backend.slf4j,Slf4jTraceeBackend,get,4,2,1,38,0,,
tracee_tracee,io.tracee.backend.slf4j,Slf4jTraceeBackend,put,9,4,2,46,0,,
tracee_tracee,io.tracee.backend.slf4j,Slf4jTraceeBackend,remove,6,3,1,57,0,,
tracee_tracee,io.tracee.backend.slf4j,Slf4jTraceeBackend,clear,6,2,0,65,0,,
tracee_tracee,io.tracee.backend.slf4j,Slf4jTraceeBackend,putAll,5,2,1,73,0,io.tracee.backend.slf4j.Slf4jTraceeBackend,io.tracee.backend.slf4j.Slf4jTraceeBackend
tracee_tracee,io.tracee.backend.slf4j,Slf4jTraceeBackend,copyToMap,11,3,0,80,0,,
tracee_tracee,io.tracee.backend.slf4j,Slf4jTraceeContextProviderIT,testLoadProviderAndStoreToSlf4jMdc,6,1,0,17,1,io.tracee.Tracee,io.tracee.Tracee; io.tracee.TraceeBackend
tracee_tracee,io.tracee.backend.slf4j,Slf4jTraceeBackendTest,before,3,1,0,21,0,,
tracee_tracee,io.tracee.backend.slf4j,Slf4jTraceeBackendTest,keyShouldExistOnlyIfInTraceeKeys,5,1,0,26,1,,
tracee_tracee,io.tracee.backend.slf4j,Slf4jTraceeBackendTest,sizeShouldRespondWithTraceeKeysSize,5,1,0,33,1,,
tracee_tracee,io.tracee.backend.slf4j,Slf4jTraceeBackendTest,backendIsEmptyIfTraceeKeysIsEmpty,4,1,0,40,1,,
tracee_tracee,io.tracee.backend.slf4j,Slf4jTraceeBackendTest,backendIsNotEmptryIfTraceeKeysIsNotEmpty,4,1,0,46,1,,
tracee_tracee,io.tracee.backend.slf4j,Slf4jTraceeBackendTest,clearRemovesAllKeysInTraceeKeysFromMdc,8,1,0,52,1,,
tracee_tracee,io.tracee.backend.slf4j,Slf4jTraceeBackendTest,putAddsToMdcAndTraceeKeys,5,1,0,62,1,,
tracee_tracee,io.tracee.backend.slf4j,Slf4jTraceeBackendTest,putAllAddsAllTupleToMdcAndTraceeKeys,9,1,0,69,1,,
tracee_tracee,io.tracee.backend.slf4j,Slf4jTraceeBackendTest,copyToMapShouldCopyAllTraceeKeys,8,1,0,80,1,,
tracee_tracee,io.tracee.backend.slf4j,Slf4jTraceeBackendTest,returnNullIfKeyIsNull,3,1,0,90,1,,
tracee_tracee,io.tracee.backend.slf4j,Slf4jTraceeBackendTest,returnNullIfKeyIsNotInTraceeValues,4,1,0,95,1,,
tracee_tracee,io.tracee.backend.slf4j,Slf4jMdcDelegationTest,setup,4,1,0,38,0,,
tracee_tracee,io.tracee.backend.slf4j,Slf4jMdcDelegationTest,shouldPutToMDC,5,1,0,44,1,,
tracee_tracee,io.tracee.backend.slf4j,Slf4jMdcDelegationTest,putWritesEntryToKeysSet,4,1,0,51,1,,
tracee_tracee,io.tracee.backend.slf4j,Slf4jMdcDelegationTest,putAllWritesEntriesToMdcLike,11,1,0,57,1,,
tracee_tracee,io.tracee.backend.slf4j,Slf4jMdcDelegationTest,putAllWritesEntriesToKeysSet,7,1,0,70,1,,
tracee_tracee,io.tracee.backend.slf4j,Slf4jMdcDelegationTest,clearAlsoRemovesTheThreadLocalTraceeKeys,7,1,0,79,1,,
tracee_tracee,io.tracee.backend.slf4j,Slf4jMdcDelegationTest,containsShouldReturnTrueIfInMdcAndKeySet,5,1,0,88,1,,
tracee_tracee,io.tracee.backend.slf4j,Slf4jMdcDelegationTest,containsShouldReturnFalseIfInKeysetButNotMDC,4,1,0,95,1,,
tracee_tracee,io.tracee.backend.slf4j,Slf4jMdcDelegationTest,containsShouldReturnFalseIfInMdcButNotInKeyset,4,1,0,101,1,,
tracee_tracee,io.tracee.backend.slf4j,Slf4jMdcDelegationTest,getValueFromMdcIfInKeySet,5,1,0,107,1,,
tracee_tracee,io.tracee.backend.slf4j,Slf4jMdcDelegationTest,getDoesNotReadFromMdcWhenKeyIsNotInKeySet,4,1,0,114,1,,
tracee_tracee,io.tracee.backend.slf4j,Slf4jMdcDelegationTest,callOnRemoveShouldRemoveValueFromMDC,6,1,0,120,1,,
tracee_tracee,io.tracee.backend.slf4j,Slf4jMdcDelegationTest,callOnRemoveShouldRemoveValueFromTraceeKeys,5,1,0,128,1,,
tracee_tracee,io.tracee.backend.slf4j,Slf4jMdcDelegationTest,removeDoesNotRemoveUnregisteredKeysFromMDC,4,1,0,135,1,,
tracee_tracee,io.tracee.backend.slf4j,Slf4jMdcDelegationTest,sizeCorrespondsToStoredKeysSize,4,1,0,141,1,,
tracee_tracee,io.tracee.backend.slf4j,Slf4jMdcDelegationTest,isEmptyWhenKeySetIsEmptyRegardlessOfMDC,4,1,0,147,1,,
tracee_tracee,io.tracee.backend.slf4j,Slf4jMdcDelegationTest,isNotEmptyIfKeySetContainsValuesRegardlessOfMDC,4,1,0,153,1,,
tracee_tracee,io.tracee.backend.slf4j,Slf4jMdcDelegationTest,copyToMapShouldCreateACopy,7,1,0,159,1,,
tracee_tracee,io.tracee.backend.slf4j,Slf4jTraceeBackendProviderTest,testProvideBackend,3,1,0,12,1,,
tracee_tracee,io.tracee.backend.slf4j,Slf4jTraceeBackendIT,traceeShouldReturnSlf4JBackendByDefault,3,1,0,14,1,io.tracee.Tracee,io.tracee.Tracee
tracee_tracee,io.tracee.backend.slf4j,Slf4jTraceeBackendIT,shouldReturnAlwaystheSameDefaultBackend,4,1,0,19,1,io.tracee.Tracee,io.tracee.Tracee
tracee_tracee,io.tracee.transport,HttpHeaderTransport,parse,20,3,1,20,0,,
tracee_tracee,io.tracee.transport,HttpHeaderTransport,parse,7,2,1,41,0,io.tracee.transport.HttpHeaderTransport,io.tracee.transport.HttpHeaderTransport
tracee_tracee,io.tracee.transport,HttpHeaderTransport,render,18,3,1,50,0,,
tracee_tracee,io.tracee.transport,SoapHeaderTransport,SoapHeaderTransport,8,1,0,31,0,,
tracee_tracee,io.tracee.transport,SoapHeaderTransport,parseSoapHeader,11,3,1,39,0,io.tracee.transport.SoapHeaderTransport,io.tracee.transport.SoapHeaderTransport
tracee_tracee,io.tracee.transport,SoapHeaderTransport,parseTpicHeader,3,1,1,57,0,,
tracee_tracee,io.tracee.transport,SoapHeaderTransport,parseTpicHeader,3,1,1,64,0,,
tracee_tracee,io.tracee.transport,SoapHeaderTransport,parseTpicHeader,16,3,2,68,0,,
tracee_tracee,io.tracee.transport,SoapHeaderTransport,renderSoapHeader,3,1,2,102,0,,
tracee_tracee,io.tracee.transport,SoapHeaderTransport,renderSoapHeader,3,1,2,109,0,,
tracee_tracee,io.tracee.transport,SoapHeaderTransport,renderSoapHeader,10,1,3,116,0,,
tracee_tracee,io.tracee.transport,SimpleNodeList,SimpleNodeList,2,1,0,15,0,,
tracee_tracee,io.tracee.transport,SimpleNodeList,SimpleNodeList,3,1,1,18,0,,
tracee_tracee,io.tracee.transport,SimpleNodeList,item,3,1,1,22,0,,
tracee_tracee,io.tracee.transport,SimpleNodeList,getLength,3,1,0,27,0,,
tracee_tracee,io.tracee.transport,SimpleNodeList,iterator,3,1,0,32,0,,
tracee_tracee,io.tracee.transport,SimpleNodeList,add,3,1,1,37,0,,
tracee_tracee,io.tracee.transport,SimpleNodeList,addAll,3,1,1,41,0,,
tracee_tracee,io.tracee.transport,SoapHeaderTransportTest,setUp,3,1,0,43,0,,
tracee_tracee,io.tracee.transport,SoapHeaderTransportTest,renderTpicHeaderToSoapMessage,12,1,0,48,1,,
tracee_tracee,io.tracee.transport,SoapHeaderTransportTest,parseSoapHeaderWithOneTPICHeader,6,1,0,64,1,,
tracee_tracee,io.tracee.transport,SoapHeaderTransportTest,parseSoapHeaderWithMultipleTPICHeader,9,1,0,73,1,,
tracee_tracee,io.tracee.transport,SoapHeaderTransportTest,parseSoapHeaderToEmptyMapIfNotParsable,3,1,0,85,1,,
tracee_tracee,io.tracee.transport,SoapHeaderTransportTest,parseTpicHeaderToEmptyMapIfNotParsable,3,1,0,90,1,,
tracee_tracee,io.tracee.transport,SoapHeaderTransportTest,parseTpicHeaderToEmptyMapIfNoTraceeHeaderIsPresent,6,1,0,95,1,,
tracee_tracee,io.tracee.transport,SoapHeaderTransportTest,readRealXmlMessageAndParseHeader,10,1,0,104,1,,
tracee_tracee,io.tracee.transport,SoapHeaderTransportTest,renderTpicContextToResult,9,1,0,117,1,,
tracee_tracee,io.tracee.transport,SoapHeaderTransportTest,returnEmptyMapIfSourceIsNull,4,1,0,129,1,,
tracee_tracee,io.tracee.transport,SoapHeaderTransportTest,parseSourceIntoTpicMap,6,1,0,135,1,,
tracee_tracee,io.tracee.transport,SoapHeaderTransportTest,serializeDeserializerTestWithResultAndSource,9,1,0,144,1,,
tracee_tracee,io.tracee.transport,HttpHeaderTransportTest,renderKeyValueWithEqualSignAndConcatWithComma,6,1,0,26,1,,
tracee_tracee,io.tracee.transport,HttpHeaderTransportTest,trimValuesBeforeConcat,7,1,0,34,1,,
tracee_tracee,io.tracee.transport,HttpHeaderTransportTest,renderEmptyMapResultsIntoEmptyString,3,1,0,43,1,,
tracee_tracee,io.tracee.transport,HttpHeaderTransportTest,specialCharsShouldGetEscapedToNonUnsafeCharacters,7,1,0,48,1,,
tracee_tracee,io.tracee.transport,HttpHeaderTransportTest,specialCharsShouldGetEscapedToNotUsedSeperatorCharacters,14,1,0,57,1,,
tracee_tracee,io.tracee.transport,HttpHeaderTransportTest,specialCharsShouldGetEscapedAndUseOnlyCommaAndEqualsSignForConcat,8,1,0,73,1,,
tracee_tracee,io.tracee.transport,HttpHeaderTransportTest,emptyHeaderShouldReturnEmptyMap,5,1,0,83,1,,
tracee_tracee,io.tracee.transport,HttpHeaderTransportTest,parseHeaderWithoutAnySpecialChars,6,1,0,90,1,,
tracee_tracee,io.tracee.transport,HttpHeaderTransportTest,specialCharactersShouldBeParsedBackIntoContextMap,6,1,0,98,1,,
tracee_tracee,io.tracee.transport,HttpHeaderTransportTest,trimHeaderBeforeParsing,6,1,0,106,1,,
tracee_tracee,io.tracee.transport,HttpHeaderTransportTest,skipPairWithoutValuePart,6,1,0,114,1,,
tracee_tracee,io.tracee.transport,HttpHeaderTransportTest,skipPairWithTwoEqualSign,6,1,0,122,1,,
tracee_tracee,io.tracee.transport,HttpHeaderTransportTest,headerWithCommaShouldReturnInEmptyMap,5,1,0,130,1,,
tracee_tracee,io.tracee.transport,HttpHeaderTransportTest,shouldParseTwoHeadersAndMergeThem,8,1,0,137,1,,
tracee_tracee,io.tracee.transport,HttpHeaderTransportTest,countChars,8,3,2,147,0,,
tracee_tracee,io.tracee.transport.jaxb,TpicMap,TpicMap,3,1,1,24,0,,
tracee_tracee,io.tracee.transport.jaxb,TpicMap,TpicMap,3,1,0,29,0,,
tracee_tracee,io.tracee.transport.jaxb,TpicMap,wrap,7,2,1,34,0,,
tracee_tracee,io.tracee.transport.jaxb,TpicMap,unwrapValues,10,3,0,42,0,,
tracee_tracee,io.tracee.transport.jaxb,TpicMap,equals,7,4,1,53,0,,
tracee_tracee,io.tracee.transport.jaxb,TpicMap,hashCode,3,1,0,65,0,,
tracee_tracee,io.tracee.transport.jaxb,TpicHeaderValueAdapterTest,setUp,3,1,0,37,0,,
tracee_tracee,io.tracee.transport.jaxb,TpicHeaderValueAdapterTest,marshallRequestAndSessionId,14,1,0,42,1,,
tracee_tracee,io.tracee.transport.jaxb,TpicHeaderValueAdapterTest,unmarshallRequestAndSessionId,6,1,0,59,1,,
tracee_tracee,io.tracee.transport.jaxb,TpicHeaderValueAdapterTest,shouldTransferSpecialCharactersDueMarshallUnmarshall,10,1,0,67,1,,
tracee_tracee,io.tracee.transport.jaxb,TpicMapTest,tpicMapShouldImplementEqualsCorrect,3,1,0,11,1,,
tracee_tracee,io.tracee.transport.jaxb,TpicMapTest,tpicMapEntryShouldImplementEqualsCorrect,3,1,0,16,1,,
tracee_tracee,io.tracee.transport.jaxb,TpicMapTest,toStringShouldContainTheKey,3,1,0,21,1,,
tracee_tracee,io.tracee.transport.jaxb,TpicMapTest,toStringShouldContainTheValue,3,1,0,26,1,,
tracee_tracee,io.tracee.binding.springrabbitmq,TraceeMessagePropertiesConverter,TraceeMessagePropertiesConverter,3,1,0,25,0,io.tracee.Tracee,io.tracee.Tracee
tracee_tracee,io.tracee.binding.springrabbitmq,TraceeMessagePropertiesConverter,TraceeMessagePropertiesConverter,3,1,1,29,0,io.tracee.Tracee,io.tracee.Tracee
tracee_tracee,io.tracee.binding.springrabbitmq,TraceeMessagePropertiesConverter,TraceeMessagePropertiesConverter,4,1,2,33,0,,
tracee_tracee,io.tracee.binding.springrabbitmq,TraceeMessagePropertiesConverter,toMessageProperties,12,3,3,38,0,io.tracee.TraceeBackend,io.tracee.TraceeBackend; io.tracee.configuration.TraceeFilterConfiguration; io.tracee.binding.springrabbitmq.TraceeMessagePropertiesConverter
tracee_tracee,io.tracee.binding.springrabbitmq,TraceeMessagePropertiesConverter,transformToTraceeContextMap,9,3,1,59,0,,
tracee_tracee,io.tracee.binding.springrabbitmq,TraceeMessagePropertiesConverter,fromMessageProperties,8,2,2,69,0,io.tracee.TraceeBackend,io.tracee.TraceeBackend; io.tracee.configuration.TraceeFilterConfiguration
tracee_tracee,io.tracee.binding.springrabbitmq,TraceeMessagePropertiesConverterTest,shouldAddTraceeContexttoMessageHeaders,7,1,0,38,1,io.tracee.TraceeBackend,io.tracee.TraceeBackend
tracee_tracee,io.tracee.binding.springrabbitmq,TraceeMessagePropertiesConverterTest,messageParserShouldHandleMissingTpicHeaderAndGenerateInvocationId,4,1,0,49,1,io.tracee.TraceeBackend,io.tracee.TraceeBackend
tracee_tracee,io.tracee.binding.springrabbitmq,TraceeMessagePropertiesConverterTest,parseMessageHeaderIntoBackend,6,1,0,55,1,io.tracee.TraceeBackend,io.tracee.TraceeBackend
tracee_tracee,io.tracee.binding.springrabbitmq,TraceeMessagePropertiesConverterTest,noTraceeHeaderShouldResultInGeneratedRequestId,5,1,0,65,1,io.tracee.TraceeBackend,io.tracee.TraceeBackend
tracee_tracee,io.tracee.binding.springrabbitmq,TraceeMessagePropertiesConverterTest,roundTripShouldWorkAndGenerateRequestId,10,1,0,73,1,io.tracee.TraceeBackend,io.tracee.TraceeBackend
tracee_tracee,io.tracee.binding.springrabbitmq,TraceeMessagePropertiesConverterTest,defaultConstructorUsesDefaultProfile,4,1,0,88,1,io.tracee.testhelper.FieldAccessUtil,io.tracee.testhelper.FieldAccessUtil
tracee_tracee,io.tracee.binding.springrabbitmq,TraceeMessagePropertiesConverterTest,defaultConstructorUsesTraceeBackend,4,1,0,94,1,io.tracee.testhelper.FieldAccessUtil,io.tracee.testhelper.FieldAccessUtil; io.tracee.Tracee
tracee_tracee,io.tracee.binding.springrabbitmq,TraceeMessagePropertiesConverterTest,constructorStoresProfileNameInternal,4,1,0,100,1,io.tracee.testhelper.FieldAccessUtil,io.tracee.testhelper.FieldAccessUtil
tracee_tracee,io.tracee.binding.springrabbitmq,TraceeMessagePropertiesConverterTest,createRabbitHeaderWith,8,1,2,106,0,,
tracee_tracee,io.tracee.spring.autoconfigure,TraceeProperties,getSessionIdLength,3,1,0,39,0,,
tracee_tracee,io.tracee.spring.autoconfigure,TraceeProperties,setSessionIdLength,3,1,1,43,0,,
tracee_tracee,io.tracee.spring.autoconfigure,TraceeProperties,getInvocationIdLength,3,1,0,47,0,,
tracee_tracee,io.tracee.spring.autoconfigure,TraceeProperties,setInvocationIdLength,3,1,1,51,0,,
tracee_tracee,io.tracee.spring.autoconfigure,TraceeProperties,getFilter,3,1,0,55,0,,
tracee_tracee,io.tracee.spring.autoconfigure,TraceeProperties,setFilter,3,1,1,59,0,,
tracee_tracee,io.tracee.spring.autoconfigure,TraceeProperties,getProfile,3,1,0,63,0,,
tracee_tracee,io.tracee.spring.autoconfigure,TraceeProperties,setProfile,3,1,1,67,0,,
tracee_tracee,io.tracee.spring.autoconfigure,TraceeProperties,shouldProcessParam,3,1,2,72,0,,
tracee_tracee,io.tracee.spring.autoconfigure,TraceeProperties,filterDeniedParams,3,1,2,77,0,,
tracee_tracee,io.tracee.spring.autoconfigure,TraceeProperties,shouldProcessContext,3,1,1,82,0,,
tracee_tracee,io.tracee.spring.autoconfigure,TraceeProperties,shouldGenerateInvocationId,3,1,0,87,0,,
tracee_tracee,io.tracee.spring.autoconfigure,TraceeProperties,generatedInvocationIdLength,3,1,0,92,0,,
tracee_tracee,io.tracee.spring.autoconfigure,TraceeProperties,shouldGenerateSessionId,3,1,0,97,0,,
tracee_tracee,io.tracee.spring.autoconfigure,TraceeProperties,generatedSessionIdLength,3,1,0,102,0,,
tracee_tracee,io.tracee.spring.autoconfigure,TraceeProperties,getAsFilterConfiguration,3,1,0,108,0,,
tracee_tracee,io.tracee.spring.autoconfigure,TraceeAutoConfigurationTest,tearDown,5,2,0,41,0,,
tracee_tracee,io.tracee.spring.autoconfigure,TraceeAutoConfigurationTest,providesBackend,4,1,0,55,1,,
tracee_tracee,io.tracee.spring.autoconfigure,TraceeAutoConfigurationTest,emptyConfigurationProducesNoTraceeSpringAsyncAutoConfiguration,5,1,0,66,1,,
tracee_tracee,io.tracee.spring.autoconfigure,TraceeAutoConfigurationTest,emptyConfigurationProducesNoTraceeSpringMvcAutoConfiguration,5,1,0,73,1,,
tracee_tracee,io.tracee.spring.autoconfigure,TraceeAutoConfigurationTest,emptyConfigurationProducesNoTraceeSpringWebAutoConfiguration,5,1,0,81,1,,
tracee_tracee,io.tracee.spring.autoconfigure,TraceeAutoConfigurationTest,providesConfiguration,10,1,0,89,1,,
tracee_tracee,io.tracee.spring.autoconfigure,TraceeAutoConfigurationTest,providesNoFilterConfigurationCustomIsDefined,7,1,0,123,1,,
tracee_tracee,io.tracee.spring.autoconfigure,TraceeAutoConfigurationTest,doesNotOverrideExistingBackend,4,1,0,143,1,,
tracee_tracee,io.tracee.spring.autoconfigure,TraceeAutoConfigurationTest,doesNotOverrideExistingFilterConfiguration,4,1,0,158,1,,
tracee_tracee,io.tracee.spring.autoconfigure,TraceeAutoConfigurationTest,providesRestTemplateInterceptor,6,1,0,173,1,,
tracee_tracee,io.tracee.spring.autoconfigure,TraceeAutoConfigurationTest,load,7,1,2,181,0,,
tracee_tracee,io.tracee.spring.autoconfigure,TraceeMvcAutoConfigurationIT,testInterceptorIsConfigured,7,1,0,50,1,io.tracee.testhelper.FieldAccessUtil,io.tracee.testhelper.FieldAccessUtil
tracee_tracee,io.tracee.binding.httpcomponents,TraceeHttpResponseInterceptor,TraceeHttpResponseInterceptor,3,1,0,26,0,,
tracee_tracee,io.tracee.binding.httpcomponents,TraceeHttpResponseInterceptor,TraceeHttpResponseInterceptor,3,1,1,30,0,io.tracee.Tracee,io.tracee.Tracee
tracee_tracee,io.tracee.binding.httpcomponents,TraceeHttpResponseInterceptor,TraceeHttpResponseInterceptor,5,1,2,34,0,,
tracee_tracee,io.tracee.binding.httpcomponents,TraceeHttpResponseInterceptor,process,11,3,2,40,0,io.tracee.TraceeBackend,io.tracee.TraceeBackend; io.tracee.configuration.TraceeFilterConfiguration
tracee_tracee,io.tracee.binding.httpcomponents,TraceeHttpRequestInterceptor,TraceeHttpRequestInterceptor,3,1,0,23,0,,
tracee_tracee,io.tracee.binding.httpcomponents,TraceeHttpRequestInterceptor,TraceeHttpRequestInterceptor,3,1,1,27,0,io.tracee.Tracee,io.tracee.Tracee
tracee_tracee,io.tracee.binding.httpcomponents,TraceeHttpRequestInterceptor,TraceeHttpRequestInterceptor,5,1,2,31,0,,
tracee_tracee,io.tracee.binding.httpcomponents,TraceeHttpRequestInterceptor,process,7,2,2,37,0,io.tracee.TraceeBackend,io.tracee.TraceeBackend; io.tracee.configuration.TraceeFilterConfiguration
tracee_tracee,io.tracee.binding.httpcomponents,TraceeHttpResponseInterceptorTest,testResponseInterceptorParsesHttpHeaderToBackend,6,1,0,26,1,io.tracee.testhelper.SimpleTraceeBackend,io.tracee.testhelper.SimpleTraceeBackend
tracee_tracee,io.tracee.binding.httpcomponents,TraceeHttpResponseInterceptorTest,defaultConstructorUsesDefaultProfile,4,1,0,34,1,io.tracee.testhelper.FieldAccessUtil,io.tracee.testhelper.FieldAccessUtil
tracee_tracee,io.tracee.binding.httpcomponents,TraceeHttpResponseInterceptorTest,defaultConstructorUsesTraceeBackend,4,1,0,40,1,io.tracee.testhelper.FieldAccessUtil,io.tracee.testhelper.FieldAccessUtil; io.tracee.Tracee
tracee_tracee,io.tracee.binding.httpcomponents,TraceeHttpResponseInterceptorTest,constructorStoresProfileNameInternal,4,1,0,46,1,io.tracee.testhelper.FieldAccessUtil,io.tracee.testhelper.FieldAccessUtil
tracee_tracee,io.tracee.binding.httpcomponents,TraceeHttpRequestInterceptorTest,testRequestInterceptorWritesTraceeContextToRequestHeader,7,1,0,24,1,io.tracee.testhelper.SimpleTraceeBackend,io.tracee.testhelper.SimpleTraceeBackend
tracee_tracee,io.tracee.binding.httpcomponents,TraceeHttpRequestInterceptorTest,defaultConstructorUsesDefaultProfile,4,1,0,36,1,io.tracee.testhelper.FieldAccessUtil,io.tracee.testhelper.FieldAccessUtil
tracee_tracee,io.tracee.binding.httpcomponents,TraceeHttpRequestInterceptorTest,defaultConstructorUsesTraceeBackend,4,1,0,42,1,io.tracee.testhelper.FieldAccessUtil,io.tracee.testhelper.FieldAccessUtil; io.tracee.Tracee
tracee_tracee,io.tracee.binding.httpcomponents,TraceeHttpRequestInterceptorTest,constructorStoresProfileNameInternal,4,1,0,48,1,io.tracee.testhelper.FieldAccessUtil,io.tracee.testhelper.FieldAccessUtil
tracee_tracee,io.tracee.binding.httpcomponents,TraceeHttpInterceptorsIT,testWritesToServerAndParsesResponse,11,1,0,32,1,io.tracee.TraceeBackend,io.tracee.TraceeBackend; io.tracee.Tracee
tracee_tracee,io.tracee.binding.httpcomponents,TraceeHttpInterceptorsIT,startJetty,6,1,0,48,0,,
tracee_tracee,io.tracee.binding.httpcomponents,TraceeHttpInterceptorsIT,handle,7,1,4,57,0,,
tracee_tracee,io.tracee.binding.httpcomponents,TraceeHttpInterceptorsIT,stopJetty,6,2,0,69,0,,
tracee_tracee,io.tracee.binding.httpcomponents,TraceeHttpResponseInterceptor,TraceeHttpResponseInterceptor,3,1,0,27,0,,
tracee_tracee,io.tracee.binding.httpcomponents,TraceeHttpResponseInterceptor,TraceeHttpResponseInterceptor,3,1,1,31,0,io.tracee.Tracee,io.tracee.Tracee
tracee_tracee,io.tracee.binding.httpcomponents,TraceeHttpResponseInterceptor,TraceeHttpResponseInterceptor,5,1,2,35,0,,
tracee_tracee,io.tracee.binding.httpcomponents,TraceeHttpResponseInterceptor,process,11,3,2,41,0,io.tracee.TraceeBackend,io.tracee.TraceeBackend; io.tracee.configuration.TraceeFilterConfiguration
tracee_tracee,io.tracee.binding.httpcomponents,TraceeHttpRequestInterceptor,TraceeHttpRequestInterceptor,3,1,0,23,0,,
tracee_tracee,io.tracee.binding.httpcomponents,TraceeHttpRequestInterceptor,TraceeHttpRequestInterceptor,3,1,1,27,0,io.tracee.Tracee,io.tracee.Tracee
tracee_tracee,io.tracee.binding.httpcomponents,TraceeHttpRequestInterceptor,TraceeHttpRequestInterceptor,5,1,2,31,0,,
tracee_tracee,io.tracee.binding.httpcomponents,TraceeHttpRequestInterceptor,process,7,2,2,37,0,io.tracee.TraceeBackend,io.tracee.TraceeBackend; io.tracee.configuration.TraceeFilterConfiguration
tracee_tracee,io.tracee.binding.httpcomponents,TraceeHttpResponseInterceptorTest,testResponseInterceptorParsesHttpHeaderToBackend,6,1,0,26,1,io.tracee.testhelper.SimpleTraceeBackend,io.tracee.testhelper.SimpleTraceeBackend
tracee_tracee,io.tracee.binding.httpcomponents,TraceeHttpResponseInterceptorTest,defaultConstructorUsesDefaultProfile,4,1,0,34,1,io.tracee.testhelper.FieldAccessUtil,io.tracee.testhelper.FieldAccessUtil
tracee_tracee,io.tracee.binding.httpcomponents,TraceeHttpResponseInterceptorTest,defaultConstructorUsesTraceeBackend,4,1,0,40,1,io.tracee.testhelper.FieldAccessUtil,io.tracee.testhelper.FieldAccessUtil; io.tracee.Tracee
tracee_tracee,io.tracee.binding.httpcomponents,TraceeHttpResponseInterceptorTest,constructorStoresProfileNameInternal,4,1,0,46,1,io.tracee.testhelper.FieldAccessUtil,io.tracee.testhelper.FieldAccessUtil
tracee_tracee,io.tracee.binding.httpcomponents,TraceeHttpRequestInterceptorTest,testRequestInterceptorWritesTraceeContextToRequestHeader,7,1,0,24,1,io.tracee.testhelper.SimpleTraceeBackend,io.tracee.testhelper.SimpleTraceeBackend
tracee_tracee,io.tracee.binding.httpcomponents,TraceeHttpRequestInterceptorTest,defaultConstructorUsesDefaultProfile,4,1,0,36,1,io.tracee.testhelper.FieldAccessUtil,io.tracee.testhelper.FieldAccessUtil
tracee_tracee,io.tracee.binding.httpcomponents,TraceeHttpRequestInterceptorTest,defaultConstructorUsesTraceeBackend,4,1,0,42,1,io.tracee.testhelper.FieldAccessUtil,io.tracee.testhelper.FieldAccessUtil; io.tracee.Tracee
tracee_tracee,io.tracee.binding.httpcomponents,TraceeHttpRequestInterceptorTest,constructorStoresProfileNameInternal,4,1,0,48,1,io.tracee.testhelper.FieldAccessUtil,io.tracee.testhelper.FieldAccessUtil
tracee_tracee,io.tracee.binding.httpcomponents,TraceeHttpInterceptorsIT,handle,7,1,4,29,0,,
tracee_tracee,io.tracee.binding.httpcomponents,TraceeHttpInterceptorsIT,testWritesToServerAndParsesResponse,11,1,0,43,1,io.tracee.TraceeBackend,io.tracee.TraceeBackend; io.tracee.Tracee
tracee_tracee,io.tracee.binding.httpcomponents,TraceeHttpInterceptorsIT,startJetty,6,1,0,59,0,,
tracee_tracee,io.tracee.binding.httpcomponents,TraceeHttpInterceptorsIT,stopJetty,6,2,0,67,0,,
tracee_tracee,io.tracee.binding.spring.context.config,TraceeContextConfiguration,traceeBackend,3,1,0,15,0,io.tracee.Tracee,io.tracee.Tracee
tracee_tracee,io.tracee.binding.spring.context.async,PostTpicAsyncBeanPostProcessor,PostTpicAsyncBeanPostProcessor,3,1,2,18,0,,
tracee_tracee,io.tracee.binding.spring.context.async,PostTpicAsyncBeanPostProcessor,getOrder,3,1,0,23,0,,
tracee_tracee,io.tracee.binding.spring.context.async,PreTpicAsyncBeanPostProcessor,isBeforeExistingAdvisors,3,1,0,19,0,,
tracee_tracee,io.tracee.binding.spring.context.async,PreTpicAsyncBeanPostProcessor,PreTpicAsyncBeanPostProcessor,4,1,2,23,0,,
tracee_tracee,io.tracee.binding.spring.context.async,PreTpicAsyncBeanPostProcessor,setBeanFactory,2,1,1,28,0,,
tracee_tracee,io.tracee.binding.spring.context.async,PreTpicAsyncBeanPostProcessorTest,postProcessorShouldComeWithLowestPriorityToEnsureThatTheInterceptorIsReallyTheFirstInTheChain,4,1,0,27,1,,
tracee_tracee,io.tracee.binding.spring.context.async,PreTpicAsyncBeanPostProcessorTest,ensureThisBeanPostProcessorIsTheFirstInTheRow,4,1,0,34,1,,
tracee_tracee,io.tracee.binding.spring.context.async,PreTpicAsyncBeanPostProcessorTest,ensureAdvisorIsRunningWithMaximumPriority,4,1,0,41,1,,
tracee_tracee,io.tracee.binding.spring.context.async,PreTpicAsyncBeanPostProcessorTest,advisorShouldReturnInterceptor,4,1,0,47,1,,
tracee_tracee,io.tracee.binding.spring.context.async,PreTpicAsyncBeanPostProcessorTest,shouldStoreTpicToInvocationMetadata,9,1,0,53,1,io.tracee.TraceeBackend,io.tracee.TraceeBackend
tracee_tracee,io.tracee.binding.spring.context.async,PostTpicAsyncBeanPostProcessorTest,before,4,1,0,38,0,io.tracee.Tracee,io.tracee.Tracee
tracee_tracee,io.tracee.binding.spring.context.async,PostTpicAsyncBeanPostProcessorTest,after,4,1,0,44,0,io.tracee.TraceeBackend,io.tracee.TraceeBackend; io.tracee.Tracee
tracee_tracee,io.tracee.binding.spring.context.async,PostTpicAsyncBeanPostProcessorTest,ensureThatThePriorityIsNotHighestToRunInAsyncMode,4,1,0,50,1,,
tracee_tracee,io.tracee.binding.spring.context.async,PostTpicAsyncBeanPostProcessorTest,advisorShouldReturnInterceptor,4,1,0,57,1,,
tracee_tracee,io.tracee.binding.spring.context.async,PostTpicAsyncBeanPostProcessorTest,shouldRestoreTpicFromMetadataWhenSet,10,1,0,63,1,,
tracee_tracee,io.tracee.binding.spring.context.async,PostTpicAsyncBeanPostProcessorTest,shouldSkipTpicRestoreFromMetadataWhenMetadataIsNull,8,1,0,76,1,,
tracee_tracee,io.tracee.binding.spring.context.async,PostTpicAsyncBeanPostProcessorTest,shouldClearTpicAfterInvocation,7,1,0,87,1,,
tracee_tracee,io.tracee.binding.spring.context.async,DelegateTpicToAsyncExecutionInterceptorIT,shouldDelegateToClientThread,14,3,0,53,1,io.tracee.TraceeBackend,io.tracee.TraceeBackend
tracee_tracee,io.tracee.binding.spring.context.async.config,TraceeAsyncConfiguration,preTpicAsyncBeanPostProcessor,3,1,2,17,0,,
tracee_tracee,io.tracee.binding.spring.context.async.config,TraceeAsyncConfiguration,postTpicAsyncBeanPostProcessor,3,1,2,22,0,,
tracee_tracee,io.tracee.binding.jaxrs2,TraceeClientFilter,TraceeClientFilter,3,1,0,25,0,io.tracee.Tracee,io.tracee.Tracee
tracee_tracee,io.tracee.binding.jaxrs2,TraceeClientFilter,TraceeClientFilter,4,1,1,30,0,,
tracee_tracee,io.tracee.binding.jaxrs2,TraceeClientFilter,filter,6,2,1,35,0,io.tracee.TraceeBackend,io.tracee.TraceeBackend; io.tracee.configuration.TraceeFilterConfiguration
tracee_tracee,io.tracee.binding.jaxrs2,TraceeClientFilter,filter,7,2,2,46,0,io.tracee.configuration.TraceeFilterConfiguration,io.tracee.configuration.TraceeFilterConfiguration; io.tracee.TraceeBackend
tracee_tracee,io.tracee.binding.jaxrs2,TraceeContainerFilter,TraceeContainerFilter,3,1,0,26,0,io.tracee.Tracee,io.tracee.Tracee
tracee_tracee,io.tracee.binding.jaxrs2,TraceeContainerFilter,TraceeContainerFilter,4,1,1,31,0,,
tracee_tracee,io.tracee.binding.jaxrs2,TraceeContainerFilter,filter,10,3,1,36,0,io.tracee.configuration.TraceeFilterConfiguration,io.tracee.configuration.TraceeFilterConfiguration; io.tracee.TraceeBackend
tracee_tracee,io.tracee.binding.jaxrs2,TraceeContainerFilter,filter,7,2,2,53,0,io.tracee.configuration.TraceeFilterConfiguration,io.tracee.configuration.TraceeFilterConfiguration; io.tracee.TraceeBackend
tracee_tracee,io.tracee.binding.jaxrs2,TraceeContainerFilterRequestTest,setUp,4,1,0,32,0,io.tracee.TraceeBackend,io.tracee.TraceeBackend
tracee_tracee,io.tracee.binding.jaxrs2,TraceeContainerFilterRequestTest,testFilterParsesContextFromHeaderToBackend,5,1,0,38,1,io.tracee.TraceeBackend,io.tracee.TraceeBackend
tracee_tracee,io.tracee.binding.jaxrs2,TraceeContainerFilterRequestTest,testFilterParsesExistingInvocationId,5,1,0,45,1,io.tracee.TraceeBackend,io.tracee.TraceeBackend
tracee_tracee,io.tracee.binding.jaxrs2,TraceeContainerFilterRequestTest,testFilterCreatesInvocationIdIfNotInHeaders,4,1,0,52,1,io.tracee.TraceeBackend,io.tracee.TraceeBackend
tracee_tracee,io.tracee.binding.jaxrs2,TraceeContainerFilterRequestTest,defaultConstructorUsesDefaultProfile,4,1,0,58,1,io.tracee.testhelper.FieldAccessUtil,io.tracee.testhelper.FieldAccessUtil; io.tracee.Tracee
tracee_tracee,io.tracee.binding.jaxrs2,TraceeClientFilterRequestTest,setUp,4,1,0,32,0,,
tracee_tracee,io.tracee.binding.jaxrs2,TraceeClientFilterRequestTest,testFilterWritesBackendToRequestContextHeaders,5,1,0,38,1,io.tracee.TraceeBackend,io.tracee.TraceeBackend
tracee_tracee,io.tracee.binding.jaxrs2,TraceeClientFilterRequestTest,doNotCreateInvocationIdOnOutgoingRequest,5,1,0,46,1,io.tracee.TraceeBackend,io.tracee.TraceeBackend
tracee_tracee,io.tracee.binding.jaxrs2,TraceeClientFilterRequestTest,testFilterKeepsExistingInvocationId,6,1,0,54,1,io.tracee.TraceeBackend,io.tracee.TraceeBackend
tracee_tracee,io.tracee.binding.jaxrs2,TraceeClientFilterRequestTest,defaultConstructorUsesDefaultProfile,4,1,0,63,1,io.tracee.testhelper.FieldAccessUtil,io.tracee.testhelper.FieldAccessUtil; io.tracee.Tracee
tracee_tracee,io.tracee.binding.jaxrs2,AllFilterIT,setUp,5,1,0,29,0,io.tracee.TraceeBackend,io.tracee.TraceeBackend; io.tracee.Tracee
tracee_tracee,io.tracee.binding.jaxrs2,AllFilterIT,tearDown,3,1,0,36,0,,
tracee_tracee,io.tracee.binding.jaxrs2,AllFilterIT,testRoundtrip,8,1,0,41,1,io.tracee.TraceeBackend,io.tracee.TraceeBackend; io.tracee.Tracee
tracee_tracee,io.tracee.binding.jaxrs2,TraceeContainerFilterResponseTest,setUp,4,1,0,27,0,io.tracee.TraceeBackend,io.tracee.TraceeBackend
tracee_tracee,io.tracee.binding.jaxrs2,TraceeContainerFilterResponseTest,testFilterWritesContextToResponse,5,1,0,33,1,io.tracee.TraceeBackend,io.tracee.TraceeBackend
tracee_tracee,io.tracee.binding.jaxrs2,TraceeContainerFilterResponseTest,testFilterCleansUpBackend,5,1,0,41,1,io.tracee.TraceeBackend,io.tracee.TraceeBackend
tracee_tracee,io.tracee.binding.jaxrs2,TraceeClientFilterResponseTest,setUp,4,1,0,26,0,io.tracee.TraceeBackend,io.tracee.TraceeBackend
tracee_tracee,io.tracee.binding.jaxrs2,TraceeClientFilterResponseTest,testFilterParsesContextFromHeaderToBackend,5,1,0,32,1,io.tracee.TraceeBackend,io.tracee.TraceeBackend
tracee_tracee,io.tracee.binding.servlet,TraceeFilter,TraceeFilter,3,1,0,37,0,io.tracee.Tracee,io.tracee.Tracee
tracee_tracee,io.tracee.binding.servlet,TraceeFilter,TraceeFilter,4,1,2,42,0,,
tracee_tracee,io.tracee.binding.servlet,TraceeFilter,doFilter,8,2,3,47,0,io.tracee.binding.servlet.TraceeFilter,io.tracee.binding.servlet.TraceeFilter
tracee_tracee,io.tracee.binding.servlet,TraceeFilter,doFilterHttp,12,2,3,57,0,io.tracee.TraceeBackend,io.tracee.TraceeBackend; io.tracee.binding.servlet.TraceeFilter
tracee_tracee,io.tracee.binding.servlet,TraceeFilter,writeContextToResponse,6,2,2,74,0,io.tracee.TraceeBackend,io.tracee.TraceeBackend; io.tracee.configuration.TraceeFilterConfiguration
tracee_tracee,io.tracee.binding.servlet,TraceeFilter,init,6,2,1,81,0,,
tracee_tracee,io.tracee.binding.servlet,TraceeFilter,destroy,2,1,0,89,0,,
tracee_tracee,io.tracee.binding.servlet,TraceeSessionListener,TraceeSessionListener,3,1,0,26,0,io.tracee.Tracee,io.tracee.Tracee
tracee_tracee,io.tracee.binding.servlet,TraceeSessionListener,TraceeSessionListener,3,1,1,31,0,,
tracee_tracee,io.tracee.binding.servlet,TraceeSessionListener,sessionCreated,3,1,1,35,0,,
tracee_tracee,io.tracee.binding.servlet,TraceeSessionListener,sessionDestroyed,3,1,1,40,0,io.tracee.TraceeBackend,io.tracee.TraceeBackend
tracee_tracee,io.tracee.binding.servlet,TraceeServletRequestListener,TraceeServletRequestListener,4,1,2,34,0,,
tracee_tracee,io.tracee.binding.servlet,TraceeServletRequestListener,TraceeServletRequestListener,3,1,0,39,0,io.tracee.Tracee,io.tracee.Tracee
tracee_tracee,io.tracee.binding.servlet,TraceeServletRequestListener,requestDestroyed,3,1,1,43,0,io.tracee.TraceeBackend,io.tracee.TraceeBackend
tracee_tracee,io.tracee.binding.servlet,TraceeServletRequestListener,requestInitialized,6,2,1,48,0,io.tracee.binding.servlet.TraceeServletRequestListener,io.tracee.binding.servlet.TraceeServletRequestListener
tracee_tracee,io.tracee.binding.servlet,TraceeServletRequestListener,httpRequestInitialized,15,4,1,56,0,io.tracee.TraceeBackend,io.tracee.TraceeBackend; io.tracee.configuration.TraceeFilterConfiguration
tracee_tracee,io.tracee.binding.servlet,TraceeFilterTest,testUsesProfileIfConfigured,9,1,0,46,1,,
tracee_tracee,io.tracee.binding.servlet,TraceeFilterTest,testWriteResponseHeaderEvenIfFilterChainThrowsAnException,11,1,0,57,1,io.tracee.testhelper.SimpleTraceeBackend,io.tracee.testhelper.SimpleTraceeBackend
tracee_tracee,io.tracee.binding.servlet,TraceeFilterTest,testDoesNotCreateAResponseHeaderWhenBackendIsEmpty,10,1,0,72,1,,
tracee_tracee,io.tracee.binding.servlet,TraceeFilterTest,shouldDelegateToNextInFilterChainForNonHttpRequests,6,1,0,85,1,,
tracee_tracee,io.tracee.binding.servlet,TraceeFilterTest,shouldDelegateToNextInFilterChainForHttpRequests,4,1,0,93,1,,
tracee_tracee,io.tracee.binding.servlet,TraceeFilterTest,defaultConstructorUsesTraceeBackend,4,1,0,99,1,io.tracee.testhelper.FieldAccessUtil,io.tracee.testhelper.FieldAccessUtil; io.tracee.Tracee
tracee_tracee,io.tracee.binding.servlet,TraceeSessionListenerTest,setUpMocks,4,1,0,31,0,io.tracee.TraceeBackend,io.tracee.TraceeBackend
tracee_tracee,io.tracee.binding.servlet,TraceeSessionListenerTest,testWriteSessionIdToContextOnCreateIfConfigured,5,1,0,37,1,io.tracee.configuration.TraceeFilterConfiguration,io.tracee.configuration.TraceeFilterConfiguration
tracee_tracee,io.tracee.binding.servlet,TraceeSessionListenerTest,testDontWriteSessionIdToContextOnCreateIfNotConfigured,5,1,0,44,1,io.tracee.configuration.TraceeFilterConfiguration,io.tracee.configuration.TraceeFilterConfiguration
tracee_tracee,io.tracee.binding.servlet,TraceeSessionListenerTest,cleanupSessionOnDestroy,4,1,0,51,1,,
tracee_tracee,io.tracee.binding.servlet,TraceeSessionListenerTest,defaultConstructorUsesTraceeBackend,4,1,0,57,1,io.tracee.testhelper.FieldAccessUtil,io.tracee.testhelper.FieldAccessUtil; io.tracee.Tracee
tracee_tracee,io.tracee.binding.servlet,TraceeFilterIT,startJetty,10,1,0,42,0,,
tracee_tracee,io.tracee.binding.servlet,TraceeFilterIT,stopJetty,6,2,0,77,0,,
tracee_tracee,io.tracee.binding.servlet,TraceeFilterIT,testCompleteRoundtrip,7,1,0,85,1,,
tracee_tracee,io.tracee.binding.servlet,TraceeFilterIT,testRoundtripWithPrematurlyFlushedBuffer,6,1,0,95,1,,
tracee_tracee,io.tracee.binding.servlet,TraceeFilterIT,get,8,2,2,114,0,,
tracee_tracee,io.tracee.binding.servlet,TraceeServletRequestListenerTest,setupMocks,3,1,0,49,0,io.tracee.TraceeBackend,io.tracee.TraceeBackend
tracee_tracee,io.tracee.binding.servlet,TraceeServletRequestListenerTest,testGeneratesInvocationId,7,1,0,54,1,io.tracee.configuration.TraceeFilterConfiguration,io.tracee.configuration.TraceeFilterConfiguration
tracee_tracee,io.tracee.binding.servlet,TraceeServletRequestListenerTest,testDoesNotGeneratesInvocationId,7,1,0,64,1,io.tracee.configuration.TraceeFilterConfiguration,io.tracee.configuration.TraceeFilterConfiguration
tracee_tracee,io.tracee.binding.servlet,TraceeServletRequestListenerTest,testAcceptIncomingInvocationId,18,1,0,75,1,io.tracee.configuration.TraceeFilterConfiguration,io.tracee.configuration.TraceeFilterConfiguration
tracee_tracee,io.tracee.binding.servlet,TraceeServletRequestListenerTest,answer,3,1,1,80,0,,
tracee_tracee,io.tracee.binding.servlet,TraceeServletRequestListenerTest,testGenerateSessionId,8,1,0,95,1,io.tracee.configuration.TraceeFilterConfiguration,io.tracee.configuration.TraceeFilterConfiguration
tracee_tracee,io.tracee.binding.servlet,TraceeServletRequestListenerTest,testClearsBackendAfterProcessing,4,1,0,106,1,,
tracee_tracee,io.tracee.binding.servlet,TraceeServletRequestListenerTest,defaultConstructorUsesTraceeBackend,4,1,0,112,1,io.tracee.testhelper.FieldAccessUtil,io.tracee.testhelper.FieldAccessUtil; io.tracee.Tracee
tracee_tracee,io.tracee.binding.servlet,TraceeServletRequestListenerTest,wrapToEvent,3,1,1,118,0,,
tracee_tracee,io.tracee.binding.springws,TraceeEndpointInterceptor,TraceeEndpointInterceptor,3,1,0,15,0,io.tracee.Tracee,io.tracee.Tracee
tracee_tracee,io.tracee.binding.springws,TraceeEndpointInterceptor,TraceeEndpointInterceptor,3,1,1,19,0,io.tracee.Tracee,io.tracee.Tracee
tracee_tracee,io.tracee.binding.springws,TraceeEndpointInterceptor,TraceeEndpointInterceptor,3,1,2,23,0,,
tracee_tracee,io.tracee.binding.springws,TraceeEndpointInterceptor,handleRequest,5,1,2,27,0,,
tracee_tracee,io.tracee.binding.springws,TraceeEndpointInterceptor,handleResponse,4,1,2,35,0,,
tracee_tracee,io.tracee.binding.springws,TraceeEndpointInterceptor,handleFault,3,1,2,41,0,io.tracee.binding.springws.TraceeEndpointInterceptor,io.tracee.binding.springws.TraceeEndpointInterceptor
tracee_tracee,io.tracee.binding.springws,TraceeEndpointInterceptor,afterCompletion,3,1,3,46,0,,
tracee_tracee,io.tracee.binding.springws,AbstractTraceeInterceptor,AbstractTraceeInterceptor,4,1,2,29,0,,
tracee_tracee,io.tracee.binding.springws,AbstractTraceeInterceptor,parseContextFromSoapHeader,25,5,2,34,0,io.tracee.TraceeBackend,io.tracee.TraceeBackend; io.tracee.configuration.TraceeFilterConfiguration
tracee_tracee,io.tracee.binding.springws,AbstractTraceeInterceptor,serializeContextToSoapHeader,16,4,2,60,0,io.tracee.TraceeBackend,io.tracee.TraceeBackend; io.tracee.configuration.TraceeFilterConfiguration
tracee_tracee,io.tracee.binding.springws,TraceeClientInterceptor,TraceeClientInterceptor,3,1,0,15,0,io.tracee.Tracee,io.tracee.Tracee
tracee_tracee,io.tracee.binding.springws,TraceeClientInterceptor,TraceeClientInterceptor,3,1,1,19,0,io.tracee.Tracee,io.tracee.Tracee
tracee_tracee,io.tracee.binding.springws,TraceeClientInterceptor,TraceeClientInterceptor,3,1,2,23,0,,
tracee_tracee,io.tracee.binding.springws,TraceeClientInterceptor,handleRequest,4,1,1,27,0,,
tracee_tracee,io.tracee.binding.springws,TraceeClientInterceptor,handleResponse,4,1,1,33,0,,
tracee_tracee,io.tracee.binding.springws,TraceeClientInterceptor,handleFault,3,1,1,39,0,io.tracee.binding.springws.TraceeClientInterceptor,io.tracee.binding.springws.TraceeClientInterceptor
tracee_tracee,io.tracee.binding.springws,TraceeClientInterceptor,afterCompletion,2,1,2,44,0,,
tracee_tracee,io.tracee.binding.springws,TraceeClientInterceptorTest,setup,7,1,0,46,0,,
tracee_tracee,io.tracee.binding.springws,TraceeClientInterceptorTest,doNotAddTpicHeaderIfBackendIsEmpty,4,1,0,55,1,,
tracee_tracee,io.tracee.binding.springws,TraceeClientInterceptorTest,catchJaxbExceptionUponRenderingAndReturnWithoutException,6,1,0,61,1,io.tracee.TraceeBackend,io.tracee.TraceeBackend
tracee_tracee,io.tracee.binding.springws,TraceeClientInterceptorTest,renderTpicContextToRequest,9,1,0,69,1,io.tracee.TraceeBackend,io.tracee.TraceeBackend
tracee_tracee,io.tracee.binding.springws,TraceeClientInterceptorTest,skipResponseHeaderProcessingIfNoSoapHeaderIsPresent,5,1,0,80,1,io.tracee.TraceeBackend,io.tracee.TraceeBackend
tracee_tracee,io.tracee.binding.springws,TraceeClientInterceptorTest,skipResponseHeaderProcessingIfNoTpicHeaderIsPresent,7,1,0,88,1,io.tracee.TraceeBackend,io.tracee.TraceeBackend
tracee_tracee,io.tracee.binding.springws,TraceeClientInterceptorTest,parseTpicHeaderFromResponseToBackend,15,1,0,98,1,io.tracee.TraceeBackend,io.tracee.TraceeBackend
tracee_tracee,io.tracee.binding.springws,TraceeClientInterceptorTest,parseTpicHeaderFromFaultResponseToBackend,15,1,0,117,1,io.tracee.TraceeBackend,io.tracee.TraceeBackend
tracee_tracee,io.tracee.binding.springws,TraceeClientInterceptorTest,skipProcessingWithWrongMessageTypeOnRequest,5,1,0,136,1,io.tracee.TraceeBackend,io.tracee.TraceeBackend
tracee_tracee,io.tracee.binding.springws,TraceeClientInterceptorTest,skipProcessingWithWrongMessageTypeOnResponse,5,1,0,143,1,io.tracee.TraceeBackend,io.tracee.TraceeBackend
tracee_tracee,io.tracee.binding.springws,TraceeClientInterceptorTest,defaultConstructorUsesDefaultProfile,4,1,0,150,1,io.tracee.testhelper.FieldAccessUtil,io.tracee.testhelper.FieldAccessUtil
tracee_tracee,io.tracee.binding.springws,TraceeClientInterceptorTest,defaultConstructorUsesTraceeBackend,4,1,0,156,1,io.tracee.testhelper.FieldAccessUtil,io.tracee.testhelper.FieldAccessUtil; io.tracee.Tracee
tracee_tracee,io.tracee.binding.springws,TraceeClientInterceptorTest,constructorStoresProfileNameInternal,4,1,0,162,1,io.tracee.testhelper.FieldAccessUtil,io.tracee.testhelper.FieldAccessUtil
tracee_tracee,io.tracee.binding.springws,TraceeEndpointInterceptorTest,setup,6,1,0,51,0,,
tracee_tracee,io.tracee.binding.springws,TraceeEndpointInterceptorTest,shouldCleanupBackendAfterInvocation,4,1,0,59,1,,
tracee_tracee,io.tracee.binding.springws,TraceeEndpointInterceptorTest,skipIncomingHeaderProcessingIfNoSoapHeaderIsPresentAndGenerateRequestId,6,1,0,65,1,io.tracee.TraceeBackend,io.tracee.TraceeBackend
tracee_tracee,io.tracee.binding.springws,TraceeEndpointInterceptorTest,skipIncomingHeaderProcessingIfNoTpicHeaderIsPresentAndGenerateRequestId,8,1,0,74,1,io.tracee.TraceeBackend,io.tracee.TraceeBackend
tracee_tracee,io.tracee.binding.springws,TraceeEndpointInterceptorTest,parseTpicHeaderFromRequestToTraceeBackend,16,1,0,85,1,io.tracee.TraceeBackend,io.tracee.TraceeBackend
tracee_tracee,io.tracee.binding.springws,TraceeEndpointInterceptorTest,handleSoapHeaderExceptionGraceful,8,1,0,105,1,io.tracee.TraceeBackend,io.tracee.TraceeBackend
tracee_tracee,io.tracee.binding.springws,TraceeEndpointInterceptorTest,doNotAddTpicHeaderToResponseIfBackendIsEmpty,4,1,0,115,1,,
tracee_tracee,io.tracee.binding.springws,TraceeEndpointInterceptorTest,catchJaxbExceptionOnRenderingAndReturnWithoutException,6,1,0,121,1,io.tracee.TraceeBackend,io.tracee.TraceeBackend
tracee_tracee,io.tracee.binding.springws,TraceeEndpointInterceptorTest,renderTpicContextToResultForResponses,9,1,0,129,1,io.tracee.TraceeBackend,io.tracee.TraceeBackend
tracee_tracee,io.tracee.binding.springws,TraceeEndpointInterceptorTest,renderTpicContextToResultForFaults,9,1,0,140,1,io.tracee.TraceeBackend,io.tracee.TraceeBackend
tracee_tracee,io.tracee.binding.springws,TraceeEndpointInterceptorTest,skipProcessingWithWrongMessageTypeOnRequest,5,1,0,151,1,io.tracee.TraceeBackend,io.tracee.TraceeBackend
tracee_tracee,io.tracee.binding.springws,TraceeEndpointInterceptorTest,skipProcessingWithWrongMessageTypeOnResponse,5,1,0,158,1,io.tracee.TraceeBackend,io.tracee.TraceeBackend
tracee_tracee,io.tracee.binding.springws,TraceeEndpointInterceptorTest,defaultConstructorUsesDefaultProfile,4,1,0,165,1,io.tracee.testhelper.FieldAccessUtil,io.tracee.testhelper.FieldAccessUtil
tracee_tracee,io.tracee.binding.springws,TraceeEndpointInterceptorTest,defaultConstructorUsesTraceeBackend,4,1,0,171,1,io.tracee.testhelper.FieldAccessUtil,io.tracee.testhelper.FieldAccessUtil; io.tracee.Tracee
tracee_tracee,io.tracee.binding.springws,TraceeEndpointInterceptorTest,constructorStoresProfileNameInternal,4,1,0,177,1,io.tracee.testhelper.FieldAccessUtil,io.tracee.testhelper.FieldAccessUtil
tracee_tracee,io.tracee.binding.springws.config,TraceeSpringWsConfiguration,traceeEndpointInterceptor,3,1,0,30,0,,
tracee_tracee,io.tracee.binding.springws.config,TraceeSpringWsConfiguration,traceeClientInterceptor,3,1,0,35,0,,
tracee_tracee,io.tracee.binding.springws.config,TraceeSpringWsConfiguration,traceeWsConfigurerAdapter,8,1,1,40,0,,
tracee_tracee,io.tracee.binding.springws.config,TraceeSpringWsConfiguration,addInterceptors,3,1,1,46,0,,
tracee_tracee,io.tracee.binding.springws.config,TraceeSpringWsConfiguration,restTemplatePostProcessor,3,1,1,53,0,,
tracee_tracee,io.tracee.binding.springws.config,TraceeSpringWsConfigurationTest,webServiceTemplatePostProcessorAddsTraceeClientInterceptorToWebServiceTemplateInterceptors,4,1,0,24,1,,
tracee_tracee,io.tracee.binding.springws.config,TraceeSpringWsConfigurationTest,webServiceTemplatePostProcessorDoesNotTouchAnyOtherBean,5,1,0,30,1,,
tracee_tracee,io.tracee.binding.springws.itest,TraceeSpringWsClient,getCurrentTraceeContext,4,1,0,13,0,,
tracee_tracee,io.tracee.binding.springws.itest,SpringWsClientToJaxWsServerIT,before,3,1,0,38,0,,
tracee_tracee,io.tracee.binding.springws.itest,SpringWsClientToJaxWsServerIT,after,3,1,0,43,0,,
tracee_tracee,io.tracee.binding.springws.itest,SpringWsClientToJaxWsServerIT,prepareTestClient,3,1,0,48,0,,
tracee_tracee,io.tracee.binding.springws.itest,SpringWsClientToJaxWsServerIT,callRemoteMethodWithoutInvocationId,6,1,0,53,1,io.tracee.TraceeBackend,io.tracee.TraceeBackend; io.tracee.Tracee
tracee_tracee,io.tracee.binding.springws.itest,SpringWsClientToJaxWsServerIT,callRemoteMethodWithInvocationId,7,1,0,61,1,io.tracee.TraceeBackend,io.tracee.TraceeBackend; io.tracee.Tracee
tracee_tracee,io.tracee.binding.springws.itest,SpringWsClientToJaxWsServerIT,callShouldReturnValuesSetInRemoteEndpoint,5,1,0,70,1,io.tracee.TraceeBackend,io.tracee.TraceeBackend; io.tracee.Tracee
tracee_tracee,io.tracee.binding.springws.itest,JaxWsClientToSpringWsServerIT,before,16,1,0,33,0,,
tracee_tracee,io.tracee.binding.springws.itest,JaxWsClientToSpringWsServerIT,after,3,1,0,54,0,,
tracee_tracee,io.tracee.binding.springws.itest,JaxWsClientToSpringWsServerIT,callRemoteMethodWithoutInvocationId,6,1,0,59,1,io.tracee.TraceeBackend,io.tracee.TraceeBackend; io.tracee.Tracee
tracee_tracee,io.tracee.binding.springws.itest,JaxWsClientToSpringWsServerIT,callRemoteMethodWithInvocationId,7,1,0,67,1,io.tracee.TraceeBackend,io.tracee.TraceeBackend; io.tracee.Tracee
tracee_tracee,io.tracee.binding.springws.itest,JaxWsClientToSpringWsServerIT,callShouldReturnValuesSetInRemoteEndpoint,5,1,0,76,1,io.tracee.TraceeBackend,io.tracee.TraceeBackend; io.tracee.Tracee
tracee_tracee,io.tracee.binding.springws.itest.testservice,TraceeEntryResponse,TraceeEntryResponse,2,1,0,12,0,,
tracee_tracee,io.tracee.binding.springws.itest.testservice,TraceeEntryResponse,TraceeEntryResponse,3,1,1,15,0,,
tracee_tracee,io.tracee.binding.springws.itest.testservice,TraceeEntryResponse,getRemoteInvocationId,3,1,0,19,0,,
tracee_tracee,io.tracee.binding.springws.itest.testservice,SpringWsTestserviceEndpoint,currentTraceeContext,4,1,1,13,0,io.tracee.TraceeBackend,io.tracee.TraceeBackend; io.tracee.Tracee
tracee_tracee,io.tracee.binding.springws.itest.testservice,JaxwsTestservice,currentTraceeContext,0,1,0,9,0,,
tracee_tracee,io.tracee.binding.springws.itest.testservice,JaxwsTestserviceEndpoint,currentTraceeContext,4,1,0,15,0,io.tracee.TraceeBackend,io.tracee.TraceeBackend; io.tracee.Tracee
tracee_tracee,io.tracee.binding.jms,TraceeMessageListener,TraceeMessageListener,4,1,1,28,0,,
tracee_tracee,io.tracee.binding.jms,TraceeMessageListener,TraceeMessageListener,3,1,0,33,0,io.tracee.Tracee,io.tracee.Tracee
tracee_tracee,io.tracee.binding.jms,TraceeMessageListener,intercept,14,3,1,38,0,io.tracee.binding.jms.TraceeMessageListener,io.tracee.binding.jms.TraceeMessageListener
tracee_tracee,io.tracee.binding.jms,TraceeMessageListener,beforeProcessing,10,3,1,53,0,io.tracee.configuration.TraceeFilterConfiguration,io.tracee.configuration.TraceeFilterConfiguration; io.tracee.TraceeBackend
tracee_tracee,io.tracee.binding.jms,TraceeMessageListener,cleanUp,5,2,0,67,0,io.tracee.configuration.TraceeFilterConfiguration,io.tracee.configuration.TraceeFilterConfiguration; io.tracee.TraceeBackend
tracee_tracee,io.tracee.binding.jms,TraceeMessageListener,extractMessageParameter,3,1,1,73,0,,
tracee_tracee,io.tracee.binding.jms,TraceeMessageListener,isMessageListenerOnMessageMethod,3,1,1,77,0,,
tracee_tracee,io.tracee.binding.jms,TraceeMessageProducer,TraceeMessageProducer,5,1,2,22,0,,
tracee_tracee,io.tracee.binding.jms,TraceeMessageProducer,TraceeMessageProducer,5,1,1,28,0,io.tracee.Tracee,io.tracee.Tracee
tracee_tracee,io.tracee.binding.jms,TraceeMessageProducer,writeTraceeContextToMessage,7,2,1,34,0,io.tracee.TraceeBackend,io.tracee.TraceeBackend; io.tracee.configuration.TraceeFilterConfiguration
tracee_tracee,io.tracee.binding.jms,TraceeMessageProducer,send,4,1,1,48,0,io.tracee.binding.jms.TraceeMessageProducer,io.tracee.binding.jms.TraceeMessageProducer
tracee_tracee,io.tracee.binding.jms,TraceeMessageProducer,send,4,1,4,54,0,io.tracee.binding.jms.TraceeMessageProducer,io.tracee.binding.jms.TraceeMessageProducer
tracee_tracee,io.tracee.binding.jms,TraceeMessageProducer,send,4,1,2,60,0,io.tracee.binding.jms.TraceeMessageProducer,io.tracee.binding.jms.TraceeMessageProducer
tracee_tracee,io.tracee.binding.jms,TraceeMessageProducer,send,4,1,5,66,0,io.tracee.binding.jms.TraceeMessageProducer,io.tracee.binding.jms.TraceeMessageProducer
tracee_tracee,io.tracee.binding.jms,TraceeMessageProducer,setDisableMessageID,3,1,1,72,0,,
tracee_tracee,io.tracee.binding.jms,TraceeMessageProducer,getDisableMessageID,3,1,0,77,0,,
tracee_tracee,io.tracee.binding.jms,TraceeMessageProducer,setDisableMessageTimestamp,3,1,1,82,0,,
tracee_tracee,io.tracee.binding.jms,TraceeMessageProducer,getDisableMessageTimestamp,3,1,0,87,0,,
tracee_tracee,io.tracee.binding.jms,TraceeMessageProducer,setDeliveryMode,3,1,1,92,0,,
tracee_tracee,io.tracee.binding.jms,TraceeMessageProducer,getDeliveryMode,3,1,0,97,0,,
tracee_tracee,io.tracee.binding.jms,TraceeMessageProducer,setPriority,3,1,1,102,0,,
tracee_tracee,io.tracee.binding.jms,TraceeMessageProducer,getPriority,3,1,0,107,0,,
tracee_tracee,io.tracee.binding.jms,TraceeMessageProducer,setTimeToLive,3,1,1,112,0,,
tracee_tracee,io.tracee.binding.jms,TraceeMessageProducer,getTimeToLive,3,1,0,117,0,,
tracee_tracee,io.tracee.binding.jms,TraceeMessageProducer,getDestination,3,1,0,122,0,,
tracee_tracee,io.tracee.binding.jms,TraceeMessageProducer,close,3,1,0,127,0,,
tracee_tracee,io.tracee.binding.jms,TraceeQueueSender,TraceeQueueSender,4,1,2,16,0,,
tracee_tracee,io.tracee.binding.jms,TraceeQueueSender,getQueue,3,1,0,21,0,,
tracee_tracee,io.tracee.binding.jms,TraceeQueueSender,send,4,1,2,26,0,,
tracee_tracee,io.tracee.binding.jms,TraceeQueueSender,send,4,1,5,32,0,,
tracee_tracee,io.tracee.binding.jms,TraceeQueueSender,send,3,1,1,38,0,,
tracee_tracee,io.tracee.binding.jms,TraceeQueueSender,send,3,1,4,43,0,,
tracee_tracee,io.tracee.binding.jms,TraceeQueueSender,send,3,1,2,48,0,,
tracee_tracee,io.tracee.binding.jms,TraceeQueueSender,send,3,1,5,53,0,,
tracee_tracee,io.tracee.binding.jms,TraceeQueueSender,setDisableMessageID,3,1,1,58,0,,
tracee_tracee,io.tracee.binding.jms,TraceeQueueSender,getDisableMessageID,3,1,0,63,0,,
tracee_tracee,io.tracee.binding.jms,TraceeQueueSender,setDisableMessageTimestamp,3,1,1,68,0,,
tracee_tracee,io.tracee.binding.jms,TraceeQueueSender,getDisableMessageTimestamp,3,1,0,73,0,,
tracee_tracee,io.tracee.binding.jms,TraceeQueueSender,setDeliveryMode,3,1,1,78,0,,
tracee_tracee,io.tracee.binding.jms,TraceeQueueSender,getDeliveryMode,3,1,0,83,0,,
tracee_tracee,io.tracee.binding.jms,TraceeQueueSender,setPriority,3,1,1,88,0,,
tracee_tracee,io.tracee.binding.jms,TraceeQueueSender,getPriority,3,1,0,93,0,,
tracee_tracee,io.tracee.binding.jms,TraceeQueueSender,setTimeToLive,3,1,1,98,0,,
tracee_tracee,io.tracee.binding.jms,TraceeQueueSender,getTimeToLive,3,1,0,103,0,,
tracee_tracee,io.tracee.binding.jms,TraceeQueueSender,getDestination,3,1,0,108,0,,
tracee_tracee,io.tracee.binding.jms,TraceeQueueSender,close,3,1,0,113,0,,
tracee_tracee,io.tracee.binding.jms,TraceeMessageWriter,TraceeMessageWriter,2,1,0,9,0,,
tracee_tracee,io.tracee.binding.jms,TraceeMessageWriter,wrap,3,1,1,12,0,,
tracee_tracee,io.tracee.binding.jms,TraceeMessageWriter,wrap,3,1,1,16,0,,
tracee_tracee,io.tracee.binding.jms,TraceeMessageWriter,wrap,3,1,1,20,0,,
tracee_tracee,io.tracee.binding.jms,TraceeTopicPublisher,TraceeTopicPublisher,4,1,2,15,0,,
tracee_tracee,io.tracee.binding.jms,TraceeTopicPublisher,getTopic,3,1,0,20,0,,
tracee_tracee,io.tracee.binding.jms,TraceeTopicPublisher,publish,4,1,1,25,0,,
tracee_tracee,io.tracee.binding.jms,TraceeTopicPublisher,publish,4,1,4,31,0,,
tracee_tracee,io.tracee.binding.jms,TraceeTopicPublisher,publish,4,1,2,37,0,,
tracee_tracee,io.tracee.binding.jms,TraceeTopicPublisher,publish,4,1,5,43,0,,
tracee_tracee,io.tracee.binding.jms,TraceeTopicPublisher,send,3,1,1,49,0,,
tracee_tracee,io.tracee.binding.jms,TraceeTopicPublisher,send,3,1,4,54,0,,
tracee_tracee,io.tracee.binding.jms,TraceeTopicPublisher,send,3,1,2,59,0,,
tracee_tracee,io.tracee.binding.jms,TraceeTopicPublisher,send,3,1,5,64,0,,
tracee_tracee,io.tracee.binding.jms,TraceeTopicPublisher,setDisableMessageID,3,1,1,69,0,,
tracee_tracee,io.tracee.binding.jms,TraceeTopicPublisher,getDisableMessageID,3,1,0,74,0,,
tracee_tracee,io.tracee.binding.jms,TraceeTopicPublisher,setDisableMessageTimestamp,3,1,1,79,0,,
tracee_tracee,io.tracee.binding.jms,TraceeTopicPublisher,getDisableMessageTimestamp,3,1,0,84,0,,
tracee_tracee,io.tracee.binding.jms,TraceeTopicPublisher,setDeliveryMode,3,1,1,89,0,,
tracee_tracee,io.tracee.binding.jms,TraceeTopicPublisher,getDeliveryMode,3,1,0,94,0,,
tracee_tracee,io.tracee.binding.jms,TraceeTopicPublisher,setPriority,3,1,1,99,0,,
tracee_tracee,io.tracee.binding.jms,TraceeTopicPublisher,getPriority,3,1,0,104,0,,
tracee_tracee,io.tracee.binding.jms,TraceeTopicPublisher,setTimeToLive,3,1,1,109,0,,
tracee_tracee,io.tracee.binding.jms,TraceeTopicPublisher,getTimeToLive,3,1,0,114,0,,
tracee_tracee,io.tracee.binding.jms,TraceeTopicPublisher,getDestination,3,1,0,119,0,,
tracee_tracee,io.tracee.binding.jms,TraceeTopicPublisher,close,3,1,0,124,0,,
tracee_tracee,io.tracee.binding.jms,TraceeMessageListenerAndProducerIT,initContainer,4,1,0,43,0,,
tracee_tracee,io.tracee.binding.jms,TraceeMessageListenerAndProducerIT,clearTraceeCtx,4,1,0,49,0,io.tracee.TraceeBackend,io.tracee.TraceeBackend; io.tracee.Tracee
tracee_tracee,io.tracee.binding.jms,TraceeMessageListenerAndProducerIT,testContextIsPropagatedForthAndBack,27,1,0,55,1,io.tracee.TraceeBackend,io.tracee.TraceeBackend; io.tracee.Tracee
tracee_tracee,io.tracee.binding.jms,TraceeTopicPublisherTest,setup,3,1,0,29,0,io.tracee.TraceeBackend,io.tracee.TraceeBackend
tracee_tracee,io.tracee.binding.jms,TraceeTopicPublisherTest,publishMessageShouldAddContextAndDelegate,5,1,0,34,1,,
tracee_tracee,io.tracee.binding.jms,TraceeTopicPublisherTest,publishMessageWithTopicShouldAddContextAndDelegate,6,1,0,41,1,,
tracee_tracee,io.tracee.binding.jms,TraceeTopicPublisherTest,publishMessageWithDeliveryModeAndPriorityAndTTLShouldAddContextAndDelegate,5,1,0,49,1,,
tracee_tracee,io.tracee.binding.jms,TraceeTopicPublisherTest,publishMessageWithTopicAndDeliveryModeAndPriorityAndTTLShouldAddContextAndDelegate,6,1,0,56,1,,
tracee_tracee,io.tracee.binding.jms,TraceeTopicPublisherTest,sendMessageShouldAddContextAndDelegate,5,1,0,64,1,,
tracee_tracee,io.tracee.binding.jms,TraceeTopicPublisherTest,sendMessageWithDestinationShouldAddContextAndDelegate,6,1,0,71,1,,
tracee_tracee,io.tracee.binding.jms,TraceeTopicPublisherTest,sendMessageWithDeliveryModeAndPriorityAndTTLShouldAddContextAndDelegate,5,1,0,79,1,,
tracee_tracee,io.tracee.binding.jms,TraceeTopicPublisherTest,sendMessageWithDestinationAndDeliveryModeAndPriorityAndTTLShouldAddContextAndDelegate,6,1,0,86,1,,
tracee_tracee,io.tracee.binding.jms,TraceeTopicPublisherTest,shouldSimpleDelegate,28,1,0,94,1,,
tracee_tracee,io.tracee.binding.jms,TraceeQueueSenderTest,setup,3,1,0,30,0,io.tracee.TraceeBackend,io.tracee.TraceeBackend
tracee_tracee,io.tracee.binding.jms,TraceeQueueSenderTest,sendQueueShouldAddContextAndDelegate,5,1,0,35,1,,
tracee_tracee,io.tracee.binding.jms,TraceeQueueSenderTest,sendQueueWithExtendParametersShouldAddContextAndDelegate,5,1,0,42,1,,
tracee_tracee,io.tracee.binding.jms,TraceeQueueSenderTest,sendMessageShouldAddContextAndDelegate,5,1,0,49,1,,
tracee_tracee,io.tracee.binding.jms,TraceeQueueSenderTest,sendMessageWithDestinationShouldAddContextAndDelegate,6,1,0,56,1,,
tracee_tracee,io.tracee.binding.jms,TraceeQueueSenderTest,sendMessageWithDeliveryModeAndPriorityAndTTLShouldAddContextAndDelegate,5,1,0,64,1,,
tracee_tracee,io.tracee.binding.jms,TraceeQueueSenderTest,sendMessageWithDestinationAndDeliveryModeAndPriorityAndTTLShouldAddContextAndDelegate,6,1,0,71,1,,
tracee_tracee,io.tracee.binding.jms,TraceeQueueSenderTest,shouldSimpleDelegate,28,1,0,79,1,,
tracee_tracee,io.tracee.binding.jms,MessageDelegationTest,delegateTraceeMessageProducerToMessageProducer,4,1,0,14,1,,
tracee_tracee,io.tracee.binding.jms,MessageDelegationTest,delegateTraceeMessageProducerToMessageQueueSender,5,1,0,20,1,,
tracee_tracee,io.tracee.binding.jms,MessageDelegationTest,delegateTraceeTopicPublisherToTopicPublisher,5,1,0,27,1,,
tracee_tracee,io.tracee.binding.jms,TraceeMessageWriterTest,shouldWrapMessageProducer,5,1,0,14,1,,
tracee_tracee,io.tracee.binding.jms,TraceeMessageWriterTest,shouldWrapQueueSender,5,1,0,21,1,,
tracee_tracee,io.tracee.binding.jms,TraceeMessageWriterTest,shouldWrapTopicPublisher,5,1,0,28,1,,
tracee_tracee,io.tracee.binding.jms,TraceeMessageListenerTest,setupMocks,17,1,0,43,0,,
tracee_tracee,io.tracee.binding.jms,TraceeMessageListenerTest,answer,4,1,1,48,0,,
tracee_tracee,io.tracee.binding.jms,TraceeMessageListenerTest,answer,3,1,1,55,0,,
tracee_tracee,io.tracee.binding.jms,TraceeMessageListenerTest,testDecodesFromMessage,8,1,0,62,1,io.tracee.testhelper.SimpleTraceeBackend,io.tracee.testhelper.SimpleTraceeBackend
tracee_tracee,io.tracee.binding.jms,TraceeMessageListenerTest,testCleansUpContextAfterProcessing,6,1,0,72,1,io.tracee.testhelper.SimpleTraceeBackend,io.tracee.testhelper.SimpleTraceeBackend
tracee_tracee,io.tracee.binding.jms,TraceeMessageListenerTest,testInvocationIdGeneratedIfAbsent,6,1,0,80,1,io.tracee.testhelper.SimpleTraceeBackend,io.tracee.testhelper.SimpleTraceeBackend
tracee_tracee,io.tracee.binding.jms,TraceeMessageListenerTest,readContextWithoutUsingObjectMethods_issue168,5,1,0,88,1,,
tracee_tracee,io.tracee.binding.jms,TraceeMessageListenerTest,defaultConstructorUsesTraceeBackend,4,1,0,106,1,io.tracee.testhelper.FieldAccessUtil,io.tracee.testhelper.FieldAccessUtil; io.tracee.Tracee
tracee_tracee,io.tracee.binding.jms,TraceeMessageProducerTest,testWriteTraceeContextToMessage,6,1,0,33,1,io.tracee.TraceeBackend,io.tracee.TraceeBackend
tracee_tracee,io.tracee.binding.jms,TraceeMessageProducerTest,testDontWriteEmptyTraceeContextToMessage,5,1,0,41,1,io.tracee.TraceeBackend,io.tracee.TraceeBackend
tracee_tracee,io.tracee.binding.jms,TraceeMessageProducerTest,sendMessageShouldAddContextAndDelegate,6,1,0,48,1,io.tracee.TraceeBackend,io.tracee.TraceeBackend
tracee_tracee,io.tracee.binding.jms,TraceeMessageProducerTest,sendMessageWithDestinationShouldAddContextAndDelegate,7,1,0,56,1,io.tracee.TraceeBackend,io.tracee.TraceeBackend
tracee_tracee,io.tracee.binding.jms,TraceeMessageProducerTest,sendMessageWithDeliveryModeAndPriorityAndTTLShouldAddContextAndDelegate,6,1,0,65,1,io.tracee.TraceeBackend,io.tracee.TraceeBackend
tracee_tracee,io.tracee.binding.jms,TraceeMessageProducerTest,sendMessageWithDestinationAndDeliveryModeAndPriorityAndTTLShouldAddContextAndDelegate,7,1,0,73,1,io.tracee.TraceeBackend,io.tracee.TraceeBackend
tracee_tracee,io.tracee.binding.jms,TraceeMessageProducerTest,shouldSimpleDelegate,26,1,0,82,1,,
tracee_tracee,io.tracee.binding.jms,TraceeMessageProducerTest,writeContextWithoutUsingObjectMethods,5,1,0,110,1,io.tracee.TraceeBackend,io.tracee.TraceeBackend
tracee_tracee,io.tracee.binding.jms,TestMDB,onMessage,25,3,1,27,0,,
tracee_tracee,io.tracee.binding.quartz,TraceeJobListener,TraceeJobListener,3,1,0,28,0,io.tracee.Tracee,io.tracee.Tracee
tracee_tracee,io.tracee.binding.quartz,TraceeJobListener,TraceeJobListener,3,1,1,32,0,io.tracee.Tracee,io.tracee.Tracee
tracee_tracee,io.tracee.binding.quartz,TraceeJobListener,TraceeJobListener,4,1,2,36,0,,
tracee_tracee,io.tracee.binding.quartz,TraceeJobListener,getName,3,1,0,41,0,,
tracee_tracee,io.tracee.binding.quartz,TraceeJobListener,jobToBeExecuted,11,3,1,46,0,io.tracee.TraceeBackend,io.tracee.TraceeBackend; io.tracee.configuration.TraceeFilterConfiguration
tracee_tracee,io.tracee.binding.quartz,TraceeJobListener,jobExecutionVetoed,3,1,1,63,0,io.tracee.TraceeBackend,io.tracee.TraceeBackend
tracee_tracee,io.tracee.binding.quartz,TraceeJobListener,jobWasExecuted,3,1,2,68,0,io.tracee.TraceeBackend,io.tracee.TraceeBackend
tracee_tracee,io.tracee.binding.quartz,TraceeContextInjector,TraceeContextInjector,3,1,0,23,0,io.tracee.Tracee,io.tracee.Tracee
tracee_tracee,io.tracee.binding.quartz,TraceeContextInjector,TraceeContextInjector,3,1,1,27,0,io.tracee.Tracee,io.tracee.Tracee
tracee_tracee,io.tracee.binding.quartz,TraceeContextInjector,TraceeContextInjector,4,1,2,31,0,,
tracee_tracee,io.tracee.binding.quartz,TraceeContextInjector,injectContext,3,1,1,36,0,io.tracee.binding.quartz.TraceeContextInjector,io.tracee.binding.quartz.TraceeContextInjector
tracee_tracee,io.tracee.binding.quartz,TraceeContextInjector,injectContext,3,1,1,40,0,io.tracee.binding.quartz.TraceeContextInjector,io.tracee.binding.quartz.TraceeContextInjector
tracee_tracee,io.tracee.binding.quartz,TraceeContextInjector,injectContext,6,2,1,44,0,io.tracee.TraceeBackend,io.tracee.TraceeBackend; io.tracee.configuration.TraceeFilterConfiguration
tracee_tracee,io.tracee.binding.quartz,TraceeJobListenerTest,generateRequestIdWhenJobStarts,7,1,0,33,1,io.tracee.TraceeBackend,io.tracee.TraceeBackend
tracee_tracee,io.tracee.binding.quartz,TraceeJobListenerTest,addContextToTraceeBackend,10,1,0,42,1,io.tracee.TraceeBackend,io.tracee.TraceeBackend
tracee_tracee,io.tracee.binding.quartz,TraceeJobListenerTest,defaultConstructorUsesDefaultProfile,4,1,0,54,1,io.tracee.testhelper.FieldAccessUtil,io.tracee.testhelper.FieldAccessUtil
tracee_tracee,io.tracee.binding.quartz,TraceeJobListenerTest,defaultConstructorUsesTraceeBackend,4,1,0,60,1,io.tracee.testhelper.FieldAccessUtil,io.tracee.testhelper.FieldAccessUtil; io.tracee.Tracee
tracee_tracee,io.tracee.binding.quartz,TraceeJobListenerTest,constructorStoresProfileNameInternal,4,1,0,66,1,io.tracee.testhelper.FieldAccessUtil,io.tracee.testhelper.FieldAccessUtil
tracee_tracee,io.tracee.binding.quartz,TraceeJobListenerTest,resetBackendWhenJobHasFinished,4,1,0,72,1,,
tracee_tracee,io.tracee.binding.quartz,TraceeJobListenerTest,resetBackendWhenJobHasBeenVetoed,4,1,0,78,1,,
tracee_tracee,io.tracee.binding.quartz,TraceeJobListenerTest,returnTheNameOfTheListener,3,1,0,84,1,,
tracee_tracee,io.tracee.binding.quartz,TraceeJobListenerIT,before,7,1,0,38,0,io.tracee.testhelper.SimpleTraceeBackend,io.tracee.testhelper.SimpleTraceeBackend
tracee_tracee,io.tracee.binding.quartz,TraceeJobListenerIT,after,5,1,0,47,0,io.tracee.testhelper.SimpleTraceeBackend,io.tracee.testhelper.SimpleTraceeBackend
tracee_tracee,io.tracee.binding.quartz,TraceeJobListenerIT,shouldRunJobWithNewGeneratedInvocationId,6,1,0,54,1,,
tracee_tracee,io.tracee.binding.quartz,TraceeJobListenerIT,traceeContextShouldBePropagatedToJobByDecoratedTrigger,9,1,0,62,1,io.tracee.testhelper.SimpleTraceeBackend,io.tracee.testhelper.SimpleTraceeBackend
tracee_tracee,io.tracee.binding.quartz,TraceeJobListenerIT,shouldResetBackendAfterJob,7,1,0,73,1,,
tracee_tracee,io.tracee.binding.quartz,TraceeJobListenerIT,shouldResetBackendOnError,8,1,0,82,1,,
tracee_tracee,io.tracee.binding.quartz,TraceeContextInjectorTest,skipTpicProcessingIfBackendIsEmpty,5,1,0,33,1,,
tracee_tracee,io.tracee.binding.quartz,TraceeContextInjectorTest,addTpicHeaderToJobDataMapIfBackendContainsValues,7,1,0,40,1,io.tracee.TraceeBackend,io.tracee.TraceeBackend
tracee_tracee,io.tracee.binding.quartz,TraceeContextInjectorTest,addTpicHeaderToJobDataMapOfTriggerIfBackendContainsValues,7,1,0,49,1,io.tracee.TraceeBackend,io.tracee.TraceeBackend
tracee_tracee,io.tracee.binding.quartz,TraceeContextInjectorTest,addTpicHeaderToJobDataMapOfJobDetailsIfBackendContainsValues,7,1,0,58,1,io.tracee.TraceeBackend,io.tracee.TraceeBackend
tracee_tracee,io.tracee.binding.quartz,TraceeContextInjectorTest,defaultConstructorUsesDefaultProfile,4,1,0,67,1,io.tracee.testhelper.FieldAccessUtil,io.tracee.testhelper.FieldAccessUtil
tracee_tracee,io.tracee.binding.quartz,TraceeContextInjectorTest,defaultConstructorUsesTraceeBackend,4,1,0,73,1,io.tracee.testhelper.FieldAccessUtil,io.tracee.testhelper.FieldAccessUtil; io.tracee.Tracee
tracee_tracee,io.tracee.binding.quartz,TraceeContextInjectorTest,constructorStoresProfileNameInternal,4,1,0,79,1,io.tracee.testhelper.FieldAccessUtil,io.tracee.testhelper.FieldAccessUtil
tracee_tracee,io.tracee.binding.httpclient,TraceeHttpClientDecorator,wrap,3,1,1,36,0,io.tracee.binding.httpclient.TraceeHttpClientDecorator,io.tracee.binding.httpclient.TraceeHttpClientDecorator
tracee_tracee,io.tracee.binding.httpclient,TraceeHttpClientDecorator,wrap,8,2,2,40,0,,
tracee_tracee,io.tracee.binding.httpclient,TraceeHttpClientDecorator,TraceeHttpClientDecorator,6,1,4,48,0,,
tracee_tracee,io.tracee.binding.httpclient,TraceeHttpClientDecorator,TraceeHttpClientDecorator,3,1,3,55,0,,
tracee_tracee,io.tracee.binding.httpclient,TraceeHttpClientDecorator,TraceeHttpClientDecorator,3,1,2,59,0,io.tracee.Tracee,io.tracee.Tracee
tracee_tracee,io.tracee.binding.httpclient,TraceeHttpClientDecorator,executeMethod,3,1,1,64,0,io.tracee.binding.httpclient.TraceeHttpClientDecorator,io.tracee.binding.httpclient.TraceeHttpClientDecorator
tracee_tracee,io.tracee.binding.httpclient,TraceeHttpClientDecorator,executeMethod,3,1,2,69,0,io.tracee.binding.httpclient.TraceeHttpClientDecorator,io.tracee.binding.httpclient.TraceeHttpClientDecorator
tracee_tracee,io.tracee.binding.httpclient,TraceeHttpClientDecorator,executeMethod,11,1,3,74,0,io.tracee.binding.httpclient.TraceeHttpClientDecorator,io.tracee.binding.httpclient.TraceeHttpClientDecorator
tracee_tracee,io.tracee.binding.httpclient,TraceeHttpClientDecorator,cancel,2,1,0,86,0,,
tracee_tracee,io.tracee.binding.httpclient,TraceeHttpClientDecorator,preRequest,7,2,1,90,0,io.tracee.TraceeBackend,io.tracee.TraceeBackend; io.tracee.configuration.TraceeFilterConfiguration
tracee_tracee,io.tracee.binding.httpclient,TraceeHttpClientDecorator,postResponse,12,4,1,99,0,io.tracee.TraceeBackend,io.tracee.TraceeBackend; io.tracee.configuration.TraceeFilterConfiguration
tracee_tracee,io.tracee.binding.httpclient,TraceeHttpClientDecorator,getState,3,1,0,114,0,,
tracee_tracee,io.tracee.binding.httpclient,TraceeHttpClientDecorator,setState,3,1,1,119,0,,
tracee_tracee,io.tracee.binding.httpclient,TraceeHttpClientDecorator,setStrictMode,3,1,1,124,0,,
tracee_tracee,io.tracee.binding.httpclient,TraceeHttpClientDecorator,isStrictMode,3,1,0,130,0,,
tracee_tracee,io.tracee.binding.httpclient,TraceeHttpClientDecorator,setTimeout,3,1,1,136,0,,
tracee_tracee,io.tracee.binding.httpclient,TraceeHttpClientDecorator,setHttpConnectionFactoryTimeout,3,1,1,142,0,,
tracee_tracee,io.tracee.binding.httpclient,TraceeHttpClientDecorator,setConnectionTimeout,3,1,1,148,0,,
tracee_tracee,io.tracee.binding.httpclient,TraceeHttpClientDecorator,getHost,3,1,0,154,0,,
tracee_tracee,io.tracee.binding.httpclient,TraceeHttpClientDecorator,getPort,3,1,0,160,0,,
tracee_tracee,io.tracee.binding.httpclient,TraceeHttpClientDecorator,getHostConfiguration,3,1,0,166,0,,
tracee_tracee,io.tracee.binding.httpclient,TraceeHttpClientDecorator,setHostConfiguration,3,1,1,171,0,,
tracee_tracee,io.tracee.binding.httpclient,TraceeHttpClientDecorator,getHttpConnectionManager,3,1,0,176,0,,
tracee_tracee,io.tracee.binding.httpclient,TraceeHttpClientDecorator,setHttpConnectionManager,3,1,1,181,0,,
tracee_tracee,io.tracee.binding.httpclient,TraceeHttpClientDecorator,getParams,3,1,0,186,0,,
tracee_tracee,io.tracee.binding.httpclient,TraceeHttpClientDecorator,setParams,3,1,1,191,0,,
tracee_tracee,io.tracee.binding.httpclient,TraceeHttpClientIT,testWritesToServerAndParsesResponse,8,1,0,30,1,io.tracee.TraceeBackend,io.tracee.TraceeBackend; io.tracee.Tracee
tracee_tracee,io.tracee.binding.httpclient,TraceeHttpClientIT,startJetty,6,1,0,42,0,,
tracee_tracee,io.tracee.binding.httpclient,TraceeHttpClientIT,handle,7,1,4,51,0,,
tracee_tracee,io.tracee.binding.httpclient,TraceeHttpClientIT,stopJetty,6,2,0,63,0,,
tracee_tracee,io.tracee.binding.httpclient,TraceeHttpClientDecoratorTest,doNotRenderTpicHeaderIfBackendIsEmpty,4,1,0,37,1,,
tracee_tracee,io.tracee.binding.httpclient,TraceeHttpClientDecoratorTest,testContextWrittenToRequest,6,1,0,43,1,io.tracee.TraceeBackend,io.tracee.TraceeBackend
tracee_tracee,io.tracee.binding.httpclient,TraceeHttpClientDecoratorTest,testContextParsedFromResponse,9,1,0,51,1,,
tracee_tracee,io.tracee.binding.httpclient,TraceeHttpClientDecoratorTest,shouldDelegateAllPublicMethods,5,1,0,64,1,,
tracee_tracee,io.tracee.binding.httpclient,TraceeHttpClientDecoratorTest,wrapOnlyWithTraceeHttpClientDecoratorIfInstanceIsNotOfThisType,5,1,0,72,1,,
tracee_tracee,io.tracee.binding.cxf,TraceeCxfFeature,TraceeCxfFeature,3,1,0,19,0,io.tracee.Tracee,io.tracee.Tracee
tracee_tracee,io.tracee.binding.cxf,TraceeCxfFeature,TraceeCxfFeature,4,1,2,23,0,,
tracee_tracee,io.tracee.binding.cxf,TraceeCxfFeature,TraceeCxfFeature,3,1,1,28,0,io.tracee.Tracee,io.tracee.Tracee
tracee_tracee,io.tracee.binding.cxf,TraceeCxfFeature,initializeProvider,12,1,2,32,0,,
tracee_tracee,io.tracee.binding.cxf,JaxwsClientToCxfServerIT,setup,13,1,0,25,0,,
tracee_tracee,io.tracee.binding.cxf,JaxwsClientToCxfServerIT,transportTraceeVariablesFromClientToBackend,5,1,0,44,1,,
tracee_tracee,io.tracee.binding.cxf,JaxwsClientToCxfServerIT,transportTraceeVariablesFromBackendToTheClient,4,1,0,51,1,,
tracee_tracee,io.tracee.binding.cxf,TraceeCxfFeatureTest,onSetup,6,1,0,36,0,,
tracee_tracee,io.tracee.binding.cxf,TraceeCxfFeatureTest,shouldAddInInterceptorToDefaultMessage,4,1,0,44,1,,
tracee_tracee,io.tracee.binding.cxf,TraceeCxfFeatureTest,shouldAddInFaultInterceptorToDefaultMessage,4,1,0,50,1,,
tracee_tracee,io.tracee.binding.cxf,TraceeCxfFeatureTest,shouldAddOutInterceptorToDefaultMessage,4,1,0,56,1,,
tracee_tracee,io.tracee.binding.cxf,TraceeCxfFeatureTest,shouldAddOutFaultInterceptorToDefaultMessage,4,1,0,62,1,,
tracee_tracee,io.tracee.binding.cxf,TraceeCxfFeatureTest,defaultConstructorUsesDefaultProfile,4,1,0,68,1,io.tracee.testhelper.FieldAccessUtil,io.tracee.testhelper.FieldAccessUtil
tracee_tracee,io.tracee.binding.cxf,TraceeCxfFeatureTest,defaultConstructorUsesTraceeBackend,4,1,0,74,1,io.tracee.testhelper.FieldAccessUtil,io.tracee.testhelper.FieldAccessUtil; io.tracee.Tracee
tracee_tracee,io.tracee.binding.cxf,TraceeCxfFeatureTest,constructorStoresProfileNameInternal,4,1,0,80,1,io.tracee.testhelper.FieldAccessUtil,io.tracee.testhelper.FieldAccessUtil
tracee_tracee,io.tracee.binding.cxf,AbstractConnectionITHelper,AbstractConnectionITHelper,3,1,0,18,0,io.tracee.testhelper.PortUtil,io.tracee.testhelper.PortUtil
tracee_tracee,io.tracee.binding.cxf,AbstractConnectionITHelper,after,3,1,0,22,0,,
tracee_tracee,io.tracee.binding.cxf,AbstractConnectionITHelper,createJaxWsServer,8,1,0,27,0,,
tracee_tracee,io.tracee.binding.cxf,CxfClientToCxfServerIT,setup,13,1,0,23,0,,
tracee_tracee,io.tracee.binding.cxf,CxfClientToCxfServerIT,transportTraceeVariablesFromClientToBackend,5,1,0,39,1,,
tracee_tracee,io.tracee.binding.cxf,CxfClientToCxfServerIT,transportTraceeVariablesFromBackendToTheClient,5,1,0,46,1,,
tracee_tracee,io.tracee.binding.cxf,CxfClientToJaxwsServerIT,setup,11,1,0,24,0,,
tracee_tracee,io.tracee.binding.cxf,CxfClientToJaxwsServerIT,transportTraceeVariablesFromClientToBackend,5,1,0,38,1,,
tracee_tracee,io.tracee.binding.cxf,CxfClientToJaxwsServerIT,transportTraceeVariablesFromBackendToTheClient,4,1,0,45,1,,
tracee_tracee,io.tracee.binding.cxf,JaxwsClientToJaxwsServerIT,setup,11,1,0,24,0,,
tracee_tracee,io.tracee.binding.cxf,JaxwsClientToJaxwsServerIT,transportTraceeVariablesFromClientToBackend,5,1,0,41,1,,
tracee_tracee,io.tracee.binding.cxf,JaxwsClientToJaxwsServerIT,transportTraceeVariablesFromBackendToTheClient,4,1,0,48,1,,
tracee_tracee,io.tracee.binding.cxf.interceptor,AbstractTraceeOutInterceptor,AbstractTraceeOutInterceptor,7,1,4,34,0,,
tracee_tracee,io.tracee.binding.cxf.interceptor,AbstractTraceeOutInterceptor,handleMessage,27,5,1,42,0,io.tracee.binding.cxf.interceptor.AbstractTraceeOutInterceptor,io.tracee.binding.cxf.interceptor.AbstractTraceeOutInterceptor; io.tracee.TraceeBackend; io.tracee.configuration.TraceeFilterConfiguration
tracee_tracee,io.tracee.binding.cxf.interceptor,AbstractTraceeOutInterceptor,addSoapHeader,10,1,2,71,0,,
tracee_tracee,io.tracee.binding.cxf.interceptor,AbstractTraceeOutInterceptor,shouldHandleMessage,0,1,1,82,0,,
tracee_tracee,io.tracee.binding.cxf.interceptor,TraceeResponseInInterceptor,TraceeResponseInInterceptor,3,1,1,13,0,,
tracee_tracee,io.tracee.binding.cxf.interceptor,TraceeResponseInInterceptor,TraceeResponseInInterceptor,3,1,2,17,0,,
tracee_tracee,io.tracee.binding.cxf.interceptor,TraceeResponseInInterceptor,shouldHandleMessage,3,1,1,21,0,,
tracee_tracee,io.tracee.binding.cxf.interceptor,TraceeRequestOutInterceptor,TraceeRequestOutInterceptor,3,1,1,13,0,,
tracee_tracee,io.tracee.binding.cxf.interceptor,TraceeRequestOutInterceptor,TraceeRequestOutInterceptor,3,1,2,17,0,,
tracee_tracee,io.tracee.binding.cxf.interceptor,TraceeRequestOutInterceptor,shouldHandleMessage,3,1,1,21,0,,
tracee_tracee,io.tracee.binding.cxf.interceptor,TraceeRequestInInterceptor,TraceeRequestInInterceptor,3,1,1,14,0,,
tracee_tracee,io.tracee.binding.cxf.interceptor,TraceeRequestInInterceptor,TraceeRequestInInterceptor,3,1,2,18,0,,
tracee_tracee,io.tracee.binding.cxf.interceptor,TraceeRequestInInterceptor,handleMessage,6,2,1,22,0,io.tracee.binding.cxf.interceptor.TraceeRequestInInterceptor,io.tracee.binding.cxf.interceptor.TraceeRequestInInterceptor
tracee_tracee,io.tracee.binding.cxf.interceptor,TraceeRequestInInterceptor,shouldHandleMessage,3,1,1,30,0,,
tracee_tracee,io.tracee.binding.cxf.interceptor,TraceeResponseOutInterceptor,TraceeResponseOutInterceptor,3,1,1,14,0,,
tracee_tracee,io.tracee.binding.cxf.interceptor,TraceeResponseOutInterceptor,TraceeResponseOutInterceptor,3,1,2,18,0,,
tracee_tracee,io.tracee.binding.cxf.interceptor,TraceeResponseOutInterceptor,handleMessage,6,2,1,22,0,io.tracee.binding.cxf.interceptor.TraceeResponseOutInterceptor,io.tracee.binding.cxf.interceptor.TraceeResponseOutInterceptor
tracee_tracee,io.tracee.binding.cxf.interceptor,TraceeResponseOutInterceptor,shouldHandleMessage,3,1,1,30,0,,
tracee_tracee,io.tracee.binding.cxf.interceptor,AbstractTraceeInInterceptor,AbstractTraceeInInterceptor,8,1,4,33,0,,
tracee_tracee,io.tracee.binding.cxf.interceptor,AbstractTraceeInInterceptor,shouldHandleMessage,0,1,1,43,0,,
tracee_tracee,io.tracee.binding.cxf.interceptor,AbstractTraceeInInterceptor,handleMessage,19,4,1,45,0,io.tracee.binding.cxf.interceptor.AbstractTraceeInInterceptor,io.tracee.binding.cxf.interceptor.AbstractTraceeInInterceptor; io.tracee.TraceeBackend; io.tracee.configuration.TraceeFilterConfiguration
tracee_tracee,io.tracee.binding.cxf.interceptor,AbstractTraceeInInterceptor,handleHttpMessage,10,3,2,65,0,io.tracee.TraceeBackend,io.tracee.TraceeBackend; io.tracee.configuration.TraceeFilterConfiguration
tracee_tracee,io.tracee.binding.cxf.interceptor,AbstractTraceeInInterceptor,handleSoapMessage,7,2,2,77,0,io.tracee.TraceeBackend,io.tracee.TraceeBackend; io.tracee.configuration.TraceeFilterConfiguration
tracee_tracee,io.tracee.binding.cxf.interceptor,IncomingResponseMessageTest,before,3,1,0,24,0,io.tracee.TraceeBackend,io.tracee.TraceeBackend
tracee_tracee,io.tracee.binding.cxf.interceptor,IncomingResponseMessageTest,onIncomingResponseMessagesIamTheRequestor,4,1,0,29,1,,
tracee_tracee,io.tracee.binding.cxf.interceptor,OutgoingResponseMessageTest,onSetup,7,1,0,34,0,io.tracee.TraceeBackend,io.tracee.TraceeBackend
tracee_tracee,io.tracee.binding.cxf.interceptor,OutgoingResponseMessageTest,renderEmptyContextToResponse,3,1,0,44,1,,
tracee_tracee,io.tracee.binding.cxf.interceptor,OutgoingResponseMessageTest,renderContextToResponse,7,1,0,49,1,io.tracee.TraceeBackend,io.tracee.TraceeBackend
tracee_tracee,io.tracee.binding.cxf.interceptor,OutgoingRequestMessageTest,before,3,1,0,24,0,io.tracee.TraceeBackend,io.tracee.TraceeBackend
tracee_tracee,io.tracee.binding.cxf.interceptor,OutgoingRequestMessageTest,onOutgoingRequestMessagesIamTheRequestor,4,1,0,29,1,,
tracee_tracee,io.tracee.binding.cxf.interceptor,IncomingRequestMessageTest,onSetup,5,1,0,33,0,io.tracee.TraceeBackend,io.tracee.TraceeBackend
tracee_tracee,io.tracee.binding.cxf.interceptor,IncomingRequestMessageTest,shouldHandleMessageWithoutHeader,3,1,0,41,1,,
tracee_tracee,io.tracee.binding.cxf.interceptor,IncomingRequestMessageTest,shouldHandleMessageWithoutTraceeHeader,8,1,0,46,1,io.tracee.TraceeBackend,io.tracee.TraceeBackend
tracee_tracee,io.tracee.binding.cxf.interceptor,IncomingRequestMessageTest,generateInvocationIdUponRequest,4,1,0,56,1,io.tracee.TraceeBackend,io.tracee.TraceeBackend
tracee_tracee,io.tracee.binding.cxf.interceptor,IncomingRequestMessageTest,onIncomingRequestMessagesIamNotTheRequestor,4,1,0,62,1,,
tracee_tracee,io.tracee.binding.cxf.interceptor,IncomingSoapRequestMessageTest,onSetup,5,1,0,42,0,io.tracee.TraceeBackend,io.tracee.TraceeBackend
tracee_tracee,io.tracee.binding.cxf.interceptor,IncomingSoapRequestMessageTest,handleSoapMessageWithoutSoapHeaderAndGenerateInvocationId,4,1,0,50,1,io.tracee.TraceeBackend,io.tracee.TraceeBackend
tracee_tracee,io.tracee.binding.cxf.interceptor,IncomingSoapRequestMessageTest,shouldHandleMessageWithoutTraceeHeader,8,1,0,56,1,io.tracee.TraceeBackend,io.tracee.TraceeBackend
tracee_tracee,io.tracee.binding.cxf.interceptor,IncomingSoapRequestMessageTest,shouldHandleMessageWithTraceeHeader,9,1,0,68,1,io.tracee.TraceeBackend,io.tracee.TraceeBackend
tracee_tracee,io.tracee.binding.cxf.interceptor,IncomingSoapRequestMessageTest,render,7,1,1,80,0,,
tracee_tracee,io.tracee.binding.cxf.interceptor,OutgoingSoapResponseMessageTest,before,3,1,0,35,0,,
tracee_tracee,io.tracee.binding.cxf.interceptor,OutgoingSoapResponseMessageTest,shouldHandleSoapMessageWithoutSoapHeader,4,1,0,40,1,,
tracee_tracee,io.tracee.binding.cxf.interceptor,OutgoingSoapResponseMessageTest,shouldAddHeaderWithDataBindingToSoapMessage,9,1,0,46,1,io.tracee.TraceeBackend,io.tracee.TraceeBackend
tracee_tracee,io.tracee.binding.cxf.interceptor,OutgoingSoapResponseMessageTest,shouldClearTheBackendAfterHandleMessage,5,1,0,58,1,io.tracee.TraceeBackend,io.tracee.TraceeBackend
tracee_tracee,io.tracee.binding.cxf.interceptor,OutgoingSoapResponseMessageTest,failWithoutExceptionIfSoapExtentionOfCxfIsNotOnClasspath,6,1,0,65,1,io.tracee.TraceeBackend,io.tracee.TraceeBackend
tracee_tracee,io.tracee.binding.cxf.testSoapService,HelloWorldTestService,sayHelloWorld,0,1,1,15,0,,
tracee_tracee,io.tracee.binding.cxf.testSoapService,HelloWorldTestServiceImpl,HelloWorldTestServiceImpl,3,1,1,14,0,,
tracee_tracee,io.tracee.binding.cxf.testSoapService,HelloWorldTestServiceImpl,sayHelloWorld,5,1,1,18,0,io.tracee.TraceeBackend,io.tracee.TraceeBackend
tracee_tracee,io.tracee.binding.jaxws,AbstractTraceeHandler,AbstractTraceeHandler,3,1,1,24,0,,
tracee_tracee,io.tracee.binding.jaxws,AbstractTraceeHandler,handleMessage,9,2,1,28,0,io.tracee.binding.jaxws.AbstractTraceeHandler,io.tracee.binding.jaxws.AbstractTraceeHandler
tracee_tracee,io.tracee.binding.jaxws,AbstractTraceeHandler,isOutgoing,4,1,1,38,0,,
tracee_tracee,io.tracee.binding.jaxws,AbstractTraceeHandler,close,2,1,1,43,0,,
tracee_tracee,io.tracee.binding.jaxws,AbstractTraceeHandler,handleIncoming,0,1,1,47,0,,
tracee_tracee,io.tracee.binding.jaxws,AbstractTraceeHandler,handleOutgoing,0,1,1,49,0,,
tracee_tracee,io.tracee.binding.jaxws,AbstractTraceeHandler,getHeaders,3,1,0,51,0,,
tracee_tracee,io.tracee.binding.jaxws,AbstractTraceeHandler,getOrCreateHeader,7,2,1,56,0,,
tracee_tracee,io.tracee.binding.jaxws,TraceeServerHandler,TraceeServerHandler,3,1,0,26,0,io.tracee.Tracee,io.tracee.Tracee
tracee_tracee,io.tracee.binding.jaxws,TraceeServerHandler,TraceeServerHandler,4,1,2,30,0,,
tracee_tracee,io.tracee.binding.jaxws,TraceeServerHandler,handleIncoming,16,2,1,35,0,,
tracee_tracee,io.tracee.binding.jaxws,TraceeServerHandler,handleOutgoing,19,2,1,53,0,,
tracee_tracee,io.tracee.binding.jaxws,TraceeServerHandler,handleFault,4,1,1,77,0,io.tracee.binding.jaxws.TraceeServerHandler,io.tracee.binding.jaxws.TraceeServerHandler
tracee_tracee,io.tracee.binding.jaxws,TraceeClientHandler,TraceeClientHandler,3,1,0,24,0,io.tracee.Tracee,io.tracee.Tracee
tracee_tracee,io.tracee.binding.jaxws,TraceeClientHandler,TraceeClientHandler,3,1,1,28,0,,
tracee_tracee,io.tracee.binding.jaxws,TraceeClientHandler,handleFault,3,1,1,32,0,,
tracee_tracee,io.tracee.binding.jaxws,TraceeClientHandler,handleIncoming,16,3,1,37,0,,
tracee_tracee,io.tracee.binding.jaxws,TraceeClientHandler,handleOutgoing,14,2,1,56,0,,
tracee_tracee,io.tracee.binding.jaxws,TraceeClientHandlerResolver,TraceeClientHandlerResolver,3,1,0,15,0,,
tracee_tracee,io.tracee.binding.jaxws,TraceeClientHandlerResolver,TraceeClientHandlerResolver,3,1,1,19,0,,
tracee_tracee,io.tracee.binding.jaxws,TraceeClientHandlerResolver,getHandlerChain,3,1,1,23,0,,
tracee_tracee,io.tracee.binding.jaxws,TraceeWsHandlerConstants,TraceeWsHandlerConstants,2,1,0,7,0,,
tracee_tracee,io.tracee.binding.jaxws,TraceeServerHandlerTest,setup,4,1,0,40,0,,
tracee_tracee,io.tracee.binding.jaxws,TraceeServerHandlerTest,testHandleIncoming,5,1,0,46,1,,
tracee_tracee,io.tracee.binding.jaxws,TraceeServerHandlerTest,generateInvocationIdEvenWhenIncomingMessageCouldntParsed,5,1,0,53,1,io.tracee.TraceeBackend,io.tracee.TraceeBackend
tracee_tracee,io.tracee.binding.jaxws,TraceeServerHandlerTest,testHandleOutgoing,6,1,0,60,1,io.tracee.TraceeBackend,io.tracee.TraceeBackend
tracee_tracee,io.tracee.binding.jaxws,TraceeServerHandlerTest,handleOutgoingIfBackendIsNotEmpty,6,1,0,68,1,io.tracee.TraceeBackend,io.tracee.TraceeBackend
tracee_tracee,io.tracee.binding.jaxws,TraceeServerHandlerTest,doNotHAndleOutgoingIfBackendIsEmpty,5,1,0,76,1,,
tracee_tracee,io.tracee.binding.jaxws,TraceeServerHandlerTest,catchExceptionIfOutgoingTpicHeaderIsNotRenderable,5,1,0,83,1,io.tracee.TraceeBackend,io.tracee.TraceeBackend
tracee_tracee,io.tracee.binding.jaxws,TraceeServerHandlerTest,addSoapHeaderIfNooneIsOnMessage,9,1,0,90,1,io.tracee.TraceeBackend,io.tracee.TraceeBackend
tracee_tracee,io.tracee.binding.jaxws,TraceeServerHandlerTest,testHandleOutgoingHasCalledClearInTheEnd,4,1,0,102,1,,
tracee_tracee,io.tracee.binding.jaxws,TraceeServerHandlerTest,handleFaults,6,1,0,108,1,io.tracee.TraceeBackend,io.tracee.TraceeBackend
tracee_tracee,io.tracee.binding.jaxws,TraceeJaxWsEndpoint,getCurrentTraceeContext,0,1,0,9,0,,
tracee_tracee,io.tracee.binding.jaxws,TraceeClientHandlerTest,setup,4,1,0,42,0,,
tracee_tracee,io.tracee.binding.jaxws,TraceeClientHandlerTest,faultsShouldBeHandledWithoutMessageInteraction,4,1,0,48,1,,
tracee_tracee,io.tracee.binding.jaxws,TraceeClientHandlerTest,skipProcessingWithoutErrorIfNoTpicHeaderIsInMessage,4,1,0,54,1,io.tracee.TraceeBackend,io.tracee.TraceeBackend
tracee_tracee,io.tracee.binding.jaxws,TraceeClientHandlerTest,skipProcessingWithoutErrorIfNoSoapHeaderIsInMessage,5,1,0,60,1,io.tracee.TraceeBackend,io.tracee.TraceeBackend
tracee_tracee,io.tracee.binding.jaxws,TraceeClientHandlerTest,catchExceptionOnReadTpicHeader,5,1,0,67,1,io.tracee.TraceeBackend,io.tracee.TraceeBackend
tracee_tracee,io.tracee.binding.jaxws,TraceeClientHandlerTest,readSoapHeaderIntoToBackend,8,1,0,74,1,io.tracee.TraceeBackend,io.tracee.TraceeBackend
tracee_tracee,io.tracee.binding.jaxws,TraceeClientHandlerTest,addSoapHeaderIfNooneIsOnMessage,10,1,0,86,1,io.tracee.TraceeBackend,io.tracee.TraceeBackend
tracee_tracee,io.tracee.binding.jaxws,TraceeClientHandlerTest,renderBackendToSoapHeader,10,1,0,99,1,io.tracee.TraceeBackend,io.tracee.TraceeBackend
tracee_tracee,io.tracee.binding.jaxws,TraceeClientHandlerTest,skipProcessingIfBackendIsEmpty,4,1,0,111,1,,
tracee_tracee,io.tracee.binding.jaxws,TraceeClientHandlerResolverTest,testGetHandlerChain,4,1,0,19,1,,
tracee_tracee,io.tracee.binding.jaxws,TraceeJaxWsTestServiceIT,setUp,3,1,0,31,0,,
tracee_tracee,io.tracee.binding.jaxws,TraceeJaxWsTestServiceIT,tearDown,4,1,0,36,0,io.tracee.TraceeBackend,io.tracee.TraceeBackend; io.tracee.Tracee
tracee_tracee,io.tracee.binding.jaxws,TraceeJaxWsTestServiceIT,transferClientTpicToServerBackend,12,1,0,42,1,io.tracee.testhelper.SimpleTraceeBackend,io.tracee.testhelper.SimpleTraceeBackend
tracee_tracee,io.tracee.binding.jaxws,TraceeJaxWsEndpointImpl,getCurrentTraceeContext,9,2,0,17,0,io.tracee.TraceeBackend,io.tracee.TraceeBackend; io.tracee.Tracee
tracee_tracee,io.tracee.binding.jaxws,AbstractTraceeHandlerTest,shouldHandleOutgoingContextInOutgoingMethod,6,1,0,25,1,,
tracee_tracee,io.tracee.binding.jaxws,AbstractTraceeHandlerTest,shouldHandleIncomingContextInIncomingMethod,5,1,0,34,1,,
tracee_tracee,io.tracee.binding.jaxws,AbstractTraceeHandlerTest,shouldHandleNoContextPropertyInIncomingMethod,6,1,0,41,1,,
tracee_tracee,io.tracee.binding.jaxws,AbstractTraceeHandlerTest,closeDoesNothing,5,1,0,50,1,,
tracee_tracee,io.tracee.binding.jaxws,AbstractTraceeHandlerTest,shouldRegisterForTraceeHeaders,3,1,0,57,1,,
tracee_tracee,io.tracee.binding.jaxws,AbstractTraceeHandlerTest,shouldReturnTraceeBackendFromInitializiation,3,1,0,62,1,,
tracee_tracee,io.tracee.binding.springhttpclient,TraceeClientHttpRequestInterceptor,TraceeClientHttpRequestInterceptor,3,1,0,27,0,io.tracee.Tracee,io.tracee.Tracee
tracee_tracee,io.tracee.binding.springhttpclient,TraceeClientHttpRequestInterceptor,TraceeClientHttpRequestInterceptor,3,1,1,31,0,io.tracee.Tracee,io.tracee.Tracee
tracee_tracee,io.tracee.binding.springhttpclient,TraceeClientHttpRequestInterceptor,TraceeClientHttpRequestInterceptor,5,1,3,35,0,,
tracee_tracee,io.tracee.binding.springhttpclient,TraceeClientHttpRequestInterceptor,intercept,6,1,3,41,0,io.tracee.binding.springhttpclient.TraceeClientHttpRequestInterceptor,io.tracee.binding.springhttpclient.TraceeClientHttpRequestInterceptor
tracee_tracee,io.tracee.binding.springhttpclient,TraceeClientHttpRequestInterceptor,preRequest,7,2,1,49,0,io.tracee.TraceeBackend,io.tracee.TraceeBackend; io.tracee.configuration.TraceeFilterConfiguration
tracee_tracee,io.tracee.binding.springhttpclient,TraceeClientHttpRequestInterceptor,postResponse,9,3,1,57,0,io.tracee.TraceeBackend,io.tracee.TraceeBackend; io.tracee.configuration.TraceeFilterConfiguration
tracee_tracee,io.tracee.binding.springhttpclient,SimpleClientHttpResponse,SimpleClientHttpResponse,5,1,3,17,0,,
tracee_tracee,io.tracee.binding.springhttpclient,SimpleClientHttpResponse,getStatusCode,3,1,0,23,0,,
tracee_tracee,io.tracee.binding.springhttpclient,SimpleClientHttpResponse,getRawStatusCode,3,1,0,28,0,,
tracee_tracee,io.tracee.binding.springhttpclient,SimpleClientHttpResponse,getStatusText,3,1,0,33,0,,
tracee_tracee,io.tracee.binding.springhttpclient,SimpleClientHttpResponse,close,2,1,0,38,0,,
tracee_tracee,io.tracee.binding.springhttpclient,SimpleClientHttpResponse,getBody,3,1,0,42,0,,
tracee_tracee,io.tracee.binding.springhttpclient,SimpleClientHttpResponse,getHeaders,3,1,0,47,0,,
tracee_tracee,io.tracee.binding.springhttpclient,TraceeClientHttpInterceptorIT,handle,7,1,4,28,0,,
tracee_tracee,io.tracee.binding.springhttpclient,TraceeClientHttpInterceptorIT,testWritesToServerAndParsesResponse,7,1,0,40,1,io.tracee.TraceeBackend,io.tracee.TraceeBackend; io.tracee.Tracee
tracee_tracee,io.tracee.binding.springhttpclient,TraceeClientHttpInterceptorIT,startJetty,6,1,0,49,0,,
tracee_tracee,io.tracee.binding.springhttpclient,TraceeClientHttpInterceptorIT,stopJetty,7,2,0,57,0,io.tracee.TraceeBackend,io.tracee.TraceeBackend; io.tracee.Tracee
tracee_tracee,io.tracee.binding.springhttpclient,TraceeClientHttpInterceptorSpringContextIT,handle,7,1,4,66,0,,
tracee_tracee,io.tracee.binding.springhttpclient,TraceeClientHttpInterceptorSpringContextIT,testWritesToServerAndParsesResponse,5,1,0,86,1,io.tracee.TraceeBackend,io.tracee.TraceeBackend
tracee_tracee,io.tracee.binding.springhttpclient,TraceeClientHttpInterceptorSpringContextIT,startJetty,6,1,0,93,0,,
tracee_tracee,io.tracee.binding.springhttpclient,TraceeClientHttpInterceptorSpringContextIT,stopJetty,7,2,0,101,0,io.tracee.TraceeBackend,io.tracee.TraceeBackend
tracee_tracee,io.tracee.binding.springhttpclient,TraceeClientHttpRequestInterceptorTest,setupMocks,10,1,0,46,0,,
tracee_tracee,io.tracee.binding.springhttpclient,TraceeClientHttpRequestInterceptorTest,answer,5,1,1,49,0,,
tracee_tracee,io.tracee.binding.springhttpclient,TraceeClientHttpRequestInterceptorTest,testInterceptPropagatesContextToRequest,6,1,0,58,1,io.tracee.TraceeBackend,io.tracee.TraceeBackend
tracee_tracee,io.tracee.binding.springhttpclient,TraceeClientHttpRequestInterceptorTest,testInterceptReadsContextFromClientResponse,5,1,0,66,1,io.tracee.TraceeBackend,io.tracee.TraceeBackend
tracee_tracee,io.tracee.binding.springhttpclient,TraceeClientHttpRequestInterceptorTest,headers,8,1,1,73,0,,
tracee_tracee,io.tracee.binding.springhttpclient,TraceeClientHttpRequestInterceptorTest,featureValueOf,3,1,1,75,0,,
tracee_tracee,io.tracee.binding.springhttpclient,TraceeClientHttpRequestInterceptorTest,defaultConstructorUsesDefaultProfile,4,1,0,82,1,io.tracee.testhelper.FieldAccessUtil,io.tracee.testhelper.FieldAccessUtil
tracee_tracee,io.tracee.binding.springhttpclient,TraceeClientHttpRequestInterceptorTest,defaultConstructorUsesTraceeBackend,4,1,0,88,1,io.tracee.testhelper.FieldAccessUtil,io.tracee.testhelper.FieldAccessUtil; io.tracee.Tracee
tracee_tracee,io.tracee.binding.springhttpclient,TraceeClientHttpRequestInterceptorTest,constructorStoresProfileNameInternal,4,1,0,94,1,io.tracee.testhelper.FieldAccessUtil,io.tracee.testhelper.FieldAccessUtil
tracee_tracee,io.tracee.binding.springhttpclient.config,TraceeSpringWebConfiguration,traceeClientHttpRequestInterceptor,3,1,1,19,0,,
tracee_tracee,io.tracee.binding.springhttpclient.config,TraceeSpringWebConfiguration,restTemplatePostProcessor,3,1,1,25,0,,
tracee_tracee,io.tracee.binding.springmvc.config,TraceeSpringMvcConfiguration,traceeInterceptor,3,1,1,22,0,,
tracee_tracee,io.tracee.binding.springmvc.config,TraceeSpringMvcConfiguration,traceSpringMvcWebMvcConfigurerAdapter,8,1,1,27,0,,
tracee_tracee,io.tracee.binding.springmvc.config,TraceeSpringMvcConfiguration,addInterceptors,3,1,1,30,0,,
tracee_tracee,io.tracee.binding.springmvc.config,TraceeSpringMvcConfiguration,traceeSpringMvcResponseBodyAdvice,3,1,0,37,0,,
tracee_tracee,io.tracee.binding.springmvc,TraceeInterceptor,TraceeInterceptor,3,1,0,31,0,io.tracee.Tracee,io.tracee.Tracee
tracee_tracee,io.tracee.binding.springmvc,TraceeInterceptor,TraceeInterceptor,4,1,1,35,0,,
tracee_tracee,io.tracee.binding.springmvc,TraceeInterceptor,preHandle,17,4,3,40,0,io.tracee.TraceeBackend,io.tracee.TraceeBackend; io.tracee.configuration.TraceeFilterConfiguration; io.tracee.binding.springmvc.TraceeInterceptor
tracee_tracee,io.tracee.binding.springmvc,TraceeInterceptor,postHandle,2,1,4,68,0,,
tracee_tracee,io.tracee.binding.springmvc,TraceeInterceptor,afterCompletion,8,1,4,73,0,io.tracee.binding.springmvc.TraceeInterceptor,io.tracee.binding.springmvc.TraceeInterceptor; io.tracee.TraceeBackend
tracee_tracee,io.tracee.binding.springmvc,TraceeInterceptor,writeHeaderIfUncommitted,9,3,1,82,0,io.tracee.TraceeBackend,io.tracee.TraceeBackend; io.tracee.configuration.TraceeFilterConfiguration
tracee_tracee,io.tracee.binding.springmvc,TraceeInterceptor,setOutgoingHeaderName,3,1,1,93,0,,
tracee_tracee,io.tracee.binding.springmvc,TraceeInterceptor,setIncomingHeaderName,3,1,1,97,0,,
tracee_tracee,io.tracee.binding.springmvc,TraceeInterceptor,getProfileName,3,1,0,101,0,,
tracee_tracee,io.tracee.binding.springmvc,TraceeInterceptor,setProfileName,3,1,1,105,0,,
tracee_tracee,io.tracee.binding.springmvc,TraceeResponseBodyAdvice,TraceeResponseBodyAdvice,2,1,0,26,0,,
tracee_tracee,io.tracee.binding.springmvc,TraceeResponseBodyAdvice,TraceeResponseBodyAdvice,3,1,1,29,0,,
tracee_tracee,io.tracee.binding.springmvc,TraceeResponseBodyAdvice,supports,3,1,2,33,0,,
tracee_tracee,io.tracee.binding.springmvc,TraceeResponseBodyAdvice,beforeBodyWrite,8,2,6,38,0,,
tracee_tracee,io.tracee.binding.springmvc,TraceeInterceptorTest,beforeTest,5,1,0,48,0,io.tracee.testhelper.EmptyEnumeration,io.tracee.testhelper.EmptyEnumeration
tracee_tracee,io.tracee.binding.springmvc,TraceeInterceptorTest,shouldSetInvocationIdToBackend,4,1,0,55,1,,
tracee_tracee,io.tracee.binding.springmvc,TraceeInterceptorTest,shouldSetSessionIdToBackendHttpSessionExist,6,1,0,61,1,,
tracee_tracee,io.tracee.binding.springmvc,TraceeInterceptorTest,shouldNotOverrideExistingInvocationId,5,1,0,69,1,io.tracee.TraceeBackend,io.tracee.TraceeBackend
tracee_tracee,io.tracee.binding.springmvc,TraceeInterceptorTest,shouldNotOverrideExistingSessionId,5,1,0,76,1,io.tracee.TraceeBackend,io.tracee.TraceeBackend
tracee_tracee,io.tracee.binding.springmvc,TraceeInterceptorTest,shouldWriteInitTpicToResponse,8,1,0,83,1,io.tracee.TraceeBackend,io.tracee.TraceeBackend
tracee_tracee,io.tracee.binding.springmvc,TraceeInterceptorTest,doNotWriteHeadersToResponseIfResponseIsCommited,8,1,0,94,1,io.tracee.TraceeBackend,io.tracee.TraceeBackend
tracee_tracee,io.tracee.binding.springmvc,TraceeInterceptorTest,initialTpicHeaderShouldBeReplacedAtTheEndIfResponseIsNotCommited,11,1,0,105,1,io.tracee.TraceeBackend,io.tracee.TraceeBackend
tracee_tracee,io.tracee.binding.springmvc,TraceeInterceptorTest,shouldNotRenderContextInResponseIfConfigurationDeniesIt,9,1,0,120,1,io.tracee.configuration.TraceeFilterConfiguration,io.tracee.configuration.TraceeFilterConfiguration; io.tracee.TraceeBackend
tracee_tracee,io.tracee.binding.springmvc,TraceeInterceptorTest,shouldRenderContextInResponseIfConfigured,5,1,0,131,1,io.tracee.TraceeBackend,io.tracee.TraceeBackend
tracee_tracee,io.tracee.binding.springmvc,TraceeInterceptorTest,shouldUseCustomHeaderInResponse,6,1,0,138,1,,
tracee_tracee,io.tracee.binding.springmvc,TraceeInterceptorTest,shouldUseConfiguredProfile,6,1,0,146,1,,
tracee_tracee,io.tracee.binding.springmvc,TraceeInterceptorTest,shouldMergeIncomingContextIfConfigured,8,1,0,154,1,,
tracee_tracee,io.tracee.binding.springmvc,TraceeInterceptorTest,shouldMergeIncomingContextFromCustomHeader,10,1,0,164,1,,
tracee_tracee,io.tracee.binding.springmvc,TraceeInterceptorTest,shouldCleanupAfterProcessing,4,1,0,178,1,,
tracee_tracee,io.tracee.binding.springmvc,TraceeInterceptorTest,defaultConstructorUsesTraceeBackend,4,1,0,184,1,io.tracee.testhelper.FieldAccessUtil,io.tracee.testhelper.FieldAccessUtil; io.tracee.Tracee
tracee_tracee,io.tracee.binding.springmvc,TraceeInterceptorTest,createHeader,6,1,2,190,0,,
tracee_tracee,io.tracee.binding.springmvc,TraceeInterceptorTest,mockedBackend,6,1,1,197,0,io.tracee.TraceeBackend,io.tracee.TraceeBackend
tracee_tracee,io.tracee.binding.springmvc,TraceeResponseBodyAdviceTest,adviceShouldHandleAllKindOfRequests,3,1,0,25,1,,
tracee_tracee,io.tracee.binding.springmvc,TraceeResponseBodyAdviceTest,shouldAddTraceeHeaderToResponse,7,1,0,30,1,io.tracee.TraceeBackend,io.tracee.TraceeBackend; io.tracee.Tracee
tracee_tracee,io.tracee.binding.springmvc.itests,TraceeInterceptorSpringApplicationInitializer,initialize,11,1,1,13,0,,
tracee_tracee,io.tracee.binding.springmvc.itests,TraceeInterceptorIT,shouldDelegateContextToServerAndBack,6,1,0,30,1,,
tracee_tracee,io.tracee.binding.springmvc.itests,TraceeInterceptorIT,shouldDelegateContextToServerAndReceiveItInCaseOfException,6,1,0,39,1,,
tracee_tracee,io.tracee.binding.springmvc.itests,TraceeInterceptorIT,whenResponseIsCommitedWeShouldReceiveInitValues,8,1,0,48,1,,
tracee_tracee,io.tracee.binding.springmvc.itests,TraceeInterceptorIT,get,9,2,2,58,0,,
tracee_tracee,io.tracee.binding.springmvc.itests,WebIntegrationIT,startJetty,13,1,0,19,0,io.tracee.TraceeBackend,io.tracee.TraceeBackend; io.tracee.Tracee
tracee_tracee,io.tracee.binding.springmvc.itests,WebIntegrationIT,stopJetty,6,2,0,36,0,io.tracee.TraceeBackend,io.tracee.TraceeBackend; io.tracee.Tracee
tracee_tracee,io.tracee.binding.springmvc.itests,TraceeInterceptorRestIT,configureTestTemplate,4,1,0,29,0,,
tracee_tracee,io.tracee.binding.springmvc.itests,TraceeInterceptorRestIT,jsonControllerShouldReceiveTraceeHeader,5,1,0,35,1,io.tracee.TraceeBackend,io.tracee.TraceeBackend; io.tracee.Tracee
tracee_tracee,io.tracee.binding.springmvc.itests,TraceeInterceptorRestIT,jsonControllerShouldSendTraceeHeader,5,1,0,42,1,,
tracee_tracee,io.tracee.binding.springmvc.itests,TraceeInterceptorRestIT,ensureSameValueIsReceivedAndTransmittedBack,7,1,0,49,1,io.tracee.TraceeBackend,io.tracee.TraceeBackend; io.tracee.Tracee
tracee_tracee,io.tracee.binding.springmvc.itests,TraceeInterceptorRestIT,withResponseBodyAdviceNewValuesShouldReceivedAsWell,5,1,0,59,1,io.tracee.TraceeBackend,io.tracee.TraceeBackend; io.tracee.Tracee
tracee_tracee,io.tracee.spi,TraceeBackendProvider,provideBackend,0,1,0,7,0,,
tracee_tracee,io.tracee.testhelper,PermitAllTraceeFilterConfiguration,shouldProcessParam,3,1,2,11,0,,
tracee_tracee,io.tracee.testhelper,PermitAllTraceeFilterConfiguration,filterDeniedParams,3,1,2,16,0,,
tracee_tracee,io.tracee.testhelper,PermitAllTraceeFilterConfiguration,shouldProcessContext,3,1,1,21,0,,
tracee_tracee,io.tracee.testhelper,PermitAllTraceeFilterConfiguration,shouldGenerateInvocationId,3,1,0,26,0,,
tracee_tracee,io.tracee.testhelper,PermitAllTraceeFilterConfiguration,generatedInvocationIdLength,3,1,0,31,0,,
tracee_tracee,io.tracee.testhelper,PermitAllTraceeFilterConfiguration,shouldGenerateSessionId,3,1,0,36,0,,
tracee_tracee,io.tracee.testhelper,PermitAllTraceeFilterConfiguration,generatedSessionIdLength,3,1,0,41,0,,
tracee_tracee,io.tracee.testhelper,FieldAccessUtil,FieldAccessUtil,2,1,0,7,0,,
tracee_tracee,io.tracee.testhelper,FieldAccessUtil,getFieldVal,4,1,2,10,0,io.tracee.testhelper.FieldAccessUtil,io.tracee.testhelper.FieldAccessUtil
tracee_tracee,io.tracee.testhelper,FieldAccessUtil,getFieldVal,20,3,3,15,0,io.tracee.testhelper.FieldAccessUtil,io.tracee.testhelper.FieldAccessUtil
tracee_tracee,io.tracee.testhelper,PortUtil,randomTestPort,6,2,0,7,0,,
tracee_tracee,io.tracee.testhelper,PortUtil,PortUtil,2,1,0,15,0,,
tracee_tracee,io.tracee.testhelper,EmptyEnumeration,emptyEnumeration,3,1,0,7,0,,
tracee_tracee,io.tracee.testhelper,EmptyEnumeration,hasMoreElements,3,1,0,11,0,,
tracee_tracee,io.tracee.testhelper,EmptyEnumeration,nextElement,3,1,0,16,0,,
tracee_tracee,io.tracee.testhelper,DelegationTestUtil,assertDelegationToSpy,3,1,1,24,0,,
tracee_tracee,io.tracee.testhelper,DelegationTestUtil,generateMockedParams,22,6,1,83,0,,
tracee_tracee,io.tracee.testhelper,DelegationTestUtil,paramsToStr,11,3,1,102,0,,
tracee_tracee,io.tracee.testhelper,DelegationTestUtil,DelegationTestUtil,2,1,0,114,0,,
tracee_tracee,io.tracee.testhelper,SimpleTraceeBackend,createNonLoggingAllPermittingBackend,3,1,0,21,0,,
tracee_tracee,io.tracee.testhelper,SimpleTraceeBackend,SimpleTraceeBackend,3,1,1,25,0,,
tracee_tracee,io.tracee.testhelper,SimpleTraceeBackend,getConfiguration,3,1,1,31,0,,
tracee_tracee,io.tracee.testhelper,SimpleTraceeBackend,getConfiguration,3,1,0,40,0,,
tracee_tracee,io.tracee.testhelper,SimpleTraceeBackend,containsKey,3,1,1,46,0,,
tracee_tracee,io.tracee.testhelper,SimpleTraceeBackend,get,3,1,1,51,0,,
tracee_tracee,io.tracee.testhelper,SimpleTraceeBackend,size,3,1,0,56,0,,
tracee_tracee,io.tracee.testhelper,SimpleTraceeBackend,clear,4,1,0,61,0,io.tracee.testhelper.SimpleTraceeBackend,io.tracee.testhelper.SimpleTraceeBackend
tracee_tracee,io.tracee.testhelper,SimpleTraceeBackend,isEmpty,3,1,0,67,0,,
tracee_tracee,io.tracee.testhelper,SimpleTraceeBackend,put,3,1,2,72,0,,
tracee_tracee,io.tracee.testhelper,SimpleTraceeBackend,putAll,3,1,1,77,0,,
tracee_tracee,io.tracee.testhelper,SimpleTraceeBackend,copyToMap,3,1,0,82,0,,
tracee_tracee,io.tracee.testhelper,SimpleTraceeBackend,remove,3,1,1,87,0,,
tracee_tracee,io.tracee.testhelper,SimpleTraceeBackend,getInvocationId,3,1,0,92,0,io.tracee.testhelper.SimpleTraceeBackend,io.tracee.testhelper.SimpleTraceeBackend
tracee_tracee,io.tracee.testhelper,SimpleTraceeBackend,getSessionId,3,1,0,97,0,io.tracee.testhelper.SimpleTraceeBackend,io.tracee.testhelper.SimpleTraceeBackend
tracee_tracee,io.tracee.testhelper,SimpleTraceeBackend,getValuesBeforeLastClear,3,1,0,102,0,,
tracee_tracee,io.tracee.testhelper,DelegationTestUtilTest,shouldFindAllDelegations,6,1,0,16,1,,
tracee_tracee,io.tracee.testhelper,DelegationTestUtilTest,shouldFindErrorsInDelegate,7,1,0,24,1,,
tracee_tracee,io.tracee.testhelper,PermitAllTraceeFilterConfigurationTest,testShouldProcessAllParam,4,1,0,22,1,io.tracee.testhelper.PermitAllTraceeFilterConfiguration,io.tracee.testhelper.PermitAllTraceeFilterConfiguration
tracee_tracee,io.tracee.testhelper,PermitAllTraceeFilterConfigurationTest,testFilterDeniedParamsFiltersNothing,6,1,0,28,1,io.tracee.testhelper.PermitAllTraceeFilterConfiguration,io.tracee.testhelper.PermitAllTraceeFilterConfiguration
tracee_tracee,io.tracee.testhelper,PermitAllTraceeFilterConfigurationTest,testShouldProcessAllContext,8,1,0,36,1,io.tracee.testhelper.PermitAllTraceeFilterConfiguration,io.tracee.testhelper.PermitAllTraceeFilterConfiguration
tracee_tracee,io.tracee.testhelper,PermitAllTraceeFilterConfigurationTest,testShouldAlwaysGenerateInvocationId,3,1,0,46,1,io.tracee.testhelper.PermitAllTraceeFilterConfiguration,io.tracee.testhelper.PermitAllTraceeFilterConfiguration
tracee_tracee,io.tracee.testhelper,PermitAllTraceeFilterConfigurationTest,testGeneratedInvocationIdWithLength32,3,1,0,51,1,io.tracee.testhelper.PermitAllTraceeFilterConfiguration,io.tracee.testhelper.PermitAllTraceeFilterConfiguration
tracee_tracee,io.tracee.testhelper,PermitAllTraceeFilterConfigurationTest,testShouldAlwaysGenerateSessionId,3,1,0,56,1,io.tracee.testhelper.PermitAllTraceeFilterConfiguration,io.tracee.testhelper.PermitAllTraceeFilterConfiguration
tracee_tracee,io.tracee.testhelper,PermitAllTraceeFilterConfigurationTest,testGeneratedSessionIdWithLength32,3,1,0,61,1,io.tracee.testhelper.PermitAllTraceeFilterConfiguration,io.tracee.testhelper.PermitAllTraceeFilterConfiguration
tracee_tracee,io.tracee.testhelper,FieldAccessUtilTest,shouldAccessFields,6,1,0,12,1,io.tracee.testhelper.FieldAccessUtil,io.tracee.testhelper.SimpleTraceeBackend; io.tracee.testhelper.FieldAccessUtil
