Project Name,Package Name,Type Name,Method Name,LOC,CC,PC,Line no,IsTest
rundeck,com.dtolabs.launcher,Preferences,generate,71,14,3,48,0
rundeck,com.dtolabs.launcher,Preferences,loadDefaults,11,2,2,153,0
rundeck,com.dtolabs.launcher,Preferences,loadResourcesDefaults,15,3,2,164,0
rundeck,com.dtolabs.launcher,Preferences,parseNonReqOptionsAsProperties,14,4,2,180,0
rundeck,com.dtolabs.launcher,Preferences,convert2PropName,16,6,1,219,0
rundeck,com.dtolabs.launcher,Preferences,forwardSlashPath,6,2,1,270,0
rundeck,com.dtolabs.launcher,Setup,Setup,2,1,0,61,0
rundeck,com.dtolabs.launcher,Setup,main,12,1,1,68,0
rundeck,com.dtolabs.launcher,Setup,execute,4,1,1,101,0
rundeck,com.dtolabs.launcher,Setup,performSetup,3,1,0,112,0
rundeck,com.dtolabs.launcher,Setup,performSetup,13,3,1,115,0
rundeck,com.dtolabs.launcher,Setup,newImpl,80,11,2,130,0
rundeck,com.dtolabs.launcher,Setup,getTemplateFile,13,2,2,238,0
rundeck,com.dtolabs.launcher,Setup,validateInstall,8,3,0,257,0
rundeck,com.dtolabs.launcher,Setup,checkIfDir,6,2,2,271,0
rundeck,com.dtolabs.launcher,Setup,generatePreferences,15,3,2,280,0
rundeck,com.dtolabs.launcher,Setup,printUsage,3,1,0,298,0
rundeck,com.dtolabs.launcher,Setup,usageError,4,1,1,303,0
rundeck,com.dtolabs.launcher,Setup,log,3,1,1,308,0
rundeck,com.dtolabs.launcher,Setup,error,3,1,1,312,0
rundeck,com.dtolabs.launcher,Setup,warn,3,1,1,316,0
rundeck,com.dtolabs.launcher,Setup,verbose,3,1,1,322,0
rundeck,com.dtolabs.launcher,Setup,debug,3,1,1,327,0
rundeck,com.dtolabs.launcher,Setup,getParameters,3,1,0,333,0
rundeck,com.dtolabs.launcher,Setup,Parameters,3,1,0,353,0
rundeck,com.dtolabs.launcher,Setup,getForceFlag,3,1,0,357,0
rundeck,com.dtolabs.launcher,Setup,getDebugFlag,3,1,0,361,0
rundeck,com.dtolabs.launcher,Setup,getNodeArg,3,1,0,365,0
rundeck,com.dtolabs.launcher,Setup,getOptParam,5,3,2,369,0
rundeck,com.dtolabs.launcher,Setup,parse,37,11,1,387,0
rundeck,com.dtolabs.launcher,Setup,validate,40,12,0,425,0
rundeck,com.dtolabs.launcher,Setup,getNodeHostnameArg,3,1,0,468,0
rundeck,com.dtolabs.launcher,Setup,getServerHostname,3,1,0,472,0
rundeck,com.dtolabs.launcher,Setup,getProperties,3,1,0,476,0
rundeck,com.dtolabs.launcher,Setup,setNodeArg,3,1,1,480,0
rundeck,com.dtolabs.launcher,Setup,setNodeHostnameArg,3,1,1,484,0
rundeck,com.dtolabs.launcher,Setup,setServerHostname,3,1,1,488,0
rundeck,com.dtolabs.launcher,Setup,getServerName,3,1,0,492,0
rundeck,com.dtolabs.launcher,Setup,setServerName,3,1,1,496,0
rundeck,com.dtolabs.launcher,Setup,getBaseDir,3,1,0,500,0
rundeck,com.dtolabs.launcher,Setup,setBaseDir,3,1,1,504,0
rundeck,com.dtolabs.launcher,Setup,getHomeDir,3,1,0,508,0
rundeck,com.dtolabs.launcher,Setup,setHomeDir,3,1,1,512,0
rundeck,com.dtolabs.launcher,Setup,setProperty,3,1,2,516,0
rundeck,com.dtolabs.launcher,Setup,SetupException,2,1,0,525,0
rundeck,com.dtolabs.launcher,Setup,SetupException,3,1,1,528,0
rundeck,com.dtolabs.launcher,Setup,SetupException,3,1,2,532,0
rundeck,com.dtolabs.launcher,Setup,SetupException,3,1,1,536,0
rundeck,com.dtolabs.launcher,Parameters,Parameters,3,1,0,353,0
rundeck,com.dtolabs.launcher,Parameters,getForceFlag,3,1,0,357,0
rundeck,com.dtolabs.launcher,Parameters,getDebugFlag,3,1,0,361,0
rundeck,com.dtolabs.launcher,Parameters,getNodeArg,3,1,0,365,0
rundeck,com.dtolabs.launcher,Parameters,getOptParam,5,3,2,369,0
rundeck,com.dtolabs.launcher,Parameters,parse,37,11,1,387,0
rundeck,com.dtolabs.launcher,Parameters,validate,40,12,0,425,0
rundeck,com.dtolabs.launcher,Parameters,getNodeHostnameArg,3,1,0,468,0
rundeck,com.dtolabs.launcher,Parameters,getServerHostname,3,1,0,472,0
rundeck,com.dtolabs.launcher,Parameters,getProperties,3,1,0,476,0
rundeck,com.dtolabs.launcher,Parameters,setNodeArg,3,1,1,480,0
rundeck,com.dtolabs.launcher,Parameters,setNodeHostnameArg,3,1,1,484,0
rundeck,com.dtolabs.launcher,Parameters,setServerHostname,3,1,1,488,0
rundeck,com.dtolabs.launcher,Parameters,getServerName,3,1,0,492,0
rundeck,com.dtolabs.launcher,Parameters,setServerName,3,1,1,496,0
rundeck,com.dtolabs.launcher,Parameters,getBaseDir,3,1,0,500,0
rundeck,com.dtolabs.launcher,Parameters,setBaseDir,3,1,1,504,0
rundeck,com.dtolabs.launcher,Parameters,getHomeDir,3,1,0,508,0
rundeck,com.dtolabs.launcher,Parameters,setHomeDir,3,1,1,512,0
rundeck,com.dtolabs.launcher,Parameters,setProperty,3,1,2,516,0
rundeck,com.dtolabs.launcher,SetupException,SetupException,2,1,0,525,0
rundeck,com.dtolabs.launcher,SetupException,SetupException,3,1,1,528,0
rundeck,com.dtolabs.launcher,SetupException,SetupException,3,1,2,532,0
rundeck,com.dtolabs.launcher,SetupException,SetupException,3,1,1,536,0
rundeck,com.dtolabs.shared.resources,ResourceXMLParserException,ResourceXMLParserException,3,1,0,33,0
rundeck,com.dtolabs.shared.resources,ResourceXMLParserException,ResourceXMLParserException,3,1,1,37,0
rundeck,com.dtolabs.shared.resources,ResourceXMLParserException,ResourceXMLParserException,3,1,1,41,0
rundeck,com.dtolabs.shared.resources,ResourceXMLParserException,ResourceXMLParserException,3,1,2,45,0
rundeck,com.dtolabs.shared.resources,ResourceXMLGenerator,ResourceXMLGenerator,4,1,1,56,0
rundeck,com.dtolabs.shared.resources,ResourceXMLGenerator,ResourceXMLGenerator,4,1,1,66,0
rundeck,com.dtolabs.shared.resources,ResourceXMLGenerator,getEntities,3,1,0,76,0
rundeck,com.dtolabs.shared.resources,ResourceXMLGenerator,setEntities,3,1,1,85,0
rundeck,com.dtolabs.shared.resources,ResourceXMLGenerator,addEntity,3,1,1,94,0
rundeck,com.dtolabs.shared.resources,ResourceXMLGenerator,addNode,4,1,1,103,0
rundeck,com.dtolabs.shared.resources,ResourceXMLGenerator,addNodes,5,2,1,114,0
rundeck,com.dtolabs.shared.resources,ResourceXMLGenerator,createEntity,12,3,1,120,0
rundeck,com.dtolabs.shared.resources,ResourceXMLGenerator,joinStrings,10,3,2,144,0
rundeck,com.dtolabs.shared.resources,ResourceXMLGenerator,generate,22,5,0,164,0
rundeck,com.dtolabs.shared.resources,ResourceXMLGenerator,genAttributes,17,5,2,192,0
rundeck,com.dtolabs.shared.resources,ResourceXMLGenerator,genNode,6,2,2,218,0
rundeck,com.dtolabs.shared.resources,ResourceXMLGenerator,genEntityCommon,7,1,2,234,0
rundeck,com.dtolabs.shared.resources,ResourceXMLGenerator,notNull,6,2,1,250,0
rundeck,com.dtolabs.shared.resources,ResourceXMLGenerator,serializeDocToStream,6,1,2,264,0
rundeck,com.dtolabs.shared.resources,ResourceXMLReceiver,resourceParsed,0,1,1,35,0
rundeck,com.dtolabs.shared.resources,ResourceXMLReceiver,resourcesParsed,0,1,1,42,0
rundeck,com.dtolabs.shared.resources,ResourceXMLParser,ResourceXMLParser,3,1,1,63,0
rundeck,com.dtolabs.shared.resources,ResourceXMLParser,ResourceXMLParser,3,1,1,71,0
rundeck,com.dtolabs.shared.resources,ResourceXMLParser,parse,40,7,0,81,0
rundeck,com.dtolabs.shared.resources,ResourceXMLParser,createEntityResolver,26,4,0,129,0
rundeck,com.dtolabs.shared.resources,ResourceXMLParser,resolveEntity,21,4,2,131,0
rundeck,com.dtolabs.shared.resources,ResourceXMLParser,parseEnt,7,1,2,157,0
rundeck,com.dtolabs.shared.resources,ResourceXMLParser,parseResourceRef,8,2,2,176,0
rundeck,com.dtolabs.shared.resources,ResourceXMLParser,parseEntProperties,10,3,2,201,0
rundeck,com.dtolabs.shared.resources,ResourceXMLParser,parseEntSubAttributes,21,5,2,222,0
rundeck,com.dtolabs.shared.resources,ResourceXMLParser,reportNodeErrorLocation,3,1,1,259,0
rundeck,com.dtolabs.shared.resources,ResourceXMLParser,getReceiver,3,1,0,271,0
rundeck,com.dtolabs.shared.resources,ResourceXMLParser,setReceiver,3,1,1,280,0
rundeck,com.dtolabs.shared.resources,ResourceXMLParser,addEntity,3,1,1,300,0
rundeck,com.dtolabs.shared.resources,ResourceXMLParser,containsEntity,3,1,1,304,0
rundeck,com.dtolabs.shared.resources,ResourceXMLParser,createEntity,7,1,1,308,0
rundeck,com.dtolabs.shared.resources,ResourceXMLParser,getOrCreateEntity,6,2,1,316,0
rundeck,com.dtolabs.shared.resources,ResourceXMLParser,getEntities,3,1,0,323,0
rundeck,com.dtolabs.shared.resources,ResourceXMLParser,Entity,3,1,0,352,0
rundeck,com.dtolabs.shared.resources,ResourceXMLParser,getId,3,1,0,361,0
rundeck,com.dtolabs.shared.resources,ResourceXMLParser,getName,3,1,0,366,0
rundeck,com.dtolabs.shared.resources,ResourceXMLParser,setName,3,1,1,370,0
rundeck,com.dtolabs.shared.resources,ResourceXMLParser,equals,13,4,1,375,0
rundeck,com.dtolabs.shared.resources,ResourceXMLParser,hashCode,6,1,0,393,0
rundeck,com.dtolabs.shared.resources,ResourceXMLParser,getProperties,3,1,0,401,0
rundeck,com.dtolabs.shared.resources,ResourceXMLParser,getProperty,3,1,1,405,0
rundeck,com.dtolabs.shared.resources,ResourceXMLParser,setProperty,3,1,2,408,0
rundeck,com.dtolabs.shared.resources,ResourceXMLParser,getResourceType,3,1,0,412,0
rundeck,com.dtolabs.shared.resources,ResourceXMLParser,setResourceType,3,1,1,421,0
rundeck,com.dtolabs.shared.resources,EntitySet,addEntity,3,1,1,300,0
rundeck,com.dtolabs.shared.resources,EntitySet,containsEntity,3,1,1,304,0
rundeck,com.dtolabs.shared.resources,EntitySet,createEntity,7,1,1,308,0
rundeck,com.dtolabs.shared.resources,EntitySet,getOrCreateEntity,6,2,1,316,0
rundeck,com.dtolabs.shared.resources,EntitySet,getEntities,3,1,0,323,0
rundeck,com.dtolabs.shared.resources,Entity,Entity,3,1,0,352,0
rundeck,com.dtolabs.shared.resources,Entity,getId,3,1,0,361,0
rundeck,com.dtolabs.shared.resources,Entity,getName,3,1,0,366,0
rundeck,com.dtolabs.shared.resources,Entity,setName,3,1,1,370,0
rundeck,com.dtolabs.shared.resources,Entity,equals,13,4,1,375,0
rundeck,com.dtolabs.shared.resources,Entity,hashCode,6,1,0,393,0
rundeck,com.dtolabs.shared.resources,Entity,getProperties,3,1,0,401,0
rundeck,com.dtolabs.shared.resources,Entity,getProperty,3,1,1,405,0
rundeck,com.dtolabs.shared.resources,Entity,setProperty,3,1,2,408,0
rundeck,com.dtolabs.shared.resources,Entity,getResourceType,3,1,0,412,0
rundeck,com.dtolabs.shared.resources,Entity,setResourceType,3,1,1,421,0
rundeck,com.dtolabs.shared.resources,TestResourceXMLGenerator,TestResourceXMLGenerator,3,1,1,46,0
rundeck,com.dtolabs.shared.resources,TestResourceXMLGenerator,suite,3,1,0,50,0
rundeck,com.dtolabs.shared.resources,TestResourceXMLGenerator,setUp,6,1,0,54,0
rundeck,com.dtolabs.shared.resources,TestResourceXMLGenerator,tearDown,4,2,0,61,0
rundeck,com.dtolabs.shared.resources,TestResourceXMLGenerator,main,3,1,1,67,0
rundeck,com.dtolabs.shared.resources,TestResourceXMLGenerator,testResourceXMLGenerator,136,1,0,72,0
rundeck,com.dtolabs.shared.resources,TestResourceXMLParser,TestResourceXMLParser,3,1,1,41,0
rundeck,com.dtolabs.shared.resources,TestResourceXMLParser,suite,3,1,0,45,0
rundeck,com.dtolabs.shared.resources,TestResourceXMLParser,setUp,7,1,0,49,0
rundeck,com.dtolabs.shared.resources,TestResourceXMLParser,tearDown,2,1,0,57,0
rundeck,com.dtolabs.shared.resources,TestResourceXMLParser,main,3,1,1,60,0
rundeck,com.dtolabs.shared.resources,TestResourceXMLParser,testParse,97,1,0,65,0
rundeck,com.dtolabs.shared.resources,TestResourceXMLParser,resourceParsed,5,1,1,85,0
rundeck,com.dtolabs.shared.resources,TestResourceXMLParser,resourcesParsed,3,1,1,91,0
rundeck,com.dtolabs.shared.resources,TestResourceXMLParser,resourceParsed,5,1,1,106,0
rundeck,com.dtolabs.shared.resources,TestResourceXMLParser,resourcesParsed,3,1,1,112,0
rundeck,com.dtolabs.shared.resources,TestResourceXMLParser,resourceParsed,5,1,1,133,0
rundeck,com.dtolabs.shared.resources,TestResourceXMLParser,resourcesParsed,3,1,1,139,0
rundeck,com.dtolabs.rundeck.core.cli,CLILoggerParams,isDebug,0,1,0,33,0
rundeck,com.dtolabs.rundeck.core.cli,CLILoggerParams,isVerbose,0,1,0,39,0
rundeck,com.dtolabs.rundeck.core.cli,CLILoggerParams,isQuiet,0,1,0,45,0
rundeck,com.dtolabs.rundeck.core.cli,ExtendedOptions,addOptions,2,1,1,37,0
rundeck,com.dtolabs.rundeck.core.cli,ExtendedOptions,parseArgs,13,4,2,41,0
rundeck,com.dtolabs.rundeck.core.cli,ExtendedOptions,validate,2,1,2,56,0
rundeck,com.dtolabs.rundeck.core.cli,ExtendedOptions,getExtendedOptions,3,1,0,59,0
rundeck,com.dtolabs.rundeck.core.cli,CLITool,parseArgs,0,1,1,25,0
rundeck,com.dtolabs.rundeck.core.cli,CLITool,run,0,1,1,33,0
rundeck,com.dtolabs.rundeck.core.cli,CLITool,exit,0,1,1,41,0
rundeck,com.dtolabs.rundeck.core.cli,CLITool,help,0,1,0,48,0
rundeck,com.dtolabs.rundeck.core.cli,ActionMaker,createAction,0,1,1,23,0
rundeck,com.dtolabs.rundeck.core.cli,ActionMaker,initArgs,0,1,0,25,0
rundeck,com.dtolabs.rundeck.core.cli,ActionMaker,isOverwrite,0,1,0,27,0
rundeck,com.dtolabs.rundeck.core.cli,CLIUtils,generateArgline,3,1,2,39,0
rundeck,com.dtolabs.rundeck.core.cli,CLIUtils,generateArgline,25,7,3,51,0
rundeck,com.dtolabs.rundeck.core.cli,CLIUtils,splitArgLine,19,5,1,85,0
rundeck,com.dtolabs.rundeck.core.cli,NodeDispatchStatusListener,reportSuccess,0,1,1,34,0
rundeck,com.dtolabs.rundeck.core.cli,SingleProjectResolver,hasSingleProject,0,1,0,35,0
rundeck,com.dtolabs.rundeck.core.cli,SingleProjectResolver,getSingleProjectName,0,1,0,40,0
rundeck,com.dtolabs.rundeck.core.cli,CLIToolOptions,addOptions,0,1,1,36,0
rundeck,com.dtolabs.rundeck.core.cli,CLIToolOptions,parseArgs,0,1,2,37,0
rundeck,com.dtolabs.rundeck.core.cli,CLIToolOptions,validate,0,1,2,38,0
rundeck,com.dtolabs.rundeck.core.cli,NodeDispatcher,executeNodedispatch,0,1,6,39,0
rundeck,com.dtolabs.rundeck.core.cli,NodeCallableFactory,createCallable,0,1,1,38,0
rundeck,com.dtolabs.rundeck.core.cli,Log4JCLIToolLogger,Log4JCLIToolLogger,3,1,1,37,0
rundeck,com.dtolabs.rundeck.core.cli,Log4JCLIToolLogger,log,3,1,1,45,0
rundeck,com.dtolabs.rundeck.core.cli,Log4JCLIToolLogger,error,3,1,1,49,0
rundeck,com.dtolabs.rundeck.core.cli,Log4JCLIToolLogger,warn,3,1,1,53,0
rundeck,com.dtolabs.rundeck.core.cli,Log4JCLIToolLogger,verbose,3,1,1,57,0
rundeck,com.dtolabs.rundeck.core.cli,Log4JCLIToolLogger,debug,3,1,1,61,0
rundeck,com.dtolabs.rundeck.core.cli,Action,exec,0,1,0,33,0
rundeck,com.dtolabs.rundeck.core.cli,BaseTool,addToolOptions,3,1,1,52,0
rundeck,com.dtolabs.rundeck.core.cli,BaseTool,BaseTool,8,2,0,63,0
rundeck,com.dtolabs.rundeck.core.cli,BaseTool,isUseHelpOption,0,1,0,72,0
rundeck,com.dtolabs.rundeck.core.cli,BaseTool,initOptions,8,3,0,79,0
rundeck,com.dtolabs.rundeck.core.cli,BaseTool,getOptions,3,1,0,92,0
rundeck,com.dtolabs.rundeck.core.cli,BaseTool,run,6,1,1,96,0
rundeck,com.dtolabs.rundeck.core.cli,BaseTool,parseArgs,17,3,1,110,0
rundeck,com.dtolabs.rundeck.core.cli,BaseTool,validateOptions,7,3,2,131,0
rundeck,com.dtolabs.rundeck.core.cli,BaseTool,go,0,1,0,143,0
rundeck,com.dtolabs.rundeck.core.cli,BaseTool,getCommandLine,3,1,0,148,0
rundeck,com.dtolabs.rundeck.core.cli,BaseTool,getHelpString,0,1,0,152,0
rundeck,com.dtolabs.rundeck.core.cli,BaseTool,help,5,1,0,159,0
rundeck,com.dtolabs.rundeck.core.cli,BaseTool,exit,5,2,1,173,0
rundeck,com.dtolabs.rundeck.core.cli,BaseTool,isShouldExit,3,1,0,184,0
rundeck,com.dtolabs.rundeck.core.cli,BaseTool,setShouldExit,3,1,1,188,0
rundeck,com.dtolabs.rundeck.core.cli,HelpOptions,addOptions,3,1,1,49,0
rundeck,com.dtolabs.rundeck.core.cli,HelpOptions,parseArgs,5,2,2,58,0
rundeck,com.dtolabs.rundeck.core.cli,HelpOptions,validate,5,2,2,64,0
rundeck,com.dtolabs.rundeck.core.cli,HelpOptions,isHelpOption,3,1,0,70,0
rundeck,com.dtolabs.rundeck.core.cli,CLIToolOptionsException,CLIToolOptionsException,3,1,0,33,0
rundeck,com.dtolabs.rundeck.core.cli,CLIToolOptionsException,CLIToolOptionsException,3,1,1,37,0
rundeck,com.dtolabs.rundeck.core.cli,CLIToolOptionsException,CLIToolOptionsException,3,1,1,41,0
rundeck,com.dtolabs.rundeck.core.cli,CLIToolOptionsException,CLIToolOptionsException,3,1,2,45,0
rundeck,com.dtolabs.rundeck.core.cli,DefaultCLIToolLogger,log,3,1,1,34,0
rundeck,com.dtolabs.rundeck.core.cli,DefaultCLIToolLogger,error,3,1,1,38,0
rundeck,com.dtolabs.rundeck.core.cli,DefaultCLIToolLogger,warn,3,1,1,43,0
rundeck,com.dtolabs.rundeck.core.cli,DefaultCLIToolLogger,verbose,3,1,1,47,0
rundeck,com.dtolabs.rundeck.core.cli,DefaultCLIToolLogger,debug,3,1,1,56,0
rundeck,com.dtolabs.rundeck.core.cli,FailedNodesFilestore,clearFailedNodesFile,5,2,1,35,0
rundeck,com.dtolabs.rundeck.core.cli,FailedNodesFilestore,storeFailedNodes,30,4,2,46,0
rundeck,com.dtolabs.rundeck.core.cli,FailedNodesFilestore,createListener,3,1,1,82,0
rundeck,com.dtolabs.rundeck.core.cli,FailedNodesFilestore,Listener,3,1,1,95,0
rundeck,com.dtolabs.rundeck.core.cli,FailedNodesFilestore,matchedNodes,2,1,1,99,0
rundeck,com.dtolabs.rundeck.core.cli,FailedNodesFilestore,nodesSucceeded,6,2,0,102,0
rundeck,com.dtolabs.rundeck.core.cli,FailedNodesFilestore,nodesFailed,12,4,1,110,0
rundeck,com.dtolabs.rundeck.core.cli,FailedNodesFilestore,parseFailedNodes,25,2,1,125,0
rundeck,com.dtolabs.rundeck.core.cli,Listener,Listener,3,1,1,95,0
rundeck,com.dtolabs.rundeck.core.cli,Listener,matchedNodes,2,1,1,99,0
rundeck,com.dtolabs.rundeck.core.cli,Listener,nodesSucceeded,6,2,0,102,0
rundeck,com.dtolabs.rundeck.core.cli,Listener,nodesFailed,12,4,1,110,0
rundeck,com.dtolabs.rundeck.core.cli,ActionFactory,createAction,0,1,1,34,0
rundeck,com.dtolabs.rundeck.core.cli,ExecTool,setFramework,3,1,1,132,0
rundeck,com.dtolabs.rundeck.core.cli,ExecTool,ExecTool,3,1,0,149,0
rundeck,com.dtolabs.rundeck.core.cli,ExecTool,ExecTool,3,1,1,156,0
rundeck,com.dtolabs.rundeck.core.cli,ExecTool,ExecTool,4,1,1,165,0
rundeck,com.dtolabs.rundeck.core.cli,ExecTool,parseArgs,99,25,1,184,0
rundeck,com.dtolabs.rundeck.core.cli,ExecTool,generateExecLine,50,14,1,306,0
rundeck,com.dtolabs.rundeck.core.cli,ExecTool,parseExcludeArgs,3,1,1,367,0
rundeck,com.dtolabs.rundeck.core.cli,ExecTool,parseIncludeArgs,3,1,1,379,0
rundeck,com.dtolabs.rundeck.core.cli,ExecTool,run,40,7,1,392,0
rundeck,com.dtolabs.rundeck.core.cli,ExecTool,listAction,8,1,0,446,0
rundeck,com.dtolabs.rundeck.core.cli,ExecTool,getNodeFormatter,3,1,0,457,0
rundeck,com.dtolabs.rundeck.core.cli,ExecTool,queueAction,21,4,0,461,0
rundeck,com.dtolabs.rundeck.core.cli,ExecTool,getExecutionListener,6,2,0,493,0
rundeck,com.dtolabs.rundeck.core.cli,ExecTool,createExecutionListener,10,2,0,499,0
rundeck,com.dtolabs.rundeck.core.cli,ExecTool,runAction,94,17,0,512,0
rundeck,com.dtolabs.rundeck.core.cli,ExecTool,createExecutionItem,27,2,0,624,0
rundeck,com.dtolabs.rundeck.core.cli,ExecTool,getScript,3,1,0,627,0
rundeck,com.dtolabs.rundeck.core.cli,ExecTool,getScriptAsStream,3,1,0,631,0
rundeck,com.dtolabs.rundeck.core.cli,ExecTool,getServerScriptFilePath,3,1,0,635,0
rundeck,com.dtolabs.rundeck.core.cli,ExecTool,getArgs,3,1,0,639,0
rundeck,com.dtolabs.rundeck.core.cli,ExecTool,getCommand,3,1,0,645,0
rundeck,com.dtolabs.rundeck.core.cli,ExecTool,getUser,3,1,0,653,0
rundeck,com.dtolabs.rundeck.core.cli,ExecTool,createFilterNodeSelector,3,1,0,658,0
rundeck,com.dtolabs.rundeck.core.cli,ExecTool,createNodeSet,3,1,2,667,0
rundeck,com.dtolabs.rundeck.core.cli,ExecTool,createNodeSet,9,1,6,679,0
rundeck,com.dtolabs.rundeck.core.cli,ExecTool,main,8,1,1,704,0
rundeck,com.dtolabs.rundeck.core.cli,ExecTool,exit,8,3,1,725,0
rundeck,com.dtolabs.rundeck.core.cli,ExecTool,help,4,1,0,738,0
rundeck,com.dtolabs.rundeck.core.cli,ExecTool,log,3,1,1,760,0
rundeck,com.dtolabs.rundeck.core.cli,ExecTool,warn,3,1,1,769,0
rundeck,com.dtolabs.rundeck.core.cli,ExecTool,error,3,1,1,779,0
rundeck,com.dtolabs.rundeck.core.cli,ExecTool,error,3,1,1,788,0
rundeck,com.dtolabs.rundeck.core.cli,ExecTool,debug,5,2,1,792,0
rundeck,com.dtolabs.rundeck.core.cli,ExecTool,verbose,5,2,1,798,0
rundeck,com.dtolabs.rundeck.core.cli,ExecTool,createExecToolCommandLogger,8,1,2,810,0
rundeck,com.dtolabs.rundeck.core.cli,ExecTool,configurePrintStream,19,4,1,827,0
rundeck,com.dtolabs.rundeck.core.cli,ExecTool,isArgKeepgoing,3,1,0,854,0
rundeck,com.dtolabs.rundeck.core.cli,ExecTool,setArgKeepgoing,3,1,1,858,0
rundeck,com.dtolabs.rundeck.core.cli,ExecTool,isArgQuiet,3,1,0,862,0
rundeck,com.dtolabs.rundeck.core.cli,ExecTool,setArgQuiet,3,1,1,866,0
rundeck,com.dtolabs.rundeck.core.cli,ExecTool,isArgDebug,3,1,0,870,0
rundeck,com.dtolabs.rundeck.core.cli,ExecTool,setArgDebug,3,1,1,874,0
rundeck,com.dtolabs.rundeck.core.cli,ExecTool,isArgVerbose,3,1,0,878,0
rundeck,com.dtolabs.rundeck.core.cli,ExecTool,setArgVerbose,3,1,1,882,0
rundeck,com.dtolabs.rundeck.core.cli,ExecTool,getArgIncludeNodes,3,1,0,886,0
rundeck,com.dtolabs.rundeck.core.cli,ExecTool,setArgIncludeNodes,3,1,1,890,0
rundeck,com.dtolabs.rundeck.core.cli,ExecTool,getArgExcludeNodes,3,1,0,894,0
rundeck,com.dtolabs.rundeck.core.cli,ExecTool,setArgExcludeNodes,3,1,1,898,0
rundeck,com.dtolabs.rundeck.core.cli,ExecTool,getArgThreadCount,3,1,0,902,0
rundeck,com.dtolabs.rundeck.core.cli,ExecTool,setArgThreadCount,3,1,1,906,0
rundeck,com.dtolabs.rundeck.core.cli,ExecTool,getArgDepot,3,1,0,910,0
rundeck,com.dtolabs.rundeck.core.cli,ExecTool,setArgDepot,3,1,1,914,0
rundeck,com.dtolabs.rundeck.core.cli,ExecTool,getArgFrameworkProject,3,1,0,918,0
rundeck,com.dtolabs.rundeck.core.cli,ExecTool,setArgFrameworkProject,3,1,1,922,0
rundeck,com.dtolabs.rundeck.core.cli,ExecTool,getExcludeMap,3,1,0,926,0
rundeck,com.dtolabs.rundeck.core.cli,ExecTool,setExcludeMap,3,1,1,930,0
rundeck,com.dtolabs.rundeck.core.cli,ExecTool,getIncludeMap,3,1,0,934,0
rundeck,com.dtolabs.rundeck.core.cli,ExecTool,setIncludeMap,3,1,1,938,0
rundeck,com.dtolabs.rundeck.core.cli,ExecTool,getArgsDeferred,3,1,0,942,0
rundeck,com.dtolabs.rundeck.core.cli,ExecTool,setArgsDeferred,3,1,1,946,0
rundeck,com.dtolabs.rundeck.core.cli,ExecTool,isArgExcludePrecedence,3,1,0,950,0
rundeck,com.dtolabs.rundeck.core.cli,ExecTool,setArgExcludePrecedence,3,1,1,954,0
rundeck,com.dtolabs.rundeck.core.cli,ExecTool,getScriptpath,3,1,0,958,0
rundeck,com.dtolabs.rundeck.core.cli,ExecTool,setScriptpath,3,1,1,962,0
rundeck,com.dtolabs.rundeck.core.cli,ExecTool,isInlineScript,3,1,0,966,0
rundeck,com.dtolabs.rundeck.core.cli,ExecTool,setInlineScript,3,1,1,970,0
rundeck,com.dtolabs.rundeck.core.cli,ExecTool,getInlineScriptContent,3,1,0,974,0
rundeck,com.dtolabs.rundeck.core.cli,ExecTool,setInlineScriptContent,3,1,1,978,0
rundeck,com.dtolabs.rundeck.core.cli,ExecTool,getFailedNodes,3,1,0,982,0
rundeck,com.dtolabs.rundeck.core.cli,ExecTool,setFailedNodes,3,1,1,986,0
rundeck,com.dtolabs.rundeck.core.cli,ExecTool,isArgNoQueue,3,1,0,990,0
rundeck,com.dtolabs.rundeck.core.cli,ExecTool,setArgNoQueue,3,1,1,994,0
rundeck,com.dtolabs.rundeck.core.cli,ExecTool,getFramework,3,1,0,998,0
rundeck,com.dtolabs.rundeck.core.cli,ExecTool,getNodeSelector,3,1,0,1002,0
rundeck,com.dtolabs.rundeck.core.cli,ExecTool,getThreadCount,3,1,0,1006,0
rundeck,com.dtolabs.rundeck.core.cli,ExecTool,getNodeRankAttribute,3,1,0,1010,0
rundeck,com.dtolabs.rundeck.core.cli,ExecTool,isNodeRankOrderAscending,3,1,0,1014,0
rundeck,com.dtolabs.rundeck.core.cli,ExecTool,isKeepgoing,3,1,0,1018,0
rundeck,com.dtolabs.rundeck.core.cli,ExecTool,getFrameworkProject,3,1,0,1022,0
rundeck,com.dtolabs.rundeck.core.cli,ExecTool,getScript,3,1,0,1026,0
rundeck,com.dtolabs.rundeck.core.cli,ExecTool,getScriptAsStream,3,1,0,1030,0
rundeck,com.dtolabs.rundeck.core.cli,ExecTool,setScriptAsStream,3,1,1,1034,0
rundeck,com.dtolabs.rundeck.core.cli,ExecTool,getServerScriptFilePath,3,1,0,1038,0
rundeck,com.dtolabs.rundeck.core.cli,ExecTool,getNodeSet,3,1,0,1042,0
rundeck,com.dtolabs.rundeck.core.cli,ExecTool,getArgs,3,1,0,1046,0
rundeck,com.dtolabs.rundeck.core.cli,ExecTool,getLoglevel,15,5,0,1050,0
rundeck,com.dtolabs.rundeck.core.cli,ExecTool,getDataContext,3,1,0,1066,0
rundeck,com.dtolabs.rundeck.core.cli,ExecTool,getPrivateDataContext,3,1,0,1070,0
rundeck,com.dtolabs.rundeck.core.cli,ExecTool,getNodesFile,3,1,0,1074,0
rundeck,com.dtolabs.rundeck.core.cli,ExecTool,determineExclusionPrecedenceForArgs,17,5,2,1078,0
rundeck,com.dtolabs.rundeck.core.cli,ExecTool,parseMultiNodeArgs,17,5,2,1101,0
rundeck,com.dtolabs.rundeck.core.cli,ExecTool,parseFilterArgs,9,3,3,1127,0
rundeck,com.dtolabs.rundeck.core.cli,ExecTool,readNodesFile,14,2,0,1140,0
rundeck,com.dtolabs.rundeck.core.cli,ExecTool,loadLocalFile,11,1,1,1159,0
rundeck,com.dtolabs.rundeck.core.cli,ExecTool,filterNodes,3,1,0,1170,0
rundeck,com.dtolabs.rundeck.core.cli,ExecTool,filterNodes,13,2,1,1174,0
rundeck,com.dtolabs.rundeck.core.cli,ExecTool,setNodeFormatter,3,1,1,1202,0
rundeck,com.dtolabs.rundeck.core.cli,ExecTool,formatNodes,3,1,1,1212,0
rundeck,com.dtolabs.rundeck.core.cli,ExecTool,formatResults,13,3,1,1216,0
rundeck,com.dtolabs.rundeck.core.cli,ExecTool,formatNodes,0,1,1,1232,0
rundeck,com.dtolabs.rundeck.core.cli,ExecTool,formatNodes,3,1,1,1239,0
rundeck,com.dtolabs.rundeck.core.cli,ExecTool,generate,9,2,1,1244,0
rundeck,com.dtolabs.rundeck.core.cli,ExecTool,LogLevelConvertBuildListener,4,1,2,1263,0
rundeck,com.dtolabs.rundeck.core.cli,ExecTool,messageLogged,8,2,1,1275,0
rundeck,com.dtolabs.rundeck.core.cli,ExecTool,buildStarted,3,1,1,1285,0
rundeck,com.dtolabs.rundeck.core.cli,ExecTool,buildFinished,3,1,1,1289,0
rundeck,com.dtolabs.rundeck.core.cli,ExecTool,targetStarted,3,1,1,1293,0
rundeck,com.dtolabs.rundeck.core.cli,ExecTool,targetFinished,3,1,1,1297,0
rundeck,com.dtolabs.rundeck.core.cli,ExecTool,taskStarted,3,1,1,1301,0
rundeck,com.dtolabs.rundeck.core.cli,ExecTool,taskFinished,3,1,1,1305,0
rundeck,com.dtolabs.rundeck.core.cli,ExecTool,writeStdinInputToFile,3,1,0,1314,0
rundeck,com.dtolabs.rundeck.core.cli,ExecTool,writeInputToFile,18,1,1,1324,0
rundeck,com.dtolabs.rundeck.core.cli,ExecTool,writeInlineContentToFile,18,1,0,1342,0
rundeck,com.dtolabs.rundeck.core.cli,ExecTool,getAntLoglevel,15,5,0,1366,0
rundeck,com.dtolabs.rundeck.core.cli,ExecTool,isDebug,3,1,0,1386,0
rundeck,com.dtolabs.rundeck.core.cli,ExecTool,isVerbose,3,1,0,1390,0
rundeck,com.dtolabs.rundeck.core.cli,ExecTool,isQuiet,3,1,0,1394,0
rundeck,com.dtolabs.rundeck.core.cli,DefaultNodeFormatter,formatNodes,3,1,1,1212,0
rundeck,com.dtolabs.rundeck.core.cli,DefaultNodeFormatter,formatResults,13,3,1,1216,0
rundeck,com.dtolabs.rundeck.core.cli,NodeFormatter,formatNodes,0,1,1,1232,0
rundeck,com.dtolabs.rundeck.core.cli,NodeYAMLFormatter,formatNodes,3,1,1,1239,0
rundeck,com.dtolabs.rundeck.core.cli,NodeYAMLFormatter,generate,9,2,1,1244,0
rundeck,com.dtolabs.rundeck.core.cli,LogLevelConvertBuildListener,LogLevelConvertBuildListener,4,1,2,1263,0
rundeck,com.dtolabs.rundeck.core.cli,LogLevelConvertBuildListener,messageLogged,8,2,1,1275,0
rundeck,com.dtolabs.rundeck.core.cli,LogLevelConvertBuildListener,buildStarted,3,1,1,1285,0
rundeck,com.dtolabs.rundeck.core.cli,LogLevelConvertBuildListener,buildFinished,3,1,1,1289,0
rundeck,com.dtolabs.rundeck.core.cli,LogLevelConvertBuildListener,targetStarted,3,1,1,1293,0
rundeck,com.dtolabs.rundeck.core.cli,LogLevelConvertBuildListener,targetFinished,3,1,1,1297,0
rundeck,com.dtolabs.rundeck.core.cli,LogLevelConvertBuildListener,taskStarted,3,1,1,1301,0
rundeck,com.dtolabs.rundeck.core.cli,LogLevelConvertBuildListener,taskFinished,3,1,1,1305,0
rundeck,com.dtolabs.rundeck.core.cli,CallableWrapperTask,CallableWrapperTask,3,1,1,42,0
rundeck,com.dtolabs.rundeck.core.cli,CallableWrapperTask,execute,11,2,0,46,0
rundeck,com.dtolabs.rundeck.core.cli,CallableWrapperTask,getCallable,3,1,0,58,0
rundeck,com.dtolabs.rundeck.core.cli,CallableWrapperTask,setCallable,3,1,1,62,0
rundeck,com.dtolabs.rundeck.core.cli,CallableWrapperTask,getResultObject,3,1,0,66,0
rundeck,com.dtolabs.rundeck.core.cli,CLIExecutionListener,CLIExecutionListener,5,1,3,51,0
rundeck,com.dtolabs.rundeck.core.cli,CLIExecutionListener,CLIExecutionListener,6,1,4,64,0
rundeck,com.dtolabs.rundeck.core.cli,CLIExecutionListener,CLIExecutionListener,7,1,5,74,0
rundeck,com.dtolabs.rundeck.core.cli,CLIExecutionListener,shouldlog,3,1,1,85,0
rundeck,com.dtolabs.rundeck.core.cli,CLIExecutionListener,log,22,7,2,97,0
rundeck,com.dtolabs.rundeck.core.cli,CLIExecutionListener,beginExecution,2,1,2,115,0
rundeck,com.dtolabs.rundeck.core.cli,CLIExecutionListener,finishExecution,2,1,3,118,0
rundeck,com.dtolabs.rundeck.core.cli,CLIExecutionListener,beginNodeExecution,2,1,3,121,0
rundeck,com.dtolabs.rundeck.core.cli,CLIExecutionListener,finishNodeExecution,2,1,4,124,0
rundeck,com.dtolabs.rundeck.core.cli,CLIExecutionListener,beginNodeDispatch,2,1,2,128,0
rundeck,com.dtolabs.rundeck.core.cli,CLIExecutionListener,finishNodeDispatch,2,1,3,131,0
rundeck,com.dtolabs.rundeck.core.cli,CLIExecutionListener,beginNodeDispatch,2,1,2,134,0
rundeck,com.dtolabs.rundeck.core.cli,CLIExecutionListener,finishNodeDispatch,2,1,3,137,0
rundeck,com.dtolabs.rundeck.core.cli,CLIExecutionListener,beginFileCopyFileStream,2,1,3,140,0
rundeck,com.dtolabs.rundeck.core.cli,CLIExecutionListener,beginFileCopyFile,2,1,3,143,0
rundeck,com.dtolabs.rundeck.core.cli,CLIExecutionListener,beginFileCopyScriptContent,2,1,3,146,0
rundeck,com.dtolabs.rundeck.core.cli,CLIExecutionListener,finishFileCopy,2,1,3,149,0
rundeck,com.dtolabs.rundeck.core.cli,CLIExecutionListener,beginInterpretCommand,2,1,3,152,0
rundeck,com.dtolabs.rundeck.core.cli,CLIExecutionListener,finishInterpretCommand,2,1,4,155,0
rundeck,com.dtolabs.rundeck.core.cli,CLIExecutionListener,getFailedNodesListener,3,1,0,159,0
rundeck,com.dtolabs.rundeck.core.cli,CLIExecutionListener,isTerse,3,1,0,164,0
rundeck,com.dtolabs.rundeck.core.cli,CLIExecutionListener,setTerse,3,1,1,168,0
rundeck,com.dtolabs.rundeck.core.cli,CLIExecutionListener,getLogFormat,3,1,0,172,0
rundeck,com.dtolabs.rundeck.core.cli,CLIExecutionListener,setLogFormat,3,1,1,176,0
rundeck,com.dtolabs.rundeck.core.cli,FrameworkSingleProjectResolver,FrameworkSingleProjectResolver,3,1,1,39,0
rundeck,com.dtolabs.rundeck.core.cli,FrameworkSingleProjectResolver,hasSingleProject,3,1,0,43,0
rundeck,com.dtolabs.rundeck.core.cli,FrameworkSingleProjectResolver,getSingleProjectName,4,1,0,47,0
rundeck,com.dtolabs.rundeck.core.cli,NodeFilterOptions,NodeFilterOptions,3,1,1,76,0
rundeck,com.dtolabs.rundeck.core.cli,NodeFilterOptions,NodeFilterOptions,3,1,0,85,0
rundeck,com.dtolabs.rundeck.core.cli,NodeFilterOptions,addOptions,11,2,1,92,0
rundeck,com.dtolabs.rundeck.core.cli,NodeFilterOptions,parseArgs,40,10,2,107,0
rundeck,com.dtolabs.rundeck.core.cli,NodeFilterOptions,validate,2,1,2,148,0
rundeck,com.dtolabs.rundeck.core.cli,NodeFilterOptions,parseExcludeArgs,3,1,2,151,0
rundeck,com.dtolabs.rundeck.core.cli,NodeFilterOptions,parseIncludeArgs,3,1,2,164,0
rundeck,com.dtolabs.rundeck.core.cli,NodeFilterOptions,parseFilterArgs,9,3,3,176,0
rundeck,com.dtolabs.rundeck.core.cli,NodeFilterOptions,parseMultiNodeArgs,17,5,2,188,0
rundeck,com.dtolabs.rundeck.core.cli,NodeFilterOptions,getNodeSet,13,2,0,215,0
rundeck,com.dtolabs.rundeck.core.cli,NodeFilterOptions,isKeepgoingSet,3,1,0,235,0
rundeck,com.dtolabs.rundeck.core.cli,NodeFilterOptions,determineExclusionPrecedenceForArgs,17,5,2,244,0
rundeck,com.dtolabs.rundeck.core.cli,NodeFilterOptions,getArgIncludeNodes,3,1,0,269,0
rundeck,com.dtolabs.rundeck.core.cli,NodeFilterOptions,getArgExcludeNodes,3,1,0,273,0
rundeck,com.dtolabs.rundeck.core.cli,TaskCallable,TaskCallable,3,1,1,40,0
rundeck,com.dtolabs.rundeck.core.cli,TaskCallable,call,4,1,0,44,0
rundeck,com.dtolabs.rundeck.core.cli,TaskCallable,toString,3,1,0,49,0
rundeck,com.dtolabs.rundeck.core.cli,TaskCallable,getTask,3,1,0,54,0
rundeck,com.dtolabs.rundeck.core.cli,CLIToolException,CLIToolException,3,1,0,33,0
rundeck,com.dtolabs.rundeck.core.cli,CLIToolException,CLIToolException,3,1,1,37,0
rundeck,com.dtolabs.rundeck.core.cli,CLIToolException,CLIToolException,3,1,1,41,0
rundeck,com.dtolabs.rundeck.core.cli,CLIToolException,CLIToolException,3,1,2,45,0
rundeck,com.dtolabs.rundeck.core.cli,LoglevelOptions,addOptions,13,1,1,55,0
rundeck,com.dtolabs.rundeck.core.cli,LoglevelOptions,parseArgs,15,5,2,70,0
rundeck,com.dtolabs.rundeck.core.cli,LoglevelOptions,validate,2,1,2,88,0
rundeck,com.dtolabs.rundeck.core.cli,LoglevelOptions,getLogLevel,3,1,0,91,0
rundeck,com.dtolabs.rundeck.core.cli,TestExecTool,TestExecTool,3,1,1,61,0
rundeck,com.dtolabs.rundeck.core.cli,TestExecTool,setUp,21,1,0,69,0
rundeck,com.dtolabs.rundeck.core.cli,TestExecTool,tearDown,10,1,0,93,0
rundeck,com.dtolabs.rundeck.core.cli,TestExecTool,suite,3,1,0,109,0
rundeck,com.dtolabs.rundeck.core.cli,TestExecTool,main,3,1,1,114,0
rundeck,com.dtolabs.rundeck.core.cli,TestExecTool,testParseArgs,13,1,0,118,0
rundeck,com.dtolabs.rundeck.core.cli,TestExecTool,testParseNodeDispatchArgs,60,1,0,137,0
rundeck,com.dtolabs.rundeck.core.cli,TestExecTool,testFilterNodes,29,1,0,225,0
rundeck,com.dtolabs.rundeck.core.cli,TestExecTool,testDefaultNodeFormatter,38,1,0,259,0
rundeck,com.dtolabs.rundeck.core.cli,TestExecTool,formatNodes,4,1,1,302,0
rundeck,com.dtolabs.rundeck.core.cli,TestExecTool,testListAction,41,1,0,307,0
rundeck,com.dtolabs.rundeck.core.cli,TestExecTool,newExecTool,3,1,0,351,0
rundeck,com.dtolabs.rundeck.core.cli,TestExecTool,testExecutor1,3,1,1,436,0
rundeck,com.dtolabs.rundeck.core.cli,TestExecTool,interpretCommand,8,1,3,440,0
rundeck,com.dtolabs.rundeck.core.cli,TestExecTool,reset,7,1,0,450,0
rundeck,com.dtolabs.rundeck.core.cli,TestExecTool,queueDispatcherScript,3,1,1,460,0
rundeck,com.dtolabs.rundeck.core.cli,TestExecTool,queueDispatcherJob,3,1,1,464,0
rundeck,com.dtolabs.rundeck.core.cli,TestExecTool,listDispatcherQueue,3,1,1,468,0
rundeck,com.dtolabs.rundeck.core.cli,TestExecTool,listDispatcherQueue,3,1,0,471,0
rundeck,com.dtolabs.rundeck.core.cli,TestExecTool,killDispatcherExecution,3,1,1,475,0
rundeck,com.dtolabs.rundeck.core.cli,TestExecTool,listStoredJobs,3,1,3,479,0
rundeck,com.dtolabs.rundeck.core.cli,TestExecTool,loadJobs,3,1,3,484,0
rundeck,com.dtolabs.rundeck.core.cli,TestExecTool,reportExecutionStatus,2,1,10,490,0
rundeck,com.dtolabs.rundeck.core.cli,TestExecTool,reportExecutionStatus,13,1,10,508,0
rundeck,com.dtolabs.rundeck.core.cli,TestExecTool,testRunActionShouldLogResult,35,1,0,526,0
rundeck,com.dtolabs.rundeck.core.cli,TestExecTool,isSuccess,3,1,0,536,0
rundeck,com.dtolabs.rundeck.core.cli,TestExecTool,toString,3,1,0,540,0
rundeck,com.dtolabs.rundeck.core.cli,TestExecTool,testRunActionShouldLogResultFailure,39,1,0,576,0
rundeck,com.dtolabs.rundeck.core.cli,TestExecTool,isSuccess,3,1,0,584,0
rundeck,com.dtolabs.rundeck.core.cli,TestExecTool,toString,3,1,0,587,0
rundeck,com.dtolabs.rundeck.core.cli,TestExecTool,testRunAction,140,1,0,623,0
rundeck,com.dtolabs.rundeck.core.cli,TestExecTool,isSuccess,3,1,0,657,0
rundeck,com.dtolabs.rundeck.core.cli,TestExecTool,toString,3,1,0,661,0
rundeck,com.dtolabs.rundeck.core.cli,TestExecTool,testGenerateArgline,9,1,0,794,0
rundeck,com.dtolabs.rundeck.core.cli,TestExecTool,testWriteInputToFile,28,2,0,833,0
rundeck,com.dtolabs.rundeck.core.cli,TestExecTool,testCreateNodeSet,102,1,0,867,0
rundeck,com.dtolabs.rundeck.core.cli,TestExecTool,isSuccessful,3,1,0,975,0
rundeck,com.dtolabs.rundeck.core.cli,TestExecTool,getMessage,3,1,0,979,0
rundeck,com.dtolabs.rundeck.core.cli,TestExecTool,getItem,3,1,0,983,0
rundeck,com.dtolabs.rundeck.core.cli,TestExecTool,getId,3,1,0,990,0
rundeck,com.dtolabs.rundeck.core.cli,TestExecTool,getUrl,3,1,0,994,0
rundeck,com.dtolabs.rundeck.core.cli,TestExecTool,getName,3,1,0,998,0
rundeck,com.dtolabs.rundeck.core.cli,TestExecTool,isSuccessful,3,1,0,1003,0
rundeck,com.dtolabs.rundeck.core.cli,TestExecTool,getMessage,3,1,0,1007,0
rundeck,com.dtolabs.rundeck.core.cli,TestExecTool,getItem,3,1,0,1011,0
rundeck,com.dtolabs.rundeck.core.cli,TestExecTool,queueDispatcherJob,4,1,1,1028,0
rundeck,com.dtolabs.rundeck.core.cli,TestExecTool,queueDispatcherScript,5,1,1,1033,0
rundeck,com.dtolabs.rundeck.core.cli,TestExecTool,listDispatcherQueue,4,1,1,1040,0
rundeck,com.dtolabs.rundeck.core.cli,TestExecTool,listDispatcherQueue,4,1,0,1044,0
rundeck,com.dtolabs.rundeck.core.cli,TestExecTool,loadJobs,4,1,3,1049,0
rundeck,com.dtolabs.rundeck.core.cli,TestExecTool,killDispatcherExecution,5,1,1,1056,0
rundeck,com.dtolabs.rundeck.core.cli,TestExecTool,assertQueueScriptOnlyCalled,9,1,0,1062,0
rundeck,com.dtolabs.rundeck.core.cli,TestExecTool,listStoredJobs,4,1,3,1071,0
rundeck,com.dtolabs.rundeck.core.cli,TestExecTool,reportExecutionStatus,2,1,10,1078,0
rundeck,com.dtolabs.rundeck.core.cli,TestExecTool,toString,3,1,0,1083,0
rundeck,com.dtolabs.rundeck.core.cli,TestExecTool,testQueueOption,86,1,0,1096,0
rundeck,com.dtolabs.rundeck.core.cli,TestFormatter,formatNodes,4,1,1,302,0
rundeck,com.dtolabs.rundeck.core.cli,testExecutor1,testExecutor1,3,1,1,436,0
rundeck,com.dtolabs.rundeck.core.cli,testExecutor1,interpretCommand,8,1,3,440,0
rundeck,com.dtolabs.rundeck.core.cli,testExecutor1,reset,7,1,0,450,0
rundeck,com.dtolabs.rundeck.core.cli,noopDispatcher,queueDispatcherScript,3,1,1,460,0
rundeck,com.dtolabs.rundeck.core.cli,noopDispatcher,queueDispatcherJob,3,1,1,464,0
rundeck,com.dtolabs.rundeck.core.cli,noopDispatcher,listDispatcherQueue,3,1,1,468,0
rundeck,com.dtolabs.rundeck.core.cli,noopDispatcher,listDispatcherQueue,3,1,0,471,0
rundeck,com.dtolabs.rundeck.core.cli,noopDispatcher,killDispatcherExecution,3,1,1,475,0
rundeck,com.dtolabs.rundeck.core.cli,noopDispatcher,listStoredJobs,3,1,3,479,0
rundeck,com.dtolabs.rundeck.core.cli,noopDispatcher,loadJobs,3,1,3,484,0
rundeck,com.dtolabs.rundeck.core.cli,noopDispatcher,reportExecutionStatus,2,1,10,490,0
rundeck,com.dtolabs.rundeck.core.cli,testDispatcher,reportExecutionStatus,13,1,10,508,0
rundeck,com.dtolabs.rundeck.core.cli,testCentralDispatcher,queueDispatcherJob,4,1,1,1028,0
rundeck,com.dtolabs.rundeck.core.cli,testCentralDispatcher,queueDispatcherScript,5,1,1,1033,0
rundeck,com.dtolabs.rundeck.core.cli,testCentralDispatcher,listDispatcherQueue,4,1,1,1040,0
rundeck,com.dtolabs.rundeck.core.cli,testCentralDispatcher,listDispatcherQueue,4,1,0,1044,0
rundeck,com.dtolabs.rundeck.core.cli,testCentralDispatcher,loadJobs,4,1,3,1049,0
rundeck,com.dtolabs.rundeck.core.cli,testCentralDispatcher,killDispatcherExecution,5,1,1,1056,0
rundeck,com.dtolabs.rundeck.core.cli,testCentralDispatcher,assertQueueScriptOnlyCalled,9,1,0,1062,0
rundeck,com.dtolabs.rundeck.core.cli,testCentralDispatcher,listStoredJobs,4,1,3,1071,0
rundeck,com.dtolabs.rundeck.core.cli,testCentralDispatcher,reportExecutionStatus,2,1,10,1078,0
rundeck,com.dtolabs.rundeck.core.cli,testCentralDispatcher,toString,3,1,0,1083,0
rundeck,com.dtolabs.rundeck.core.cli,TestCLIUtils,TestCLIUtils,3,1,1,35,0
rundeck,com.dtolabs.rundeck.core.cli,TestCLIUtils,suite,3,1,0,39,0
rundeck,com.dtolabs.rundeck.core.cli,TestCLIUtils,setUp,2,1,0,43,0
rundeck,com.dtolabs.rundeck.core.cli,TestCLIUtils,tearDown,2,1,0,46,0
rundeck,com.dtolabs.rundeck.core.cli,TestCLIUtils,main,3,1,1,49,0
rundeck,com.dtolabs.rundeck.core.cli,TestCLIUtils,testSplitArgLine,10,1,0,54,0
rundeck,com.dtolabs.rundeck.core.cli.jobs,JobsToolException,JobsToolException,3,1,0,35,0
rundeck,com.dtolabs.rundeck.core.cli.jobs,JobsToolException,JobsToolException,3,1,1,39,0
rundeck,com.dtolabs.rundeck.core.cli.jobs,JobsToolException,JobsToolException,3,1,1,43,0
rundeck,com.dtolabs.rundeck.core.cli.jobs,JobsToolException,JobsToolException,3,1,2,47,0
rundeck,com.dtolabs.rundeck.core.cli.jobs,JobsTool,getAction,3,1,0,72,0
rundeck,com.dtolabs.rundeck.core.cli.jobs,JobsTool,setAction,3,1,1,81,0
rundeck,com.dtolabs.rundeck.core.cli.jobs,JobsTool,getArgName,3,1,0,90,0
rundeck,com.dtolabs.rundeck.core.cli.jobs,JobsTool,setArgName,3,1,1,99,0
rundeck,com.dtolabs.rundeck.core.cli.jobs,JobsTool,isArgVerbose,3,1,0,108,0
rundeck,com.dtolabs.rundeck.core.cli.jobs,JobsTool,setArgVerbose,3,1,1,117,0
rundeck,com.dtolabs.rundeck.core.cli.jobs,JobsTool,getNameMatch,3,1,0,126,0
rundeck,com.dtolabs.rundeck.core.cli.jobs,JobsTool,getGroupMatch,3,1,0,130,0
rundeck,com.dtolabs.rundeck.core.cli.jobs,JobsTool,getIdlist,3,1,0,134,0
rundeck,com.dtolabs.rundeck.core.cli.jobs,JobsTool,getProjectFilter,3,1,0,138,0
rundeck,com.dtolabs.rundeck.core.cli.jobs,JobsTool,getArgFile,3,1,0,142,0
rundeck,com.dtolabs.rundeck.core.cli.jobs,JobsTool,setArgFile,3,1,1,151,0
rundeck,com.dtolabs.rundeck.core.cli.jobs,JobsTool,getDuplicateOption,3,1,0,160,0
rundeck,com.dtolabs.rundeck.core.cli.jobs,JobsTool,getArgGroup,3,1,0,165,0
rundeck,com.dtolabs.rundeck.core.cli.jobs,JobsTool,setArgGroup,3,1,1,174,0
rundeck,com.dtolabs.rundeck.core.cli.jobs,JobsTool,getArgIdlist,3,1,0,183,0
rundeck,com.dtolabs.rundeck.core.cli.jobs,JobsTool,setArgIdlist,3,1,1,192,0
rundeck,com.dtolabs.rundeck.core.cli.jobs,JobsTool,getArgProject,3,1,0,201,0
rundeck,com.dtolabs.rundeck.core.cli.jobs,JobsTool,setArgProject,3,1,1,210,0
rundeck,com.dtolabs.rundeck.core.cli.jobs,JobsTool,Actions,3,1,1,233,0
rundeck,com.dtolabs.rundeck.core.cli.jobs,JobsTool,getName,3,1,0,237,0
rundeck,com.dtolabs.rundeck.core.cli.jobs,JobsTool,main,22,2,1,343,0
rundeck,com.dtolabs.rundeck.core.cli.jobs,JobsTool,JobsTool,3,1,0,373,0
rundeck,com.dtolabs.rundeck.core.cli.jobs,JobsTool,isUseHelpOption,3,1,0,380,0
rundeck,com.dtolabs.rundeck.core.cli.jobs,JobsTool,JobsTool,3,1,1,384,0
rundeck,com.dtolabs.rundeck.core.cli.jobs,JobsTool,JobsTool,3,1,1,393,0
rundeck,com.dtolabs.rundeck.core.cli.jobs,JobsTool,JobsTool,14,2,2,402,0
rundeck,com.dtolabs.rundeck.core.cli.jobs,JobsTool,addOptions,5,1,1,424,0
rundeck,com.dtolabs.rundeck.core.cli.jobs,JobsTool,parseArgs,16,4,2,432,0
rundeck,com.dtolabs.rundeck.core.cli.jobs,JobsTool,validate,2,1,2,450,0
rundeck,com.dtolabs.rundeck.core.cli.jobs,JobsTool,addOptions,3,1,1,455,0
rundeck,com.dtolabs.rundeck.core.cli.jobs,JobsTool,parseArgs,11,2,2,460,0
rundeck,com.dtolabs.rundeck.core.cli.jobs,JobsTool,validate,22,8,2,473,0
rundeck,com.dtolabs.rundeck.core.cli.jobs,JobsTool,addOptions,6,1,1,510,0
rundeck,com.dtolabs.rundeck.core.cli.jobs,JobsTool,parseArgs,14,5,2,522,0
rundeck,com.dtolabs.rundeck.core.cli.jobs,JobsTool,validate,13,4,2,537,0
rundeck,com.dtolabs.rundeck.core.cli.jobs,JobsTool,parseArgs,12,2,1,552,0
rundeck,com.dtolabs.rundeck.core.cli.jobs,JobsTool,go,0,3,0,575,0
rundeck,com.dtolabs.rundeck.core.cli.jobs,JobsTool,getHelpString,3,1,0,593,0
rundeck,com.dtolabs.rundeck.core.cli.jobs,JobsTool,loadAction,52,9,0,605,0
rundeck,com.dtolabs.rundeck.core.cli.jobs,JobsTool,listAction,32,4,0,666,0
rundeck,com.dtolabs.rundeck.core.cli.jobs,JobsTool,logYaml,6,1,1,703,0
rundeck,com.dtolabs.rundeck.core.cli.jobs,JobsTool,genJobDetailList,7,2,1,711,0
rundeck,com.dtolabs.rundeck.core.cli.jobs,JobsTool,genJobDetail,43,12,1,719,0
rundeck,com.dtolabs.rundeck.core.cli.jobs,JobsTool,log,5,2,1,767,0
rundeck,com.dtolabs.rundeck.core.cli.jobs,JobsTool,error,5,2,1,773,0
rundeck,com.dtolabs.rundeck.core.cli.jobs,JobsTool,warn,5,2,1,780,0
rundeck,com.dtolabs.rundeck.core.cli.jobs,JobsTool,verbose,5,2,1,786,0
rundeck,com.dtolabs.rundeck.core.cli.jobs,JobsTool,debug,5,2,1,797,0
rundeck,com.dtolabs.rundeck.core.cli.jobs,Actions,Actions,3,1,1,233,0
rundeck,com.dtolabs.rundeck.core.cli.jobs,Actions,getName,3,1,0,237,0
rundeck,com.dtolabs.rundeck.core.cli.jobs,CommonOptions,addOptions,5,1,1,424,0
rundeck,com.dtolabs.rundeck.core.cli.jobs,CommonOptions,parseArgs,16,4,2,432,0
rundeck,com.dtolabs.rundeck.core.cli.jobs,CommonOptions,validate,2,1,2,450,0
rundeck,com.dtolabs.rundeck.core.cli.jobs,LoadOptions,addOptions,3,1,1,455,0
rundeck,com.dtolabs.rundeck.core.cli.jobs,LoadOptions,parseArgs,11,2,2,460,0
rundeck,com.dtolabs.rundeck.core.cli.jobs,LoadOptions,validate,22,8,2,473,0
rundeck,com.dtolabs.rundeck.core.cli.jobs,ListOptions,addOptions,6,1,1,510,0
rundeck,com.dtolabs.rundeck.core.cli.jobs,ListOptions,parseArgs,14,5,2,522,0
rundeck,com.dtolabs.rundeck.core.cli.jobs,ListOptions,validate,13,4,2,537,0
rundeck,com.dtolabs.rundeck.core.cli.jobs,TestJobsTool,TestJobsTool,3,1,1,45,0
rundeck,com.dtolabs.rundeck.core.cli.jobs,TestJobsTool,suite,3,1,0,49,0
rundeck,com.dtolabs.rundeck.core.cli.jobs,TestJobsTool,setUp,3,1,0,53,0
rundeck,com.dtolabs.rundeck.core.cli.jobs,TestJobsTool,tearDown,3,1,0,58,0
rundeck,com.dtolabs.rundeck.core.cli.jobs,TestJobsTool,main,3,1,1,62,0
rundeck,com.dtolabs.rundeck.core.cli.jobs,TestJobsTool,queueDispatcherJob,4,1,1,79,0
rundeck,com.dtolabs.rundeck.core.cli.jobs,TestJobsTool,queueDispatcherScript,4,1,1,84,0
rundeck,com.dtolabs.rundeck.core.cli.jobs,TestJobsTool,listDispatcherQueue,4,1,1,90,0
rundeck,com.dtolabs.rundeck.core.cli.jobs,TestJobsTool,listDispatcherQueue,4,1,0,95,0
rundeck,com.dtolabs.rundeck.core.cli.jobs,TestJobsTool,killDispatcherExecution,4,1,1,101,0
rundeck,com.dtolabs.rundeck.core.cli.jobs,TestJobsTool,reportExecutionStatus,3,1,10,106,0
rundeck,com.dtolabs.rundeck.core.cli.jobs,TestJobsTool,loadJobs,7,1,3,111,0
rundeck,com.dtolabs.rundeck.core.cli.jobs,TestJobsTool,listStoredJobs,7,1,3,121,0
rundeck,com.dtolabs.rundeck.core.cli.jobs,TestJobsTool,testRun,156,1,0,132,0
rundeck,com.dtolabs.rundeck.core.cli.jobs,TestJobsTool,testParseArgs,167,1,0,338,0
rundeck,com.dtolabs.rundeck.core.cli.jobs,TestJobsTool,hasSingleProject,3,1,0,410,0
rundeck,com.dtolabs.rundeck.core.cli.jobs,TestJobsTool,getSingleProjectName,3,1,0,414,0
rundeck,com.dtolabs.rundeck.core.cli.jobs,TestJobsTool,hasSingleProject,3,1,0,434,0
rundeck,com.dtolabs.rundeck.core.cli.jobs,TestJobsTool,getSingleProjectName,3,1,0,438,0
rundeck,com.dtolabs.rundeck.core.cli.jobs,testCentralDispatcher1,queueDispatcherJob,4,1,1,79,0
rundeck,com.dtolabs.rundeck.core.cli.jobs,testCentralDispatcher1,queueDispatcherScript,4,1,1,84,0
rundeck,com.dtolabs.rundeck.core.cli.jobs,testCentralDispatcher1,listDispatcherQueue,4,1,1,90,0
rundeck,com.dtolabs.rundeck.core.cli.jobs,testCentralDispatcher1,listDispatcherQueue,4,1,0,95,0
rundeck,com.dtolabs.rundeck.core.cli.jobs,testCentralDispatcher1,killDispatcherExecution,4,1,1,101,0
rundeck,com.dtolabs.rundeck.core.cli.jobs,testCentralDispatcher1,reportExecutionStatus,3,1,10,106,0
rundeck,com.dtolabs.rundeck.core.cli.jobs,testCentralDispatcher1,loadJobs,7,1,3,111,0
rundeck,com.dtolabs.rundeck.core.cli.jobs,testCentralDispatcher1,listStoredJobs,7,1,3,121,0
rundeck,com.dtolabs.rundeck.core.cli.project,ProjectToolException,ProjectToolException,3,1,1,23,0
rundeck,com.dtolabs.rundeck.core.cli.project,ProjectToolException,ProjectToolException,3,1,2,27,0
rundeck,com.dtolabs.rundeck.core.cli.project,ProjectToolException,ProjectToolException,3,1,1,31,0
rundeck,com.dtolabs.rundeck.core.cli.project,CreateAction,CreateAction,3,1,3,41,0
rundeck,com.dtolabs.rundeck.core.cli.project,CreateAction,CreateAction,3,1,4,51,0
rundeck,com.dtolabs.rundeck.core.cli.project,CreateAction,CreateAction,5,1,5,64,0
rundeck,com.dtolabs.rundeck.core.cli.project,CreateAction,CreateAction,3,1,4,81,0
rundeck,com.dtolabs.rundeck.core.cli.project,CreateAction,isCygwin,3,1,0,95,0
rundeck,com.dtolabs.rundeck.core.cli.project,CreateAction,setCygwin,3,1,1,99,0
rundeck,com.dtolabs.rundeck.core.cli.project,CreateAction,getProperties,3,1,0,103,0
rundeck,com.dtolabs.rundeck.core.cli.project,CreateAction,setProperties,3,1,1,107,0
rundeck,com.dtolabs.rundeck.core.cli.project,CreateAction,isCygwin,0,1,0,115,0
rundeck,com.dtolabs.rundeck.core.cli.project,CreateAction,parseCreateActionArgs,9,1,1,122,0
rundeck,com.dtolabs.rundeck.core.cli.project,CreateAction,isCygwin,3,1,0,126,0
rundeck,com.dtolabs.rundeck.core.cli.project,CreateAction,createArgs,8,1,1,132,0
rundeck,com.dtolabs.rundeck.core.cli.project,CreateAction,isCygwin,3,1,0,139,0
rundeck,com.dtolabs.rundeck.core.cli.project,CreateAction,initArgs,3,1,1,145,0
rundeck,com.dtolabs.rundeck.core.cli.project,CreateAction,exec,22,3,0,149,0
rundeck,com.dtolabs.rundeck.core.cli.project,CreateActionArgs,isCygwin,0,1,0,115,0
rundeck,com.dtolabs.rundeck.core.cli.project,RemoveAction,RemoveAction,3,1,3,34,0
rundeck,com.dtolabs.rundeck.core.cli.project,RemoveAction,RemoveAction,4,1,3,45,0
rundeck,com.dtolabs.rundeck.core.cli.project,RemoveAction,initArgs,4,1,0,61,0
rundeck,com.dtolabs.rundeck.core.cli.project,RemoveAction,exec,3,1,0,66,0
rundeck,com.dtolabs.rundeck.core.cli.project,BaseAction,BaseAction,3,1,3,43,0
rundeck,com.dtolabs.rundeck.core.cli.project,BaseAction,BaseAction,12,3,3,47,0
rundeck,com.dtolabs.rundeck.core.cli.project,BaseAction,isVerbose,3,1,0,62,0
rundeck,com.dtolabs.rundeck.core.cli.project,BaseAction,setVerbose,3,1,1,66,0
rundeck,com.dtolabs.rundeck.core.cli.project,BaseAction,parseBaseActionArgs,7,2,1,70,0
rundeck,com.dtolabs.rundeck.core.cli.project,BaseAction,createArgs,11,1,2,82,0
rundeck,com.dtolabs.rundeck.core.cli.project,BaseAction,getProject,3,1,0,90,0
rundeck,com.dtolabs.rundeck.core.cli.project,BaseAction,isVerbose,3,1,0,94,0
rundeck,com.dtolabs.rundeck.core.cli.project,BaseAction,getProject,0,1,0,106,0
rundeck,com.dtolabs.rundeck.core.cli.project,BaseAction,isVerbose,0,1,0,112,0
rundeck,com.dtolabs.rundeck.core.cli.project,BaseAction,initArgs,14,3,1,119,0
rundeck,com.dtolabs.rundeck.core.cli.project,BaseAction,validateInstall,13,4,0,133,0
rundeck,com.dtolabs.rundeck.core.cli.project,BaseAction,exec,3,1,0,153,0
rundeck,com.dtolabs.rundeck.core.cli.project,BaseActionArgs,getProject,0,1,0,106,0
rundeck,com.dtolabs.rundeck.core.cli.project,BaseActionArgs,isVerbose,0,1,0,112,0
rundeck,com.dtolabs.rundeck.core.cli.project,ProjectTool,ProjectTool,5,1,0,76,0
rundeck,com.dtolabs.rundeck.core.cli.project,ProjectTool,ProjectTool,5,1,1,85,0
rundeck,com.dtolabs.rundeck.core.cli.project,ProjectTool,main,4,1,1,99,0
rundeck,com.dtolabs.rundeck.core.cli.project,ProjectTool,run,17,2,1,110,0
rundeck,com.dtolabs.rundeck.core.cli.project,ProjectTool,exit,3,1,1,132,0
rundeck,com.dtolabs.rundeck.core.cli.project,ProjectTool,help,4,1,0,141,0
rundeck,com.dtolabs.rundeck.core.cli.project,ProjectTool,executeAction,17,2,0,156,0
rundeck,com.dtolabs.rundeck.core.cli.project,ProjectTool,parseArgs,14,1,1,180,0
rundeck,com.dtolabs.rundeck.core.cli.project,ProjectTool,removeExtendedProperties,9,3,1,200,0
rundeck,com.dtolabs.rundeck.core.cli.project,ProjectTool,isExtendedPropertyArg,3,1,1,210,0
rundeck,com.dtolabs.rundeck.core.cli.project,ProjectTool,parseExtendedProperties,5,2,2,214,0
rundeck,com.dtolabs.rundeck.core.cli.project,ProjectTool,parsePropertyArg,8,2,2,220,0
rundeck,com.dtolabs.rundeck.core.cli.project,ProjectTool,initArgs,23,6,0,229,0
rundeck,com.dtolabs.rundeck.core.cli.project,ProjectTool,isOverwrite,3,1,0,259,0
rundeck,com.dtolabs.rundeck.core.cli.project,ProjectTool,createAction,17,3,1,263,0
rundeck,com.dtolabs.rundeck.core.cli.project,ProjectTool,error,3,1,1,279,0
rundeck,com.dtolabs.rundeck.core.cli.project,ProjectTool,warn,3,1,1,287,0
rundeck,com.dtolabs.rundeck.core.cli.project,ProjectTool,error,3,1,1,291,0
rundeck,com.dtolabs.rundeck.core.cli.project,ProjectTool,log,3,1,1,295,0
rundeck,com.dtolabs.rundeck.core.cli.project,ProjectTool,verbose,5,2,1,299,0
rundeck,com.dtolabs.rundeck.core.cli.project,ProjectTool,debug,3,1,1,305,0
rundeck,com.dtolabs.rundeck.core.cli.project,InvalidArgumentsException,InvalidArgumentsException,3,1,1,34,0
rundeck,com.dtolabs.rundeck.core.cli.project,InvalidArgumentsException,InvalidArgumentsException,3,1,2,38,0
rundeck,com.dtolabs.rundeck.core.cli.project,InvalidArgumentsException,InvalidArgumentsException,3,1,1,42,0
rundeck,com.dtolabs.rundeck.core.cli.project,TestProjectTool,TestProjectTool,3,1,1,39,0
rundeck,com.dtolabs.rundeck.core.cli.project,TestProjectTool,main,3,1,1,43,0
rundeck,com.dtolabs.rundeck.core.cli.project,TestProjectTool,tearDown,4,1,0,47,0
rundeck,com.dtolabs.rundeck.core.cli.project,TestProjectTool,setUp,5,1,0,52,0
rundeck,com.dtolabs.rundeck.core.cli.project,TestProjectTool,suite,3,1,0,58,0
rundeck,com.dtolabs.rundeck.core.cli.project,TestProjectTool,testConstruction,4,1,0,63,0
rundeck,com.dtolabs.rundeck.core.cli.project,TestProjectTool,createProjectTool,3,1,0,68,0
rundeck,com.dtolabs.rundeck.core.cli.project,TestProjectTool,testCreateActions,8,1,0,73,0
rundeck,com.dtolabs.rundeck.core.cli.project,TestProjectTool,testCreateActionProperties,14,1,0,87,0
rundeck,com.dtolabs.rundeck.core.cli.project,TestProjectTool,testParsePropertyArg,27,1,0,109,0
rundeck,com.dtolabs.rundeck.core.cli.project,TestProjectTool,testParseExtendedProperties,10,1,0,137,0
rundeck,com.dtolabs.rundeck.core.cli.project,TestProjectTool,testRemoveExtendedProperties,6,1,0,148,0
rundeck,com.dtolabs.rundeck.core.cli.project,TestProjectTool,testIsExtendedPropertyArg,14,1,0,155,0
rundeck,com.dtolabs.rundeck.core.cli.project,TestProjectTool,testGo,13,2,0,171,0
rundeck,com.dtolabs.rundeck.core.cli.queue,QueueToolException,QueueToolException,3,1,0,35,0
rundeck,com.dtolabs.rundeck.core.cli.queue,QueueToolException,QueueToolException,3,1,1,39,0
rundeck,com.dtolabs.rundeck.core.cli.queue,QueueToolException,QueueToolException,3,1,1,43,0
rundeck,com.dtolabs.rundeck.core.cli.queue,QueueToolException,QueueToolException,3,1,2,47,0
rundeck,com.dtolabs.rundeck.core.cli.queue,QueueTool,getAction,3,1,0,61,0
rundeck,com.dtolabs.rundeck.core.cli.queue,QueueTool,setAction,3,1,1,69,0
rundeck,com.dtolabs.rundeck.core.cli.queue,QueueTool,getExecid,3,1,0,77,0
rundeck,com.dtolabs.rundeck.core.cli.queue,QueueTool,setExecid,3,1,1,85,0
rundeck,com.dtolabs.rundeck.core.cli.queue,QueueTool,isArgVerbose,3,1,0,93,0
rundeck,com.dtolabs.rundeck.core.cli.queue,QueueTool,setArgVerbose,3,1,1,101,0
rundeck,com.dtolabs.rundeck.core.cli.queue,QueueTool,Actions,3,1,1,123,0
rundeck,com.dtolabs.rundeck.core.cli.queue,QueueTool,getName,3,1,0,127,0
rundeck,com.dtolabs.rundeck.core.cli.queue,QueueTool,main,22,2,1,152,0
rundeck,com.dtolabs.rundeck.core.cli.queue,QueueTool,QueueTool,3,1,0,182,0
rundeck,com.dtolabs.rundeck.core.cli.queue,QueueTool,isUseHelpOption,3,1,0,189,0
rundeck,com.dtolabs.rundeck.core.cli.queue,QueueTool,getHelpString,3,1,0,193,0
rundeck,com.dtolabs.rundeck.core.cli.queue,QueueTool,QueueTool,3,1,1,199,0
rundeck,com.dtolabs.rundeck.core.cli.queue,QueueTool,QueueTool,3,1,1,208,0
rundeck,com.dtolabs.rundeck.core.cli.queue,QueueTool,QueueTool,10,2,2,217,0
rundeck,com.dtolabs.rundeck.core.cli.queue,QueueTool,addOptions,5,1,1,253,0
rundeck,com.dtolabs.rundeck.core.cli.queue,QueueTool,parseArgs,11,4,2,260,0
rundeck,com.dtolabs.rundeck.core.cli.queue,QueueTool,validate,8,3,2,272,0
rundeck,com.dtolabs.rundeck.core.cli.queue,QueueTool,validateListAction,14,4,0,280,0
rundeck,com.dtolabs.rundeck.core.cli.queue,QueueTool,validateKillAction,8,3,0,294,0
rundeck,com.dtolabs.rundeck.core.cli.queue,QueueTool,getJobid,3,1,0,302,0
rundeck,com.dtolabs.rundeck.core.cli.queue,QueueTool,parseArgs,12,2,1,307,0
rundeck,com.dtolabs.rundeck.core.cli.queue,QueueTool,go,0,3,0,328,0
rundeck,com.dtolabs.rundeck.core.cli.queue,QueueTool,killAction,16,2,1,346,0
rundeck,com.dtolabs.rundeck.core.cli.queue,QueueTool,listAction,20,3,0,368,0
rundeck,com.dtolabs.rundeck.core.cli.queue,QueueTool,log,5,2,1,396,0
rundeck,com.dtolabs.rundeck.core.cli.queue,QueueTool,error,5,2,1,402,0
rundeck,com.dtolabs.rundeck.core.cli.queue,QueueTool,warn,5,2,1,409,0
rundeck,com.dtolabs.rundeck.core.cli.queue,QueueTool,verbose,5,2,1,415,0
rundeck,com.dtolabs.rundeck.core.cli.queue,QueueTool,debug,5,2,1,426,0
rundeck,com.dtolabs.rundeck.core.cli.queue,Actions,Actions,3,1,1,123,0
rundeck,com.dtolabs.rundeck.core.cli.queue,Actions,getName,3,1,0,127,0
rundeck,com.dtolabs.rundeck.core.cli.queue,Options,addOptions,5,1,1,253,0
rundeck,com.dtolabs.rundeck.core.cli.queue,Options,parseArgs,11,4,2,260,0
rundeck,com.dtolabs.rundeck.core.cli.queue,Options,validate,8,3,2,272,0
rundeck,com.dtolabs.rundeck.core.cli.queue,Options,validateListAction,14,4,0,280,0
rundeck,com.dtolabs.rundeck.core.cli.queue,Options,validateKillAction,8,3,0,294,0
rundeck,com.dtolabs.rundeck.core.cli.queue,Options,getJobid,3,1,0,302,0
rundeck,com.dtolabs.rundeck.core.cli.queue,TestQueueTool,TestQueueTool,3,1,1,45,0
rundeck,com.dtolabs.rundeck.core.cli.queue,TestQueueTool,suite,3,1,0,54,0
rundeck,com.dtolabs.rundeck.core.cli.queue,TestQueueTool,setUp,3,1,0,63,0
rundeck,com.dtolabs.rundeck.core.cli.queue,TestQueueTool,tearDown,3,1,0,70,0
rundeck,com.dtolabs.rundeck.core.cli.queue,TestQueueTool,main,3,1,1,79,0
rundeck,com.dtolabs.rundeck.core.cli.queue,TestQueueTool,testParseArgs,100,1,0,89,0
rundeck,com.dtolabs.rundeck.core.cli.queue,TestQueueTool,hasSingleProject,3,1,0,136,0
rundeck,com.dtolabs.rundeck.core.cli.queue,TestQueueTool,getSingleProjectName,3,1,0,140,0
rundeck,com.dtolabs.rundeck.core.cli.queue,TestQueueTool,hasSingleProject,3,1,0,158,0
rundeck,com.dtolabs.rundeck.core.cli.queue,TestQueueTool,getSingleProjectName,3,1,0,162,0
rundeck,com.dtolabs.rundeck.core.cli.queue,TestQueueTool,testRun,104,1,0,199,0
rundeck,com.dtolabs.rundeck.core.cli.queue,TestQueueTool,queueDispatcherJob,4,1,1,207,0
rundeck,com.dtolabs.rundeck.core.cli.queue,TestQueueTool,queueDispatcherScript,4,1,1,212,0
rundeck,com.dtolabs.rundeck.core.cli.queue,TestQueueTool,listDispatcherQueue,4,1,1,218,0
rundeck,com.dtolabs.rundeck.core.cli.queue,TestQueueTool,listDispatcherQueue,4,1,0,223,0
rundeck,com.dtolabs.rundeck.core.cli.queue,TestQueueTool,killDispatcherExecution,4,1,1,229,0
rundeck,com.dtolabs.rundeck.core.cli.queue,TestQueueTool,loadJobs,4,1,3,234,0
rundeck,com.dtolabs.rundeck.core.cli.queue,TestQueueTool,listStoredJobs,4,1,3,240,0
rundeck,com.dtolabs.rundeck.core.cli.queue,TestQueueTool,reportExecutionStatus,3,1,10,247,0
rundeck,com.dtolabs.rundeck.core.cli.queue,TestQueueTool,listDispatcherQueue,4,1,1,259,0
rundeck,com.dtolabs.rundeck.core.cli.queue,TestQueueTool,killDispatcherExecution,13,1,1,293,0
rundeck,com.dtolabs.rundeck.core.cli.queue,TestQueueTool,getMessage,3,1,0,297,0
rundeck,com.dtolabs.rundeck.core.cli.queue,TestQueueTool,isSuccessful,3,1,0,301,0
rundeck,com.dtolabs.rundeck.core.cli.queue,FailDispatcher,queueDispatcherJob,4,1,1,207,0
rundeck,com.dtolabs.rundeck.core.cli.queue,FailDispatcher,queueDispatcherScript,4,1,1,212,0
rundeck,com.dtolabs.rundeck.core.cli.queue,FailDispatcher,listDispatcherQueue,4,1,1,218,0
rundeck,com.dtolabs.rundeck.core.cli.queue,FailDispatcher,listDispatcherQueue,4,1,0,223,0
rundeck,com.dtolabs.rundeck.core.cli.queue,FailDispatcher,killDispatcherExecution,4,1,1,229,0
rundeck,com.dtolabs.rundeck.core.cli.queue,FailDispatcher,loadJobs,4,1,3,234,0
rundeck,com.dtolabs.rundeck.core.cli.queue,FailDispatcher,listStoredJobs,4,1,3,240,0
rundeck,com.dtolabs.rundeck.core.cli.queue,FailDispatcher,reportExecutionStatus,3,1,10,247,0
rundeck,com.dtolabs.rundeck.core.cli.run,RunToolException,RunToolException,3,1,0,35,0
rundeck,com.dtolabs.rundeck.core.cli.run,RunToolException,RunToolException,3,1,1,39,0
rundeck,com.dtolabs.rundeck.core.cli.run,RunToolException,RunToolException,3,1,1,43,0
rundeck,com.dtolabs.rundeck.core.cli.run,RunToolException,RunToolException,3,1,2,47,0
rundeck,com.dtolabs.rundeck.core.cli.run,RunTool,getAction,3,1,0,55,0
rundeck,com.dtolabs.rundeck.core.cli.run,RunTool,setAction,3,1,1,64,0
rundeck,com.dtolabs.rundeck.core.cli.run,RunTool,Actions,3,1,1,83,0
rundeck,com.dtolabs.rundeck.core.cli.run,RunTool,getName,3,1,0,87,0
rundeck,com.dtolabs.rundeck.core.cli.run,RunTool,main,22,2,1,108,0
rundeck,com.dtolabs.rundeck.core.cli.run,RunTool,RunTool,3,1,0,137,0
rundeck,com.dtolabs.rundeck.core.cli.run,RunTool,RunTool,3,1,1,144,0
rundeck,com.dtolabs.rundeck.core.cli.run,RunTool,RunTool,3,1,1,153,0
rundeck,com.dtolabs.rundeck.core.cli.run,RunTool,RunTool,16,2,2,162,0
rundeck,com.dtolabs.rundeck.core.cli.run,RunTool,addOptions,6,1,1,240,0
rundeck,com.dtolabs.rundeck.core.cli.run,RunTool,parseArgs,14,5,2,252,0
rundeck,com.dtolabs.rundeck.core.cli.run,RunTool,validate,0,2,2,268,0
rundeck,com.dtolabs.rundeck.core.cli.run,RunTool,validateRunAction,17,5,0,279,0
rundeck,com.dtolabs.rundeck.core.cli.run,RunTool,parseArgs,12,2,1,308,0
rundeck,com.dtolabs.rundeck.core.cli.run,RunTool,go,0,2,0,331,0
rundeck,com.dtolabs.rundeck.core.cli.run,RunTool,jobrunAction,80,5,0,347,0
rundeck,com.dtolabs.rundeck.core.cli.run,RunTool,getArgs,3,1,0,380,0
rundeck,com.dtolabs.rundeck.core.cli.run,RunTool,getLoglevel,3,1,0,384,0
rundeck,com.dtolabs.rundeck.core.cli.run,RunTool,getDataContext,3,1,0,388,0
rundeck,com.dtolabs.rundeck.core.cli.run,RunTool,getNodeSet,3,1,0,392,0
rundeck,com.dtolabs.rundeck.core.cli.run,RunTool,getJobRef,17,1,0,396,0
rundeck,com.dtolabs.rundeck.core.cli.run,RunTool,getJobId,3,1,0,398,0
rundeck,com.dtolabs.rundeck.core.cli.run,RunTool,getName,3,1,0,402,0
rundeck,com.dtolabs.rundeck.core.cli.run,RunTool,getGroup,3,1,0,406,0
rundeck,com.dtolabs.rundeck.core.cli.run,RunTool,getProject,3,1,0,410,0
rundeck,com.dtolabs.rundeck.core.cli.run,RunTool,isKeepgoing,3,1,0,416,0
rundeck,com.dtolabs.rundeck.core.cli.run,RunTool,isUseHelpOption,3,1,0,435,0
rundeck,com.dtolabs.rundeck.core.cli.run,RunTool,getHelpString,3,1,0,439,0
rundeck,com.dtolabs.rundeck.core.cli.run,RunTool,log,5,2,1,447,0
rundeck,com.dtolabs.rundeck.core.cli.run,RunTool,error,5,2,1,453,0
rundeck,com.dtolabs.rundeck.core.cli.run,RunTool,warn,5,2,1,460,0
rundeck,com.dtolabs.rundeck.core.cli.run,RunTool,verbose,5,2,1,466,0
rundeck,com.dtolabs.rundeck.core.cli.run,RunTool,debug,5,2,1,476,0
rundeck,com.dtolabs.rundeck.core.cli.run,Actions,Actions,3,1,1,83,0
rundeck,com.dtolabs.rundeck.core.cli.run,Actions,getName,3,1,0,87,0
rundeck,com.dtolabs.rundeck.core.cli.run,Options,addOptions,6,1,1,240,0
rundeck,com.dtolabs.rundeck.core.cli.run,Options,parseArgs,14,5,2,252,0
rundeck,com.dtolabs.rundeck.core.cli.run,Options,validate,0,2,2,268,0
rundeck,com.dtolabs.rundeck.core.cli.run,Options,validateRunAction,17,5,0,279,0
rundeck,com.dtolabs.rundeck.core.cli.run,TestRunTool,TestRunTool,3,1,1,44,0
rundeck,com.dtolabs.rundeck.core.cli.run,TestRunTool,suite,3,1,0,48,0
rundeck,com.dtolabs.rundeck.core.cli.run,TestRunTool,setUp,3,1,0,52,0
rundeck,com.dtolabs.rundeck.core.cli.run,TestRunTool,tearDown,3,1,0,56,0
rundeck,com.dtolabs.rundeck.core.cli.run,TestRunTool,main,3,1,1,60,0
rundeck,com.dtolabs.rundeck.core.cli.run,TestRunTool,testParseArgs,117,1,0,65,0
rundeck,com.dtolabs.rundeck.core.cli.run,TestRunTool,hasSingleProject,3,1,0,147,0
rundeck,com.dtolabs.rundeck.core.cli.run,TestRunTool,getSingleProjectName,3,1,0,151,0
rundeck,com.dtolabs.rundeck.core.cli.run,TestRunTool,hasSingleProject,3,1,0,171,0
rundeck,com.dtolabs.rundeck.core.cli.run,TestRunTool,getSingleProjectName,3,1,0,176,0
rundeck,com.dtolabs.rundeck.core.cli.run,TestRunTool,queueDispatcherJob,4,1,1,208,0
rundeck,com.dtolabs.rundeck.core.cli.run,TestRunTool,queueDispatcherScript,4,1,1,213,0
rundeck,com.dtolabs.rundeck.core.cli.run,TestRunTool,listDispatcherQueue,4,1,1,219,0
rundeck,com.dtolabs.rundeck.core.cli.run,TestRunTool,listDispatcherQueue,4,1,0,225,0
rundeck,com.dtolabs.rundeck.core.cli.run,TestRunTool,killDispatcherExecution,4,1,1,231,0
rundeck,com.dtolabs.rundeck.core.cli.run,TestRunTool,reportExecutionStatus,3,1,10,236,0
rundeck,com.dtolabs.rundeck.core.cli.run,TestRunTool,loadJobs,4,1,3,242,0
rundeck,com.dtolabs.rundeck.core.cli.run,TestRunTool,listStoredJobs,4,1,3,249,0
rundeck,com.dtolabs.rundeck.core.cli.run,TestRunTool,queueDispatcherJob,4,1,1,260,0
rundeck,com.dtolabs.rundeck.core.cli.run,TestRunTool,testJobOptionGroups,39,1,0,266,0
rundeck,com.dtolabs.rundeck.core.cli.run,TestRunTool,testJobOptionId,16,1,0,321,0
rundeck,com.dtolabs.rundeck.core.cli.run,TestRunTool,testArgs,17,1,0,344,0
rundeck,com.dtolabs.rundeck.core.cli.run,failCentralDispatcher,queueDispatcherJob,4,1,1,208,0
rundeck,com.dtolabs.rundeck.core.cli.run,failCentralDispatcher,queueDispatcherScript,4,1,1,213,0
rundeck,com.dtolabs.rundeck.core.cli.run,failCentralDispatcher,listDispatcherQueue,4,1,1,219,0
rundeck,com.dtolabs.rundeck.core.cli.run,failCentralDispatcher,listDispatcherQueue,4,1,0,225,0
rundeck,com.dtolabs.rundeck.core.cli.run,failCentralDispatcher,killDispatcherExecution,4,1,1,231,0
rundeck,com.dtolabs.rundeck.core.cli.run,failCentralDispatcher,reportExecutionStatus,3,1,10,236,0
rundeck,com.dtolabs.rundeck.core.cli.run,failCentralDispatcher,loadJobs,4,1,3,242,0
rundeck,com.dtolabs.rundeck.core.cli.run,failCentralDispatcher,listStoredJobs,4,1,3,249,0
rundeck,com.dtolabs.rundeck.core.cli.run,testCentralDispatcher1,queueDispatcherJob,4,1,1,260,0
rundeck,com.dtolabs.rundeck.core.dispatcher,CentralDispatcherMgrFactory,CentralDispatcherMgrFactory,6,2,2,37,0
rundeck,com.dtolabs.rundeck.core.dispatcher,CentralDispatcherMgrFactory,create,3,1,2,53,0
rundeck,com.dtolabs.rundeck.core.dispatcher,CentralDispatcherMgrFactory,getCentralDispatcher,3,1,0,68,0
rundeck,com.dtolabs.rundeck.core.dispatcher,CentralDispatcherMgrFactory,createCentralDispatcher,28,2,2,77,0
rundeck,com.dtolabs.rundeck.core.dispatcher,IStoredJob,getUrl,0,1,0,34,0
rundeck,com.dtolabs.rundeck.core.dispatcher,IStoredJob,getDescription,0,1,0,41,0
rundeck,com.dtolabs.rundeck.core.dispatcher,NoCentralDispatcher,NoCentralDispatcher,2,1,1,40,0
rundeck,com.dtolabs.rundeck.core.dispatcher,NoCentralDispatcher,queueDispatcherScript,3,1,1,49,0
rundeck,com.dtolabs.rundeck.core.dispatcher,NoCentralDispatcher,queueDispatcherJob,3,1,1,54,0
rundeck,com.dtolabs.rundeck.core.dispatcher,NoCentralDispatcher,listDispatcherQueue,3,1,0,59,0
rundeck,com.dtolabs.rundeck.core.dispatcher,NoCentralDispatcher,killDispatcherExecution,3,1,1,64,0
rundeck,com.dtolabs.rundeck.core.dispatcher,NoCentralDispatcher,listStoredJobs,3,1,3,69,0
rundeck,com.dtolabs.rundeck.core.dispatcher,NoCentralDispatcher,loadJobs,3,1,3,76,0
rundeck,com.dtolabs.rundeck.core.dispatcher,NoCentralDispatcher,reportExecutionStatus,3,1,10,83,0
rundeck,com.dtolabs.rundeck.core.dispatcher,NoCentralDispatcher,listDispatcherQueue,3,1,1,90,0
rundeck,com.dtolabs.rundeck.core.dispatcher,IStoredJobsQueryImpl,IStoredJobsQueryImpl,6,1,4,39,0
rundeck,com.dtolabs.rundeck.core.dispatcher,IStoredJobsQueryImpl,getNameMatch,3,1,0,47,0
rundeck,com.dtolabs.rundeck.core.dispatcher,IStoredJobsQueryImpl,setNameMatch,3,1,1,51,0
rundeck,com.dtolabs.rundeck.core.dispatcher,IStoredJobsQueryImpl,getGroupMatch,3,1,0,55,0
rundeck,com.dtolabs.rundeck.core.dispatcher,IStoredJobsQueryImpl,setGroupMatch,3,1,1,59,0
rundeck,com.dtolabs.rundeck.core.dispatcher,IStoredJobsQueryImpl,getIdlist,3,1,0,63,0
rundeck,com.dtolabs.rundeck.core.dispatcher,IStoredJobsQueryImpl,setIdlist,3,1,1,67,0
rundeck,com.dtolabs.rundeck.core.dispatcher,IStoredJobsQueryImpl,getProjectFilter,3,1,0,71,0
rundeck,com.dtolabs.rundeck.core.dispatcher,IStoredJobsQueryImpl,setProjectFilter,3,1,1,75,0
rundeck,com.dtolabs.rundeck.core.dispatcher,CentralDispatcher,queueDispatcherScript,0,1,1,43,0
rundeck,com.dtolabs.rundeck.core.dispatcher,CentralDispatcher,queueDispatcherJob,0,1,1,54,0
rundeck,com.dtolabs.rundeck.core.dispatcher,CentralDispatcher,listDispatcherQueue,0,1,0,64,0
rundeck,com.dtolabs.rundeck.core.dispatcher,CentralDispatcher,listDispatcherQueue,0,1,1,74,0
rundeck,com.dtolabs.rundeck.core.dispatcher,CentralDispatcher,killDispatcherExecution,0,1,1,83,0
rundeck,com.dtolabs.rundeck.core.dispatcher,CentralDispatcher,listStoredJobs,0,1,3,95,0
rundeck,com.dtolabs.rundeck.core.dispatcher,CentralDispatcher,loadJobs,0,1,3,108,0
rundeck,com.dtolabs.rundeck.core.dispatcher,CentralDispatcher,reportExecutionStatus,0,1,10,122,0
rundeck,com.dtolabs.rundeck.core.dispatcher,IDispatchedScript,getFrameworkProject,0,1,0,37,0
rundeck,com.dtolabs.rundeck.core.dispatcher,IDispatchedScript,getScript,0,1,0,43,0
rundeck,com.dtolabs.rundeck.core.dispatcher,IDispatchedScript,getScriptAsStream,0,1,0,49,0
rundeck,com.dtolabs.rundeck.core.dispatcher,IDispatchedScript,getServerScriptFilePath,0,1,0,56,0
rundeck,com.dtolabs.rundeck.core.dispatcher,DataContextUtils,replaceDataReferences,14,4,2,53,0
rundeck,com.dtolabs.rundeck.core.dispatcher,DataContextUtils,replaceDataReferences,20,4,2,79,0
rundeck,com.dtolabs.rundeck.core.dispatcher,DataContextUtils,escapeShell,12,4,1,108,0
rundeck,com.dtolabs.rundeck.core.dispatcher,DataContextUtils,escapeWindowsShell,12,4,1,127,0
rundeck,com.dtolabs.rundeck.core.dispatcher,DataContextUtils,replaceTokensInFile,3,1,3,147,0
rundeck,com.dtolabs.rundeck.core.dispatcher,DataContextUtils,replaceTokensInFile,8,1,3,160,0
rundeck,com.dtolabs.rundeck.core.dispatcher,DataContextUtils,replaceTokensInScript,9,1,3,180,0
rundeck,com.dtolabs.rundeck.core.dispatcher,DataContextUtils,replaceTokensInStream,8,1,3,200,0
rundeck,com.dtolabs.rundeck.core.dispatcher,DataContextUtils,flattenDataContext,17,6,1,221,0
rundeck,com.dtolabs.rundeck.core.dispatcher,DataContextUtils,configureReplaceTokens,10,2,2,248,0
rundeck,com.dtolabs.rundeck.core.dispatcher,DataContextUtils,generateEnvVarsFromData,12,4,2,266,0
rundeck,com.dtolabs.rundeck.core.dispatcher,DataContextUtils,addEnvVarsFromContextForExec,14,4,2,287,0
rundeck,com.dtolabs.rundeck.core.dispatcher,DataContextUtils,addEnv,0,1,1,314,0
rundeck,com.dtolabs.rundeck.core.dispatcher,DataContextUtils,addEnvVars,14,4,2,319,0
rundeck,com.dtolabs.rundeck.core.dispatcher,DataContextUtils,generateEnvVarsFromContext,12,4,1,340,0
rundeck,com.dtolabs.rundeck.core.dispatcher,DataContextUtils,generateEnvVarName,3,1,1,356,0
rundeck,com.dtolabs.rundeck.core.dispatcher,DataContextUtils,addContext,8,2,3,368,0
rundeck,com.dtolabs.rundeck.core.dispatcher,DataContextUtils,nodeData,24,5,1,387,0
rundeck,com.dtolabs.rundeck.core.dispatcher,DataContextUtils,notNull,3,1,1,420,0
rundeck,com.dtolabs.rundeck.core.dispatcher,DataContextUtils,join,10,3,2,431,0
rundeck,com.dtolabs.rundeck.core.dispatcher,EnvironmentConfigurable,addEnv,0,1,1,314,0
rundeck,com.dtolabs.rundeck.core.dispatcher,IDispatchedJob,getJobRef,0,1,0,33,0
rundeck,com.dtolabs.rundeck.core.dispatcher,IDispatchedJob,isKeepgoing,0,1,0,39,0
rundeck,com.dtolabs.rundeck.core.dispatcher,DispatcherResult,isSuccessful,0,1,0,34,0
rundeck,com.dtolabs.rundeck.core.dispatcher,DispatcherResult,getMessage,0,1,0,41,0
rundeck,com.dtolabs.rundeck.core.dispatcher,IDispatchedExecution,getNodeSet,0,1,0,37,0
rundeck,com.dtolabs.rundeck.core.dispatcher,IDispatchedExecution,getArgs,0,1,0,43,0
rundeck,com.dtolabs.rundeck.core.dispatcher,IDispatchedExecution,getLoglevel,0,1,0,49,0
rundeck,com.dtolabs.rundeck.core.dispatcher,IDispatchedExecution,getDataContext,0,1,0,55,0
rundeck,com.dtolabs.rundeck.core.dispatcher,DispatchedScriptImpl,DispatchedScriptImpl,9,1,7,47,0
rundeck,com.dtolabs.rundeck.core.dispatcher,DispatchedScriptImpl,getNodeSet,3,1,0,60,0
rundeck,com.dtolabs.rundeck.core.dispatcher,DispatchedScriptImpl,setNodeSet,3,1,1,64,0
rundeck,com.dtolabs.rundeck.core.dispatcher,DispatchedScriptImpl,getFrameworkProject,3,1,0,68,0
rundeck,com.dtolabs.rundeck.core.dispatcher,DispatchedScriptImpl,setFrameworkProject,3,1,1,72,0
rundeck,com.dtolabs.rundeck.core.dispatcher,DispatchedScriptImpl,getScript,3,1,0,76,0
rundeck,com.dtolabs.rundeck.core.dispatcher,DispatchedScriptImpl,setScript,3,1,1,80,0
rundeck,com.dtolabs.rundeck.core.dispatcher,DispatchedScriptImpl,getScriptAsStream,3,1,0,84,0
rundeck,com.dtolabs.rundeck.core.dispatcher,DispatchedScriptImpl,setScriptAsStream,3,1,1,88,0
rundeck,com.dtolabs.rundeck.core.dispatcher,DispatchedScriptImpl,getServerScriptFilePath,3,1,0,92,0
rundeck,com.dtolabs.rundeck.core.dispatcher,DispatchedScriptImpl,setServerScriptFilePath,3,1,1,96,0
rundeck,com.dtolabs.rundeck.core.dispatcher,DispatchedScriptImpl,getArgs,3,1,0,100,0
rundeck,com.dtolabs.rundeck.core.dispatcher,DispatchedScriptImpl,setArgs,3,1,1,104,0
rundeck,com.dtolabs.rundeck.core.dispatcher,DispatchedScriptImpl,getLoglevel,3,1,0,108,0
rundeck,com.dtolabs.rundeck.core.dispatcher,DispatchedScriptImpl,setLoglevel,3,1,1,112,0
rundeck,com.dtolabs.rundeck.core.dispatcher,DispatchedScriptImpl,getDataContext,3,1,0,117,0
rundeck,com.dtolabs.rundeck.core.dispatcher,DispatchedScriptImpl,setDataContext,3,1,1,121,0
rundeck,com.dtolabs.rundeck.core.dispatcher,JobDefinitionFileFormat,JobDefinitionFileFormat,3,1,1,43,0
rundeck,com.dtolabs.rundeck.core.dispatcher,JobDefinitionFileFormat,getName,3,1,0,47,0
rundeck,com.dtolabs.rundeck.core.dispatcher,IStoredJobRef,getJobId,0,1,0,33,0
rundeck,com.dtolabs.rundeck.core.dispatcher,IStoredJobRef,getName,0,1,0,40,0
rundeck,com.dtolabs.rundeck.core.dispatcher,IStoredJobRef,getGroup,0,1,0,47,0
rundeck,com.dtolabs.rundeck.core.dispatcher,IStoredJobRef,getProject,0,1,0,54,0
rundeck,com.dtolabs.rundeck.core.dispatcher,IStoredJobLoadResult,isSuccessful,0,1,0,37,0
rundeck,com.dtolabs.rundeck.core.dispatcher,IStoredJobLoadResult,isSkippedJob,0,1,0,44,0
rundeck,com.dtolabs.rundeck.core.dispatcher,IStoredJobLoadResult,getMessage,0,1,0,51,0
rundeck,com.dtolabs.rundeck.core.dispatcher,IStoredJobsQuery,getNameMatch,0,1,0,33,0
rundeck,com.dtolabs.rundeck.core.dispatcher,IStoredJobsQuery,getGroupMatch,0,1,0,40,0
rundeck,com.dtolabs.rundeck.core.dispatcher,IStoredJobsQuery,getIdlist,0,1,0,47,0
rundeck,com.dtolabs.rundeck.core.dispatcher,IStoredJobsQuery,getProjectFilter,0,1,0,55,0
rundeck,com.dtolabs.rundeck.core.dispatcher,QueuedItemResult,getItem,0,1,0,33,0
rundeck,com.dtolabs.rundeck.core.dispatcher,CentralDispatcherException,CentralDispatcherException,3,1,1,23,0
rundeck,com.dtolabs.rundeck.core.dispatcher,CentralDispatcherException,CentralDispatcherException,3,1,1,32,0
rundeck,com.dtolabs.rundeck.core.dispatcher,CentralDispatcherException,CentralDispatcherException,3,1,2,41,0
rundeck,com.dtolabs.rundeck.core.dispatcher,ILoadJobsRequest,getDuplicateOption,0,1,0,33,0
rundeck,com.dtolabs.rundeck.core.dispatcher,QueuedItem,getId,0,1,0,33,0
rundeck,com.dtolabs.rundeck.core.dispatcher,QueuedItem,getUrl,0,1,0,40,0
rundeck,com.dtolabs.rundeck.core.dispatcher,QueuedItem,getName,0,1,0,47,0
rundeck,com.dtolabs.rundeck.core.dispatcher,TestCentralDispatcherMgrFactory,TestCentralDispatcherMgrFactory,3,1,1,41,0
rundeck,com.dtolabs.rundeck.core.dispatcher,TestCentralDispatcherMgrFactory,suite,3,1,0,45,0
rundeck,com.dtolabs.rundeck.core.dispatcher,TestCentralDispatcherMgrFactory,setUp,3,1,0,49,0
rundeck,com.dtolabs.rundeck.core.dispatcher,TestCentralDispatcherMgrFactory,tearDown,3,1,0,53,0
rundeck,com.dtolabs.rundeck.core.dispatcher,TestCentralDispatcherMgrFactory,main,3,1,1,57,0
rundeck,com.dtolabs.rundeck.core.dispatcher,TestCentralDispatcherMgrFactory,testCreateDefault,18,1,0,62,0
rundeck,com.dtolabs.rundeck.core.dispatcher,TestCentralDispatcherMgrFactory,testCreate,11,1,0,81,0
rundeck,com.dtolabs.rundeck.core.dispatcher,TestCentralDispatcherMgrFactory,testDefaultImplementation,19,1,0,92,0
rundeck,com.dtolabs.rundeck.core.dispatcher,TestCentralDispatcherMgrFactory,queueDispatcherScript,3,1,1,118,0
rundeck,com.dtolabs.rundeck.core.dispatcher,TestCentralDispatcherMgrFactory,queueDispatcherJob,3,1,1,122,0
rundeck,com.dtolabs.rundeck.core.dispatcher,TestCentralDispatcherMgrFactory,listDispatcherQueue,3,1,1,126,0
rundeck,com.dtolabs.rundeck.core.dispatcher,TestCentralDispatcherMgrFactory,listDispatcherQueue,3,1,0,129,0
rundeck,com.dtolabs.rundeck.core.dispatcher,TestCentralDispatcherMgrFactory,killDispatcherExecution,3,1,1,133,0
rundeck,com.dtolabs.rundeck.core.dispatcher,TestCentralDispatcherMgrFactory,listStoredJobs,3,1,3,137,0
rundeck,com.dtolabs.rundeck.core.dispatcher,TestCentralDispatcherMgrFactory,loadJobs,3,1,3,143,0
rundeck,com.dtolabs.rundeck.core.dispatcher,TestCentralDispatcherMgrFactory,reportExecutionStatus,2,1,10,149,0
rundeck,com.dtolabs.rundeck.core.dispatcher,TestCentralDispatcherMgrFactory,test1,2,1,1,159,0
rundeck,com.dtolabs.rundeck.core.dispatcher,TestCentralDispatcherMgrFactory,queueDispatcherJob,3,1,1,162,0
rundeck,com.dtolabs.rundeck.core.dispatcher,TestCentralDispatcherMgrFactory,queueDispatcherScript,3,1,1,166,0
rundeck,com.dtolabs.rundeck.core.dispatcher,TestCentralDispatcherMgrFactory,listDispatcherQueue,3,1,1,170,0
rundeck,com.dtolabs.rundeck.core.dispatcher,TestCentralDispatcherMgrFactory,listDispatcherQueue,3,1,0,174,0
rundeck,com.dtolabs.rundeck.core.dispatcher,TestCentralDispatcherMgrFactory,killDispatcherExecution,3,1,1,178,0
rundeck,com.dtolabs.rundeck.core.dispatcher,TestCentralDispatcherMgrFactory,loadJobs,3,1,3,182,0
rundeck,com.dtolabs.rundeck.core.dispatcher,TestCentralDispatcherMgrFactory,listStoredJobs,3,1,3,188,0
rundeck,com.dtolabs.rundeck.core.dispatcher,TestCentralDispatcherMgrFactory,reportExecutionStatus,2,1,10,194,0
rundeck,com.dtolabs.rundeck.core.dispatcher,test_fail1,queueDispatcherScript,3,1,1,118,0
rundeck,com.dtolabs.rundeck.core.dispatcher,test_fail1,queueDispatcherJob,3,1,1,122,0
rundeck,com.dtolabs.rundeck.core.dispatcher,test_fail1,listDispatcherQueue,3,1,1,126,0
rundeck,com.dtolabs.rundeck.core.dispatcher,test_fail1,listDispatcherQueue,3,1,0,129,0
rundeck,com.dtolabs.rundeck.core.dispatcher,test_fail1,killDispatcherExecution,3,1,1,133,0
rundeck,com.dtolabs.rundeck.core.dispatcher,test_fail1,listStoredJobs,3,1,3,137,0
rundeck,com.dtolabs.rundeck.core.dispatcher,test_fail1,loadJobs,3,1,3,143,0
rundeck,com.dtolabs.rundeck.core.dispatcher,test_fail1,reportExecutionStatus,2,1,10,149,0
rundeck,com.dtolabs.rundeck.core.dispatcher,test1,test1,2,1,1,159,0
rundeck,com.dtolabs.rundeck.core.dispatcher,test1,queueDispatcherJob,3,1,1,162,0
rundeck,com.dtolabs.rundeck.core.dispatcher,test1,queueDispatcherScript,3,1,1,166,0
rundeck,com.dtolabs.rundeck.core.dispatcher,test1,listDispatcherQueue,3,1,1,170,0
rundeck,com.dtolabs.rundeck.core.dispatcher,test1,listDispatcherQueue,3,1,0,174,0
rundeck,com.dtolabs.rundeck.core.dispatcher,test1,killDispatcherExecution,3,1,1,178,0
rundeck,com.dtolabs.rundeck.core.dispatcher,test1,loadJobs,3,1,3,182,0
rundeck,com.dtolabs.rundeck.core.dispatcher,test1,listStoredJobs,3,1,3,188,0
rundeck,com.dtolabs.rundeck.core.dispatcher,test1,reportExecutionStatus,2,1,10,194,0
rundeck,com.dtolabs.rundeck.core.dispatcher,TestDataContextUtils,TestDataContextUtils,3,1,1,45,0
rundeck,com.dtolabs.rundeck.core.dispatcher,TestDataContextUtils,suite,3,1,0,49,0
rundeck,com.dtolabs.rundeck.core.dispatcher,TestDataContextUtils,setUp,17,1,0,53,0
rundeck,com.dtolabs.rundeck.core.dispatcher,TestDataContextUtils,tearDown,6,1,0,73,0
rundeck,com.dtolabs.rundeck.core.dispatcher,TestDataContextUtils,main,3,1,1,82,0
rundeck,com.dtolabs.rundeck.core.dispatcher,TestDataContextUtils,testReplaceDataReferences,20,1,0,87,0
rundeck,com.dtolabs.rundeck.core.dispatcher,TestDataContextUtils,testReplaceDataReferencesArray,57,1,0,124,0
rundeck,com.dtolabs.rundeck.core.dispatcher,TestDataContextUtils,testReplaceTokensInScript,108,1,0,188,0
rundeck,com.dtolabs.rundeck.core.dispatcher,TestDataContextUtils,testReplaceTokensInFile,111,1,0,326,0
rundeck,com.dtolabs.rundeck.core.dispatcher,TestDataContextUtils,testNodeData,65,1,0,463,0
rundeck,com.dtolabs.rundeck.core.dispatcher,TestDataContextUtils,testAddContext,35,1,0,532,0
rundeck,com.dtolabs.rundeck.core,Constants,getSystemHomeDir,3,1,0,51,0
rundeck,com.dtolabs.rundeck.core,Constants,getSystemBaseDir,3,1,0,58,0
rundeck,com.dtolabs.rundeck.core,Constants,getFrameworkConfigDir,3,1,1,69,0
rundeck,com.dtolabs.rundeck.core,Constants,getFrameworkConfigDir,3,1,0,78,0
rundeck,com.dtolabs.rundeck.core,Constants,getFrameworkConfigFile,3,1,0,87,0
rundeck,com.dtolabs.rundeck.core,Constants,getFrameworkProperties,3,1,1,91,0
rundeck,com.dtolabs.rundeck.core,Constants,getLog4jProperties,3,1,1,100,0
rundeck,com.dtolabs.rundeck.core,Constants,getLog4jProperties,3,1,0,109,0
rundeck,com.dtolabs.rundeck.core,Constants,getLog4jPropertiesFile,3,1,0,113,0
rundeck,com.dtolabs.rundeck.core,Constants,getDefaultsPropertiesName,3,1,0,117,0
rundeck,com.dtolabs.rundeck.core,Constants,getFrameworkPreferences,3,1,1,125,0
rundeck,com.dtolabs.rundeck.core,Constants,getBaseVar,3,1,1,135,0
rundeck,com.dtolabs.rundeck.core,Constants,getFrameworkProjectsDir,3,1,1,144,0
rundeck,com.dtolabs.rundeck.core,Constants,getFrameworkLogsDir,3,1,1,155,0
rundeck,com.dtolabs.rundeck.core,NodesetEmptyException,NodesetEmptyException,4,1,1,38,0
rundeck,com.dtolabs.rundeck.core,NodesetEmptyException,getNodeset,3,1,0,44,0
rundeck,com.dtolabs.rundeck.core,NodesetFailureException,NodesetFailureException,4,1,1,49,0
rundeck,com.dtolabs.rundeck.core,NodesetFailureException,NodesetFailureException,4,1,1,57,0
rundeck,com.dtolabs.rundeck.core,NodesetFailureException,getNodeset,3,1,0,66,0
rundeck,com.dtolabs.rundeck.core,NodesetFailureException,setNodeset,3,1,1,74,0
rundeck,com.dtolabs.rundeck.core,NodesetFailureException,getNodeFailures,3,1,0,82,0
rundeck,com.dtolabs.rundeck.core,NodesetFailureException,setNodeFailures,3,1,1,86,0
rundeck,com.dtolabs.rundeck.core,CoreException,CoreException,3,1,1,26,0
rundeck,com.dtolabs.rundeck.core,CoreException,CoreException,3,1,2,30,0
rundeck,com.dtolabs.rundeck.core,CoreException,CoreException,3,1,1,34,0
rundeck,com.dtolabs.rundeck.core,TestConstants,TestConstants,3,1,1,24,0
rundeck,com.dtolabs.rundeck.core,TestConstants,setUp,3,1,0,28,0
rundeck,com.dtolabs.rundeck.core,TestConstants,testConstants,2,1,0,32,0
rundeck,com.dtolabs.rundeck.core.tasks.dispatch,NodeExecutionStatusTask,execute,32,8,0,44,0
rundeck,com.dtolabs.rundeck.core.tasks.dispatch,NodeExecutionStatusTask,validate,8,3,0,76,0
rundeck,com.dtolabs.rundeck.core.tasks.dispatch,NodeExecutionStatusTask,getRefId,3,1,0,85,0
rundeck,com.dtolabs.rundeck.core.tasks.dispatch,NodeExecutionStatusTask,setRefId,3,1,1,89,0
rundeck,com.dtolabs.rundeck.core.tasks.dispatch,NodeExecutionStatusTask,getNodeDispatchStatusListener,3,1,0,93,0
rundeck,com.dtolabs.rundeck.core.tasks.dispatch,NodeExecutionStatusTask,setNodeDispatchStatusListener,3,1,1,97,0
rundeck,com.dtolabs.rundeck.core.tasks.dispatch,NodeExecutionStatusTask,getNodeName,3,1,0,101,0
rundeck,com.dtolabs.rundeck.core.tasks.dispatch,NodeExecutionStatusTask,setNodeName,3,1,1,105,0
rundeck,com.dtolabs.rundeck.core.tasks.dispatch,NodeExecutionStatusTask,isFailOnError,3,1,0,109,0
rundeck,com.dtolabs.rundeck.core.tasks.dispatch,NodeExecutionStatusTask,setFailOnError,3,1,1,113,0
rundeck,com.dtolabs.rundeck.core.tasks.net,ExtSSHExec,ExtSSHExec,3,1,0,76,0
rundeck,com.dtolabs.rundeck.core.tasks.net,ExtSSHExec,setCommand,3,1,1,83,0
rundeck,com.dtolabs.rundeck.core.tasks.net,ExtSSHExec,setCommandResource,3,1,1,92,0
rundeck,com.dtolabs.rundeck.core.tasks.net,ExtSSHExec,setTimeout,3,1,1,101,0
rundeck,com.dtolabs.rundeck.core.tasks.net,ExtSSHExec,setOutput,3,1,1,112,0
rundeck,com.dtolabs.rundeck.core.tasks.net,ExtSSHExec,setInput,3,1,1,121,0
rundeck,com.dtolabs.rundeck.core.tasks.net,ExtSSHExec,setInputProperty,3,1,1,130,0
rundeck,com.dtolabs.rundeck.core.tasks.net,ExtSSHExec,setAppend,3,1,1,139,0
rundeck,com.dtolabs.rundeck.core.tasks.net,ExtSSHExec,setOutputproperty,3,1,1,150,0
rundeck,com.dtolabs.rundeck.core.tasks.net,ExtSSHExec,setAllocatePty,3,1,1,162,0
rundeck,com.dtolabs.rundeck.core.tasks.net,ExtSSHExec,getExitStatus,3,1,0,172,0
rundeck,com.dtolabs.rundeck.core.tasks.net,ExtSSHExec,addEnv,6,2,1,181,0
rundeck,com.dtolabs.rundeck.core.tasks.net,ExtSSHExec,getDisconnectHolder,3,1,0,192,0
rundeck,com.dtolabs.rundeck.core.tasks.net,ExtSSHExec,setDisconnectHolder,3,1,1,199,0
rundeck,com.dtolabs.rundeck.core.tasks.net,ExtSSHExec,disconnect,0,1,0,210,0
rundeck,com.dtolabs.rundeck.core.tasks.net,ExtSSHExec,setDisconnectable,0,1,1,220,0
rundeck,com.dtolabs.rundeck.core.tasks.net,ExtSSHExec,execute,79,16,0,226,0
rundeck,com.dtolabs.rundeck.core.tasks.net,ExtSSHExec,disconnect,3,1,0,264,0
rundeck,com.dtolabs.rundeck.core.tasks.net,ExtSSHExec,executeCommand,142,25,3,315,0
rundeck,com.dtolabs.rundeck.core.tasks.net,ExtSSHExec,run,12,3,0,387,0
rundeck,com.dtolabs.rundeck.core.tasks.net,ExtSSHExec,writeToFile,22,4,3,462,0
rundeck,com.dtolabs.rundeck.core.tasks.net,ExtSSHExec,setKnownhosts,4,1,1,497,0
rundeck,com.dtolabs.rundeck.core.tasks.net,ExtSSHExec,openSession,33,6,0,511,0
rundeck,com.dtolabs.rundeck.core.tasks.net,ExtSSHExec,isEnabled,3,1,1,523,0
rundeck,com.dtolabs.rundeck.core.tasks.net,ExtSSHExec,log,3,1,2,526,0
rundeck,com.dtolabs.rundeck.core.tasks.net,ExtSSHExec,getInputStream,3,1,0,553,0
rundeck,com.dtolabs.rundeck.core.tasks.net,ExtSSHExec,setInputStream,3,1,1,557,0
rundeck,com.dtolabs.rundeck.core.tasks.net,ExtSSHExec,getSecondaryStream,3,1,0,564,0
rundeck,com.dtolabs.rundeck.core.tasks.net,ExtSSHExec,setSecondaryStream,3,1,1,568,0
rundeck,com.dtolabs.rundeck.core.tasks.net,Disconnectable,disconnect,0,1,0,210,0
rundeck,com.dtolabs.rundeck.core.tasks.net,DisconnectHolder,setDisconnectable,0,1,1,220,0
rundeck,com.dtolabs.rundeck.core.tasks.net,SSHTaskBuilder,setFailonerror,0,1,1,51,0
rundeck,com.dtolabs.rundeck.core.tasks.net,SSHTaskBuilder,setTrust,0,1,1,53,0
rundeck,com.dtolabs.rundeck.core.tasks.net,SSHTaskBuilder,setProject,0,1,1,55,0
rundeck,com.dtolabs.rundeck.core.tasks.net,SSHTaskBuilder,setVerbose,0,1,1,57,0
rundeck,com.dtolabs.rundeck.core.tasks.net,SSHTaskBuilder,setHost,0,1,1,59,0
rundeck,com.dtolabs.rundeck.core.tasks.net,SSHTaskBuilder,setPort,0,1,1,61,0
rundeck,com.dtolabs.rundeck.core.tasks.net,SSHTaskBuilder,setUsername,0,1,1,63,0
rundeck,com.dtolabs.rundeck.core.tasks.net,SSHTaskBuilder,setKeyfile,0,1,1,65,0
rundeck,com.dtolabs.rundeck.core.tasks.net,SSHTaskBuilder,setPassphrase,0,1,1,67,0
rundeck,com.dtolabs.rundeck.core.tasks.net,SSHTaskBuilder,setPassword,0,1,1,69,0
rundeck,com.dtolabs.rundeck.core.tasks.net,SSHTaskBuilder,setKnownhosts,0,1,1,71,0
rundeck,com.dtolabs.rundeck.core.tasks.net,SSHTaskBuilder,setCommand,0,1,1,76,0
rundeck,com.dtolabs.rundeck.core.tasks.net,SSHTaskBuilder,setTimeout,0,1,1,78,0
rundeck,com.dtolabs.rundeck.core.tasks.net,SSHTaskBuilder,setOutputproperty,0,1,1,80,0
rundeck,com.dtolabs.rundeck.core.tasks.net,SSHTaskBuilder,setLocalFile,0,1,1,85,0
rundeck,com.dtolabs.rundeck.core.tasks.net,SSHTaskBuilder,setRemoteTofile,0,1,1,87,0
rundeck,com.dtolabs.rundeck.core.tasks.net,SSHTaskBuilder,setFailonerror,3,1,1,93,0
rundeck,com.dtolabs.rundeck.core.tasks.net,SSHTaskBuilder,setTrust,3,1,1,97,0
rundeck,com.dtolabs.rundeck.core.tasks.net,SSHTaskBuilder,setProject,3,1,1,101,0
rundeck,com.dtolabs.rundeck.core.tasks.net,SSHTaskBuilder,setVerbose,3,1,1,105,0
rundeck,com.dtolabs.rundeck.core.tasks.net,SSHTaskBuilder,setHost,3,1,1,109,0
rundeck,com.dtolabs.rundeck.core.tasks.net,SSHTaskBuilder,setPort,3,1,1,113,0
rundeck,com.dtolabs.rundeck.core.tasks.net,SSHTaskBuilder,setUsername,3,1,1,117,0
rundeck,com.dtolabs.rundeck.core.tasks.net,SSHTaskBuilder,setKeyfile,3,1,1,122,0
rundeck,com.dtolabs.rundeck.core.tasks.net,SSHTaskBuilder,setPassphrase,3,1,1,126,0
rundeck,com.dtolabs.rundeck.core.tasks.net,SSHTaskBuilder,setPassword,3,1,1,130,0
rundeck,com.dtolabs.rundeck.core.tasks.net,SSHTaskBuilder,SSHBaseImpl,3,1,1,134,0
rundeck,com.dtolabs.rundeck.core.tasks.net,SSHTaskBuilder,setKnownhosts,3,1,1,138,0
rundeck,com.dtolabs.rundeck.core.tasks.net,SSHTaskBuilder,SSHExecImpl,4,1,1,146,0
rundeck,com.dtolabs.rundeck.core.tasks.net,SSHTaskBuilder,setCommand,3,1,1,151,0
rundeck,com.dtolabs.rundeck.core.tasks.net,SSHTaskBuilder,setTimeout,3,1,1,155,0
rundeck,com.dtolabs.rundeck.core.tasks.net,SSHTaskBuilder,setOutputproperty,3,1,1,159,0
rundeck,com.dtolabs.rundeck.core.tasks.net,SSHTaskBuilder,addEnv,3,1,1,163,0
rundeck,com.dtolabs.rundeck.core.tasks.net,SSHTaskBuilder,SCPImpl,4,1,1,172,0
rundeck,com.dtolabs.rundeck.core.tasks.net,SSHTaskBuilder,setLocalFile,3,1,1,177,0
rundeck,com.dtolabs.rundeck.core.tasks.net,SSHTaskBuilder,setRemoteTofile,3,1,1,181,0
rundeck,com.dtolabs.rundeck.core.tasks.net,SSHTaskBuilder,build,5,1,6,186,0
rundeck,com.dtolabs.rundeck.core.tasks.net,SSHTaskBuilder,build,8,1,7,212,0
rundeck,com.dtolabs.rundeck.core.tasks.net,SSHTaskBuilder,configureSSHBase,54,10,5,230,0
rundeck,com.dtolabs.rundeck.core.tasks.net,SSHTaskBuilder,buildScp,5,1,6,292,0
rundeck,com.dtolabs.rundeck.core.tasks.net,SSHTaskBuilder,buildScp,16,4,7,302,0
rundeck,com.dtolabs.rundeck.core.tasks.net,SSHTaskBuilder,BuilderException,2,1,0,328,0
rundeck,com.dtolabs.rundeck.core.tasks.net,SSHTaskBuilder,BuilderException,3,1,1,331,0
rundeck,com.dtolabs.rundeck.core.tasks.net,SSHTaskBuilder,BuilderException,3,1,2,335,0
rundeck,com.dtolabs.rundeck.core.tasks.net,SSHTaskBuilder,BuilderException,3,1,1,339,0
rundeck,com.dtolabs.rundeck.core.tasks.net,SSHTaskBuilder,getAuthenticationType,0,1,0,354,0
rundeck,com.dtolabs.rundeck.core.tasks.net,SSHTaskBuilder,getPrivateKeyfilePath,0,1,0,356,0
rundeck,com.dtolabs.rundeck.core.tasks.net,SSHTaskBuilder,getPrivateKeyPassphrase,0,1,0,358,0
rundeck,com.dtolabs.rundeck.core.tasks.net,SSHTaskBuilder,getPassword,0,1,0,363,0
rundeck,com.dtolabs.rundeck.core.tasks.net,SSHTaskBuilder,getSSHTimeout,0,1,0,365,0
rundeck,com.dtolabs.rundeck.core.tasks.net,SSHTaskBuilder,getUsername,0,1,0,367,0
rundeck,com.dtolabs.rundeck.core.tasks.net,SSHBaseInterface,setFailonerror,0,1,1,51,0
rundeck,com.dtolabs.rundeck.core.tasks.net,SSHBaseInterface,setTrust,0,1,1,53,0
rundeck,com.dtolabs.rundeck.core.tasks.net,SSHBaseInterface,setProject,0,1,1,55,0
rundeck,com.dtolabs.rundeck.core.tasks.net,SSHBaseInterface,setVerbose,0,1,1,57,0
rundeck,com.dtolabs.rundeck.core.tasks.net,SSHBaseInterface,setHost,0,1,1,59,0
rundeck,com.dtolabs.rundeck.core.tasks.net,SSHBaseInterface,setPort,0,1,1,61,0
rundeck,com.dtolabs.rundeck.core.tasks.net,SSHBaseInterface,setUsername,0,1,1,63,0
rundeck,com.dtolabs.rundeck.core.tasks.net,SSHBaseInterface,setKeyfile,0,1,1,65,0
rundeck,com.dtolabs.rundeck.core.tasks.net,SSHBaseInterface,setPassphrase,0,1,1,67,0
rundeck,com.dtolabs.rundeck.core.tasks.net,SSHBaseInterface,setPassword,0,1,1,69,0
rundeck,com.dtolabs.rundeck.core.tasks.net,SSHBaseInterface,setKnownhosts,0,1,1,71,0
rundeck,com.dtolabs.rundeck.core.tasks.net,SSHExecInterface,setCommand,0,1,1,76,0
rundeck,com.dtolabs.rundeck.core.tasks.net,SSHExecInterface,setTimeout,0,1,1,78,0
rundeck,com.dtolabs.rundeck.core.tasks.net,SSHExecInterface,setOutputproperty,0,1,1,80,0
rundeck,com.dtolabs.rundeck.core.tasks.net,SCPInterface,setLocalFile,0,1,1,85,0
rundeck,com.dtolabs.rundeck.core.tasks.net,SCPInterface,setRemoteTofile,0,1,1,87,0
rundeck,com.dtolabs.rundeck.core.tasks.net,SSHBaseImpl,setFailonerror,3,1,1,93,0
rundeck,com.dtolabs.rundeck.core.tasks.net,SSHBaseImpl,setTrust,3,1,1,97,0
rundeck,com.dtolabs.rundeck.core.tasks.net,SSHBaseImpl,setProject,3,1,1,101,0
rundeck,com.dtolabs.rundeck.core.tasks.net,SSHBaseImpl,setVerbose,3,1,1,105,0
rundeck,com.dtolabs.rundeck.core.tasks.net,SSHBaseImpl,setHost,3,1,1,109,0
rundeck,com.dtolabs.rundeck.core.tasks.net,SSHBaseImpl,setPort,3,1,1,113,0
rundeck,com.dtolabs.rundeck.core.tasks.net,SSHBaseImpl,setUsername,3,1,1,117,0
rundeck,com.dtolabs.rundeck.core.tasks.net,SSHBaseImpl,setKeyfile,3,1,1,122,0
rundeck,com.dtolabs.rundeck.core.tasks.net,SSHBaseImpl,setPassphrase,3,1,1,126,0
rundeck,com.dtolabs.rundeck.core.tasks.net,SSHBaseImpl,setPassword,3,1,1,130,0
rundeck,com.dtolabs.rundeck.core.tasks.net,SSHBaseImpl,SSHBaseImpl,3,1,1,134,0
rundeck,com.dtolabs.rundeck.core.tasks.net,SSHBaseImpl,setKnownhosts,3,1,1,138,0
rundeck,com.dtolabs.rundeck.core.tasks.net,SSHExecImpl,SSHExecImpl,4,1,1,146,0
rundeck,com.dtolabs.rundeck.core.tasks.net,SSHExecImpl,setCommand,3,1,1,151,0
rundeck,com.dtolabs.rundeck.core.tasks.net,SSHExecImpl,setTimeout,3,1,1,155,0
rundeck,com.dtolabs.rundeck.core.tasks.net,SSHExecImpl,setOutputproperty,3,1,1,159,0
rundeck,com.dtolabs.rundeck.core.tasks.net,SSHExecImpl,addEnv,3,1,1,163,0
rundeck,com.dtolabs.rundeck.core.tasks.net,SCPImpl,SCPImpl,4,1,1,172,0
rundeck,com.dtolabs.rundeck.core.tasks.net,SCPImpl,setLocalFile,3,1,1,177,0
rundeck,com.dtolabs.rundeck.core.tasks.net,SCPImpl,setRemoteTofile,3,1,1,181,0
rundeck,com.dtolabs.rundeck.core.tasks.net,BuilderException,BuilderException,2,1,0,328,0
rundeck,com.dtolabs.rundeck.core.tasks.net,BuilderException,BuilderException,3,1,1,331,0
rundeck,com.dtolabs.rundeck.core.tasks.net,BuilderException,BuilderException,3,1,2,335,0
rundeck,com.dtolabs.rundeck.core.tasks.net,BuilderException,BuilderException,3,1,1,339,0
rundeck,com.dtolabs.rundeck.core.tasks.net,SSHConnectionInfo,getAuthenticationType,0,1,0,354,0
rundeck,com.dtolabs.rundeck.core.tasks.net,SSHConnectionInfo,getPrivateKeyfilePath,0,1,0,356,0
rundeck,com.dtolabs.rundeck.core.tasks.net,SSHConnectionInfo,getPrivateKeyPassphrase,0,1,0,358,0
rundeck,com.dtolabs.rundeck.core.tasks.net,SSHConnectionInfo,getPassword,0,1,0,363,0
rundeck,com.dtolabs.rundeck.core.tasks.net,SSHConnectionInfo,getSSHTimeout,0,1,0,365,0
rundeck,com.dtolabs.rundeck.core.tasks.net,SSHConnectionInfo,getUsername,0,1,0,367,0
rundeck,com.dtolabs.rundeck.core.tasks.net,TestSSHTaskBuilder,setFailonerror,3,1,1,57,0
rundeck,com.dtolabs.rundeck.core.tasks.net,TestSSHTaskBuilder,setTrust,3,1,1,61,0
rundeck,com.dtolabs.rundeck.core.tasks.net,TestSSHTaskBuilder,setProject,3,1,1,65,0
rundeck,com.dtolabs.rundeck.core.tasks.net,TestSSHTaskBuilder,setVerbose,3,1,1,69,0
rundeck,com.dtolabs.rundeck.core.tasks.net,TestSSHTaskBuilder,setHost,3,1,1,73,0
rundeck,com.dtolabs.rundeck.core.tasks.net,TestSSHTaskBuilder,setPort,3,1,1,77,0
rundeck,com.dtolabs.rundeck.core.tasks.net,TestSSHTaskBuilder,setUsername,3,1,1,81,0
rundeck,com.dtolabs.rundeck.core.tasks.net,TestSSHTaskBuilder,setKeyfile,3,1,1,85,0
rundeck,com.dtolabs.rundeck.core.tasks.net,TestSSHTaskBuilder,setPassphrase,3,1,1,89,0
rundeck,com.dtolabs.rundeck.core.tasks.net,TestSSHTaskBuilder,setPassword,3,1,1,93,0
rundeck,com.dtolabs.rundeck.core.tasks.net,TestSSHTaskBuilder,setKnownhosts,3,1,1,97,0
rundeck,com.dtolabs.rundeck.core.tasks.net,TestSSHTaskBuilder,setLocalFile,3,1,1,107,0
rundeck,com.dtolabs.rundeck.core.tasks.net,TestSSHTaskBuilder,setRemoteTofile,3,1,1,111,0
rundeck,com.dtolabs.rundeck.core.tasks.net,TestSSHTaskBuilder,setCommand,3,1,1,125,0
rundeck,com.dtolabs.rundeck.core.tasks.net,TestSSHTaskBuilder,setTimeout,3,1,1,129,0
rundeck,com.dtolabs.rundeck.core.tasks.net,TestSSHTaskBuilder,setOutputproperty,3,1,1,133,0
rundeck,com.dtolabs.rundeck.core.tasks.net,TestSSHTaskBuilder,addEnv,3,1,1,137,0
rundeck,com.dtolabs.rundeck.core.tasks.net,TestSSHTaskBuilder,getAuthenticationType,3,1,0,150,0
rundeck,com.dtolabs.rundeck.core.tasks.net,TestSSHTaskBuilder,getPrivateKeyfilePath,3,1,0,154,0
rundeck,com.dtolabs.rundeck.core.tasks.net,TestSSHTaskBuilder,getPassword,3,1,0,158,0
rundeck,com.dtolabs.rundeck.core.tasks.net,TestSSHTaskBuilder,getSSHTimeout,3,1,0,162,0
rundeck,com.dtolabs.rundeck.core.tasks.net,TestSSHTaskBuilder,getUsername,3,1,0,166,0
rundeck,com.dtolabs.rundeck.core.tasks.net,TestSSHTaskBuilder,getPrivateKeyPassphrase,3,1,0,170,0
rundeck,com.dtolabs.rundeck.core.tasks.net,TestSSHTaskBuilder,setUp,5,1,0,178,0
rundeck,com.dtolabs.rundeck.core.tasks.net,TestSSHTaskBuilder,tearDown,5,1,0,186,0
rundeck,com.dtolabs.rundeck.core.tasks.net,TestSSHTaskBuilder,testState,5,1,0,203,0
rundeck,com.dtolabs.rundeck.core.tasks.net,TestSSHTaskBuilder,assertInvariable,4,1,2,210,0
rundeck,com.dtolabs.rundeck.core.tasks.net,TestSSHTaskBuilder,assertInvariableBase,6,1,2,216,0
rundeck,com.dtolabs.rundeck.core.tasks.net,TestSSHTaskBuilder,runBuildSSH,3,1,2,223,0
rundeck,com.dtolabs.rundeck.core.tasks.net,TestSSHTaskBuilder,runBuildSCP,3,1,2,229,0
rundeck,com.dtolabs.rundeck.core.tasks.net,TestSSHTaskBuilder,testBuildSSHDefault,15,1,0,235,0
rundeck,com.dtolabs.rundeck.core.tasks.net,TestSSHTaskBuilder,testBuildSSHVariables,18,1,0,256,0
rundeck,com.dtolabs.rundeck.core.tasks.net,TestSSHTaskBuilder,testBuildSSHKeyPassphrase,19,1,0,279,0
rundeck,com.dtolabs.rundeck.core.tasks.net,TestSSHTaskBuilder,testBuildSSHKeyNoUsername,13,1,0,304,0
rundeck,com.dtolabs.rundeck.core.tasks.net,TestSSHTaskBuilder,testBuildSSHPassword,18,1,0,321,0
rundeck,com.dtolabs.rundeck.core.tasks.net,TestSSHTaskBuilder,testBuildSSHPasswordNoUsername,14,1,0,345,0
rundeck,com.dtolabs.rundeck.core.tasks.net,TestSSHTaskBuilder,testBuildSSHVerbose,16,1,0,363,0
rundeck,com.dtolabs.rundeck.core.tasks.net,TestSSHTaskBuilder,testBuildSSHNoHostname,12,1,0,387,0
rundeck,com.dtolabs.rundeck.core.tasks.net,TestSSHTaskBuilder,testBuildSSHNoAuthtype,12,1,0,406,0
rundeck,com.dtolabs.rundeck.core.tasks.net,TestSSHTaskBuilder,testBuildSCPDefault,17,1,0,424,0
rundeck,com.dtolabs.rundeck.core.tasks.net,TestSSHTaskBuilder,testBuildSCPPassword,19,1,0,447,0
rundeck,com.dtolabs.rundeck.core.tasks.net,TestSSHTaskBuilder,testBuildSCPKeyNoUsername,14,1,0,472,0
rundeck,com.dtolabs.rundeck.core.tasks.net,TestSSHTaskBuilder,testBuildSCPKeyPasswordUsername,16,1,0,491,0
rundeck,com.dtolabs.rundeck.core.tasks.net,TestSSHTaskBuilder,testBuildSCPNoSourcefile,13,1,0,513,0
rundeck,com.dtolabs.rundeck.core.tasks.net,TestSSHTaskBuilder,testBuildSCPNoRemotePath,13,1,0,531,0
rundeck,com.dtolabs.rundeck.core.tasks.net,testSSHBaseInterface,setFailonerror,3,1,1,57,0
rundeck,com.dtolabs.rundeck.core.tasks.net,testSSHBaseInterface,setTrust,3,1,1,61,0
rundeck,com.dtolabs.rundeck.core.tasks.net,testSSHBaseInterface,setProject,3,1,1,65,0
rundeck,com.dtolabs.rundeck.core.tasks.net,testSSHBaseInterface,setVerbose,3,1,1,69,0
rundeck,com.dtolabs.rundeck.core.tasks.net,testSSHBaseInterface,setHost,3,1,1,73,0
rundeck,com.dtolabs.rundeck.core.tasks.net,testSSHBaseInterface,setPort,3,1,1,77,0
rundeck,com.dtolabs.rundeck.core.tasks.net,testSSHBaseInterface,setUsername,3,1,1,81,0
rundeck,com.dtolabs.rundeck.core.tasks.net,testSSHBaseInterface,setKeyfile,3,1,1,85,0
rundeck,com.dtolabs.rundeck.core.tasks.net,testSSHBaseInterface,setPassphrase,3,1,1,89,0
rundeck,com.dtolabs.rundeck.core.tasks.net,testSSHBaseInterface,setPassword,3,1,1,93,0
rundeck,com.dtolabs.rundeck.core.tasks.net,testSSHBaseInterface,setKnownhosts,3,1,1,97,0
rundeck,com.dtolabs.rundeck.core.tasks.net,testSCPInterface,setLocalFile,3,1,1,107,0
rundeck,com.dtolabs.rundeck.core.tasks.net,testSCPInterface,setRemoteTofile,3,1,1,111,0
rundeck,com.dtolabs.rundeck.core.tasks.net,testSSHExecInterface,setCommand,3,1,1,125,0
rundeck,com.dtolabs.rundeck.core.tasks.net,testSSHExecInterface,setTimeout,3,1,1,129,0
rundeck,com.dtolabs.rundeck.core.tasks.net,testSSHExecInterface,setOutputproperty,3,1,1,133,0
rundeck,com.dtolabs.rundeck.core.tasks.net,testSSHExecInterface,addEnv,3,1,1,137,0
rundeck,com.dtolabs.rundeck.core.tasks.net,testSSHConnectionInfo,getAuthenticationType,3,1,0,150,0
rundeck,com.dtolabs.rundeck.core.tasks.net,testSSHConnectionInfo,getPrivateKeyfilePath,3,1,0,154,0
rundeck,com.dtolabs.rundeck.core.tasks.net,testSSHConnectionInfo,getPassword,3,1,0,158,0
rundeck,com.dtolabs.rundeck.core.tasks.net,testSSHConnectionInfo,getSSHTimeout,3,1,0,162,0
rundeck,com.dtolabs.rundeck.core.tasks.net,testSSHConnectionInfo,getUsername,3,1,0,166,0
rundeck,com.dtolabs.rundeck.core.tasks.net,testSSHConnectionInfo,getPrivateKeyPassphrase,3,1,0,170,0
rundeck,com.dtolabs.rundeck.core.tasks.net,testState,testState,5,1,0,203,0
rundeck,com.dtolabs.rundeck.core.types.controller,Arg,Arg,2,1,0,23,0
rundeck,com.dtolabs.rundeck.core.types.controller,Arg,Arg,3,1,1,29,0
rundeck,com.dtolabs.rundeck.core.types.controller,Arg,create,3,1,1,39,0
rundeck,com.dtolabs.rundeck.core.types.controller,Arg,setLine,3,1,1,51,0
rundeck,com.dtolabs.rundeck.core.types.controller,Arg,getLine,3,1,0,55,0
rundeck,com.dtolabs.rundeck.core.types.controller,Arg,toString,3,1,0,59,0
rundeck,com.dtolabs.rundeck.core.authorization,JndiConfigParser,JndiConfigParser,3,1,1,46,0
rundeck,com.dtolabs.rundeck.core.authorization,JndiConfigParser,lookup,10,3,1,51,0
rundeck,com.dtolabs.rundeck.core.authorization,JndiConfigParser,parse,3,1,0,62,0
rundeck,com.dtolabs.rundeck.core.authorization,TimeanddayExp,setDayExp,4,1,1,38,0
rundeck,com.dtolabs.rundeck.core.authorization,TimeanddayExp,getDayExp,3,1,0,43,0
rundeck,com.dtolabs.rundeck.core.authorization,TimeanddayExp,setHourExp,4,1,1,52,0
rundeck,com.dtolabs.rundeck.core.authorization,TimeanddayExp,getHourExp,3,1,0,61,0
rundeck,com.dtolabs.rundeck.core.authorization,TimeanddayExp,setMinuteExp,4,1,1,70,0
rundeck,com.dtolabs.rundeck.core.authorization,TimeanddayExp,getMinuteExp,3,1,0,79,0
rundeck,com.dtolabs.rundeck.core.authorization,TimeanddayExp,checkExp,59,15,2,85,0
rundeck,com.dtolabs.rundeck.core.authorization,TimeanddayExp,checkInRange,6,2,3,169,0
rundeck,com.dtolabs.rundeck.core.authorization,TimeanddayExp,TimeanddayExp,3,1,1,190,0
rundeck,com.dtolabs.rundeck.core.authorization,TimeanddayExp,TimeanddayExp,8,4,3,206,0
rundeck,com.dtolabs.rundeck.core.authorization,TimeanddayExp,toString,3,1,0,230,0
rundeck,com.dtolabs.rundeck.core.authorization,TimeanddayExp,parseDayExp,3,1,1,238,0
rundeck,com.dtolabs.rundeck.core.authorization,TimeanddayExp,parseHourExp,3,1,1,246,0
rundeck,com.dtolabs.rundeck.core.authorization,TimeanddayExp,parseMinuteExp,3,1,1,254,0
rundeck,com.dtolabs.rundeck.core.authorization,TimeanddayExp,match,28,4,2,262,0
rundeck,com.dtolabs.rundeck.core.authorization,TimeanddayExp,matchTime,41,8,2,308,0
rundeck,com.dtolabs.rundeck.core.authorization,Attribute,Attribute,4,1,2,23,0
rundeck,com.dtolabs.rundeck.core.authorization,Attribute,toString,3,1,0,31,0
rundeck,com.dtolabs.rundeck.core.authorization,AuthorizationException,AuthorizationException,3,1,1,26,0
rundeck,com.dtolabs.rundeck.core.authorization,AuthorizationException,AuthorizationException,3,1,1,30,0
rundeck,com.dtolabs.rundeck.core.authorization,AuthorizationException,AuthorizationException,3,1,2,34,0
rundeck,com.dtolabs.rundeck.core.authorization,AuthorizationException,AuthorizationException,3,1,3,38,0
rundeck,com.dtolabs.rundeck.core.authorization,BaseAclsAuthorization,BaseAclsAuthorization,4,1,2,60,0
rundeck,com.dtolabs.rundeck.core.authorization,BaseAclsAuthorization,listRoles,9,1,1,74,0
rundeck,com.dtolabs.rundeck.core.authorization,BaseAclsAuthorization,setMatchedRoles,3,1,1,96,0
rundeck,com.dtolabs.rundeck.core.authorization,BaseAclsAuthorization,getMatchedRoles,3,1,0,100,0
rundeck,com.dtolabs.rundeck.core.authorization,BaseAclsAuthorization,listMatchedRoles,12,3,0,110,0
rundeck,com.dtolabs.rundeck.core.authorization,BaseAclsAuthorization,authorize,36,5,6,128,0
rundeck,com.dtolabs.rundeck.core.authorization,BaseAclsAuthorization,authorizeScript,39,7,3,207,0
rundeck,com.dtolabs.rundeck.core.authorization,BaseAclsAuthorization,determineUserRoles,0,1,1,283,0
rundeck,com.dtolabs.rundeck.core.authorization,BaseAclsAuthorization,toString,3,1,0,285,0
rundeck,com.dtolabs.rundeck.core.authorization,BaseAclsAuthorization,getAclBasedir,3,1,0,296,0
rundeck,com.dtolabs.rundeck.core.authorization,BaseAclsAuthorization,evaluate,3,1,4,300,0
rundeck,com.dtolabs.rundeck.core.authorization,BaseAclsAuthorization,evaluate,3,1,4,305,0
rundeck,com.dtolabs.rundeck.core.authorization,LegacyAuthorization,authorizeScript,0,1,3,27,0
rundeck,com.dtolabs.rundeck.core.authorization,LegacyAuthorization,getMatchedRoles,0,1,0,41,0
rundeck,com.dtolabs.rundeck.core.authorization,LegacyAuthorization,listMatchedRoles,0,1,0,48,0
rundeck,com.dtolabs.rundeck.core.authorization,Decision,isAuthorized,0,1,0,26,0
rundeck,com.dtolabs.rundeck.core.authorization,Decision,explain,0,1,0,34,0
rundeck,com.dtolabs.rundeck.core.authorization,Decision,evaluationDuration,0,1,0,39,0
rundeck,com.dtolabs.rundeck.core.authorization,Decision,getResource,0,1,0,46,0
rundeck,com.dtolabs.rundeck.core.authorization,Decision,getAction,0,1,0,54,0
rundeck,com.dtolabs.rundeck.core.authorization,Decision,getEnvironment,0,1,0,56,0
rundeck,com.dtolabs.rundeck.core.authorization,Decision,getSubject,0,1,0,58,0
rundeck,com.dtolabs.rundeck.core.authorization,BaseAuthorization,toString,3,1,0,45,0
rundeck,com.dtolabs.rundeck.core.authorization,BaseAuthorization,describe,3,1,1,49,0
rundeck,com.dtolabs.rundeck.core.authorization,BaseAuthorization,getCode,3,1,0,53,0
rundeck,com.dtolabs.rundeck.core.authorization,BaseAuthorization,getLogger,0,1,0,58,0
rundeck,com.dtolabs.rundeck.core.authorization,BaseAuthorization,getDescription,0,1,0,59,0
rundeck,com.dtolabs.rundeck.core.authorization,BaseAuthorization,getResultCode,0,1,0,61,0
rundeck,com.dtolabs.rundeck.core.authorization,BaseAuthorization,isAuthorized,0,1,0,63,0
rundeck,com.dtolabs.rundeck.core.authorization,BaseAuthorization,BaseAuthorizationDecision,6,1,4,72,0
rundeck,com.dtolabs.rundeck.core.authorization,BaseAuthorization,isAuthorized,3,1,0,81,0
rundeck,com.dtolabs.rundeck.core.authorization,BaseAuthorization,getResource,3,1,0,86,0
rundeck,com.dtolabs.rundeck.core.authorization,BaseAuthorization,getAction,3,1,0,91,0
rundeck,com.dtolabs.rundeck.core.authorization,BaseAuthorization,getEnvironment,3,1,0,96,0
rundeck,com.dtolabs.rundeck.core.authorization,BaseAuthorization,getSubject,3,1,0,101,0
rundeck,com.dtolabs.rundeck.core.authorization,BaseAuthorization,explain,3,1,0,105,0
rundeck,com.dtolabs.rundeck.core.authorization,BaseAuthorization,evaluationDuration,3,1,0,109,0
rundeck,com.dtolabs.rundeck.core.authorization,BaseAuthorization,toString,41,7,0,113,0
rundeck,com.dtolabs.rundeck.core.authorization,BaseAuthorization,BaseAuthorization,4,1,2,162,0
rundeck,com.dtolabs.rundeck.core.authorization,BaseAuthorization,getMatchedRoles,3,1,0,174,0
rundeck,com.dtolabs.rundeck.core.authorization,BaseAuthorization,listMatchedRoles,3,1,0,179,0
rundeck,com.dtolabs.rundeck.core.authorization,BaseAuthorization,authorizeScript,3,1,3,184,0
rundeck,com.dtolabs.rundeck.core.authorization,BaseAuthorization,evaluate,8,1,4,190,0
rundeck,com.dtolabs.rundeck.core.authorization,BaseAuthorization,evaluate,15,4,4,205,0
rundeck,com.dtolabs.rundeck.core.authorization,BaseAuthorizationDecision,BaseAuthorizationDecision,6,1,4,72,0
rundeck,com.dtolabs.rundeck.core.authorization,BaseAuthorizationDecision,isAuthorized,3,1,0,81,0
rundeck,com.dtolabs.rundeck.core.authorization,BaseAuthorizationDecision,getResource,3,1,0,86,0
rundeck,com.dtolabs.rundeck.core.authorization,BaseAuthorizationDecision,getAction,3,1,0,91,0
rundeck,com.dtolabs.rundeck.core.authorization,BaseAuthorizationDecision,getEnvironment,3,1,0,96,0
rundeck,com.dtolabs.rundeck.core.authorization,BaseAuthorizationDecision,getSubject,3,1,0,101,0
rundeck,com.dtolabs.rundeck.core.authorization,BaseAuthorizationDecision,explain,3,1,0,105,0
rundeck,com.dtolabs.rundeck.core.authorization,BaseAuthorizationDecision,evaluationDuration,3,1,0,109,0
rundeck,com.dtolabs.rundeck.core.authorization,BaseAuthorizationDecision,toString,41,7,0,113,0
rundeck,com.dtolabs.rundeck.core.authorization,Authorization,evaluate,0,1,4,31,0
rundeck,com.dtolabs.rundeck.core.authorization,Authorization,evaluate,0,1,4,52,0
rundeck,com.dtolabs.rundeck.core.authorization,NoAuthorization,NoAuthorization,3,1,2,34,0
rundeck,com.dtolabs.rundeck.core.authorization,NoAuthorization,getLogger,3,1,0,38,0
rundeck,com.dtolabs.rundeck.core.authorization,NoAuthorization,getDescription,3,1,0,43,0
rundeck,com.dtolabs.rundeck.core.authorization,NoAuthorization,getResultCode,3,1,0,48,0
rundeck,com.dtolabs.rundeck.core.authorization,NoAuthorization,isAuthorized,3,1,0,53,0
rundeck,com.dtolabs.rundeck.core.authorization,NoAuthorization,create,3,1,2,58,0
rundeck,com.dtolabs.rundeck.core.authorization,Explanation,getCode,0,1,0,45,0
rundeck,com.dtolabs.rundeck.core.authorization,Explanation,describe,0,1,1,47,0
rundeck,com.dtolabs.rundeck.core.authorization,AuthorizationMgrFactory,AuthorizationMgrFactory,3,1,3,32,0
rundeck,com.dtolabs.rundeck.core.authorization,AuthorizationMgrFactory,create,3,1,3,36,0
rundeck,com.dtolabs.rundeck.core.authorization,AuthorizationMgrFactory,getAuthorizationMgr,3,1,0,40,0
rundeck,com.dtolabs.rundeck.core.authorization,AuthorizationMgrFactory,createAuthorization,30,3,3,44,0
rundeck,com.dtolabs.rundeck.core.authorization,JndiAuthorization,JndiAuthorization,3,1,2,46,0
rundeck,com.dtolabs.rundeck.core.authorization,JndiAuthorization,JndiAuthorization,14,1,3,58,0
rundeck,com.dtolabs.rundeck.core.authorization,JndiAuthorization,determineUserRoles,12,1,1,92,0
rundeck,com.dtolabs.rundeck.core.authorization,JndiAuthorization,toString,3,1,0,105,0
rundeck,com.dtolabs.rundeck.core.authorization,DenyAuthorization,DenyAuthorization,3,1,2,31,0
rundeck,com.dtolabs.rundeck.core.authorization,DenyAuthorization,getLogger,3,1,0,35,0
rundeck,com.dtolabs.rundeck.core.authorization,DenyAuthorization,getDescription,3,1,0,40,0
rundeck,com.dtolabs.rundeck.core.authorization,DenyAuthorization,getResultCode,3,1,0,45,0
rundeck,com.dtolabs.rundeck.core.authorization,DenyAuthorization,isAuthorized,3,1,0,50,0
rundeck,com.dtolabs.rundeck.core.authorization,DenyAuthorization,create,3,1,2,55,0
rundeck,com.dtolabs.rundeck.core.authorization,TestPolicies,setUp,3,1,0,39,0
rundeck,com.dtolabs.rundeck.core.authorization,TestPolicies,testPoliciesStructural,3,1,0,44,0
rundeck,com.dtolabs.rundeck.core.authorization,TestPolicies,testSelectOnPrincipal,26,1,0,48,0
rundeck,com.dtolabs.rundeck.core.authorization,TestPolicies,testListAllRoles,5,1,0,82,0
rundeck,com.dtolabs.rundeck.core.authorization,TestSAREAuthorization,setUp,5,1,0,49,0
rundeck,com.dtolabs.rundeck.core.authorization,TestSAREAuthorization,tearDown,3,1,0,56,0
rundeck,com.dtolabs.rundeck.core.authorization,TestSAREAuthorization,testInvalidParameters,12,1,0,60,0
rundeck,com.dtolabs.rundeck.core.authorization,TestSAREAuthorization,testAdminModulePrivileges,9,1,0,70,0
rundeck,com.dtolabs.rundeck.core.authorization,TestSAREAuthorization,testXML,8,1,0,86,0
rundeck,com.dtolabs.rundeck.core.authorization,TestSAREAuthorization,testXML1Validation,3,1,0,96,0
rundeck,com.dtolabs.rundeck.core.authorization,TestSAREAuthorization,testNoModuleAccess,3,1,0,104,0
rundeck,com.dtolabs.rundeck.core.authorization,TestSAREAuthorization,testNoScriptAccess,6,1,0,113,0
rundeck,com.dtolabs.rundeck.core.authorization,TestSAREAuthorization,testInvalidInput,19,1,0,135,0
rundeck,com.dtolabs.rundeck.core.authorization,TestSAREAuthorization,testActionAuthorizationYml,15,1,0,163,0
rundeck,com.dtolabs.rundeck.core.authorization,TestSAREAuthorization,testActionAuthorizationMultifile,19,1,0,190,0
rundeck,com.dtolabs.rundeck.core.authorization,TestSAREAuthorization,testActionAuthorizationYmlInvalid,11,1,0,220,0
rundeck,com.dtolabs.rundeck.core.authorization,TestSAREAuthorization,testActionAuthorizationYmlNoMatchIssue,10,1,0,238,0
rundeck,com.dtolabs.rundeck.core.authorization,TestSAREAuthorization,testActionAuthorization,32,3,0,251,0
rundeck,com.dtolabs.rundeck.core.authorization,TestSAREAuthorization,off_testProjectEnvironment,8,1,0,304,0
rundeck,com.dtolabs.rundeck.core.authorization,TestSAREAuthorization,off_testTimeOfDay,7,1,0,319,0
rundeck,com.dtolabs.rundeck.core.authorization,TestSAREAuthorization,off_testNodeTarget,7,1,0,329,0
rundeck,com.dtolabs.rundeck.core.authorization,TestSAREAuthorization,createJobResource,7,1,2,341,0
rundeck,com.dtolabs.rundeck.core.authorization,TestSAREAuthorization,declareModule,6,1,2,355,0
rundeck,com.dtolabs.rundeck.core.authorization,TestSAREAuthorization,createSubject,14,5,2,366,0
rundeck,com.dtolabs.rundeck.core.authorization,TestNoAuthorization,TestNoAuthorization,3,1,1,31,0
rundeck,com.dtolabs.rundeck.core.authorization,TestNoAuthorization,main,3,1,1,35,0
rundeck,com.dtolabs.rundeck.core.authorization,TestNoAuthorization,suite,3,1,0,39,0
rundeck,com.dtolabs.rundeck.core.authorization,TestNoAuthorization,testConstructor,4,1,0,43,0
rundeck,com.dtolabs.rundeck.core.authorization,TestNoAuthorization,testListMatchedRoles,4,1,0,47,0
rundeck,com.dtolabs.rundeck.core.authorization,TestNoAuthorization,testGetMatchedRoles,4,1,0,52,0
rundeck,com.dtolabs.rundeck.core.authorization,TestNoAuthorization,testAuthorize,4,1,0,57,0
rundeck,com.dtolabs.rundeck.core.authorization.providers,PolicyCollection,groupNames,0,1,0,13,0
rundeck,com.dtolabs.rundeck.core.authorization.providers,PolicyCollection,countPolicies,0,1,0,20,0
rundeck,com.dtolabs.rundeck.core.authorization.providers,PolicyCollection,matchedContexts,0,1,2,22,0
rundeck,com.dtolabs.rundeck.core.authorization.providers,Policy,getContext,0,1,0,39,0
rundeck,com.dtolabs.rundeck.core.authorization.providers,Policy,getUsernames,0,1,0,46,0
rundeck,com.dtolabs.rundeck.core.authorization.providers,Policy,getGroups,0,1,0,57,0
rundeck,com.dtolabs.rundeck.core.authorization.providers,Policy,getEnvironment,0,1,0,69,0
rundeck,com.dtolabs.rundeck.core.authorization.providers,PoliciesYaml,PoliciesYaml,18,3,1,32,0
rundeck,com.dtolabs.rundeck.core.authorization.providers,PoliciesYaml,groupNames,9,3,0,50,0
rundeck,com.dtolabs.rundeck.core.authorization.providers,PoliciesYaml,countPolicies,3,1,0,60,0
rundeck,com.dtolabs.rundeck.core.authorization.providers,PoliciesYaml,matchedContexts,3,1,2,64,0
rundeck,com.dtolabs.rundeck.core.authorization.providers,PoliciesYaml,policyMatcher,66,15,4,70,0
rundeck,com.dtolabs.rundeck.core.authorization.providers,PoliciesCache,accept,3,1,2,48,0
rundeck,com.dtolabs.rundeck.core.authorization.providers,PoliciesCache,PoliciesCache,7,1,1,59,0
rundeck,com.dtolabs.rundeck.core.authorization.providers,PoliciesCache,listDirFiles,3,1,0,67,0
rundeck,com.dtolabs.rundeck.core.authorization.providers,PoliciesCache,add,3,1,1,71,0
rundeck,com.dtolabs.rundeck.core.authorization.providers,PoliciesCache,createEntry,20,2,1,75,0
rundeck,com.dtolabs.rundeck.core.authorization.providers,PoliciesCache,getDocument,21,4,1,94,0
rundeck,com.dtolabs.rundeck.core.authorization.providers,PoliciesCache,iterator,4,1,0,115,0
rundeck,com.dtolabs.rundeck.core.authorization.providers,PoliciesCache,cacheIterator,5,1,1,129,0
rundeck,com.dtolabs.rundeck.core.authorization.providers,PoliciesCache,loadNextDocument,12,2,0,135,0
rundeck,com.dtolabs.rundeck.core.authorization.providers,PoliciesCache,getNextFile,5,1,0,148,0
rundeck,com.dtolabs.rundeck.core.authorization.providers,PoliciesCache,getNextDocument,6,1,0,154,0
rundeck,com.dtolabs.rundeck.core.authorization.providers,PoliciesCache,hasNextFile,3,1,0,161,0
rundeck,com.dtolabs.rundeck.core.authorization.providers,PoliciesCache,hasNext,3,1,0,165,0
rundeck,com.dtolabs.rundeck.core.authorization.providers,PoliciesCache,next,3,1,0,169,0
rundeck,com.dtolabs.rundeck.core.authorization.providers,PoliciesCache,remove,2,1,0,173,0
rundeck,com.dtolabs.rundeck.core.authorization.providers,cacheIterator,cacheIterator,5,1,1,129,0
rundeck,com.dtolabs.rundeck.core.authorization.providers,cacheIterator,loadNextDocument,12,2,0,135,0
rundeck,com.dtolabs.rundeck.core.authorization.providers,cacheIterator,getNextFile,5,1,0,148,0
rundeck,com.dtolabs.rundeck.core.authorization.providers,cacheIterator,getNextDocument,6,1,0,154,0
rundeck,com.dtolabs.rundeck.core.authorization.providers,cacheIterator,hasNextFile,3,1,0,161,0
rundeck,com.dtolabs.rundeck.core.authorization.providers,cacheIterator,hasNext,3,1,0,165,0
rundeck,com.dtolabs.rundeck.core.authorization.providers,cacheIterator,next,3,1,0,169,0
rundeck,com.dtolabs.rundeck.core.authorization.providers,cacheIterator,remove,2,1,0,173,0
rundeck,com.dtolabs.rundeck.core.authorization.providers,Policies,Policies,3,1,1,39,0
rundeck,com.dtolabs.rundeck.core.authorization.providers,Policies,count,11,2,0,43,0
rundeck,com.dtolabs.rundeck.core.authorization.providers,Policies,load,10,1,1,56,0
rundeck,com.dtolabs.rundeck.core.authorization.providers,Policies,narrowContext,12,2,2,77,0
rundeck,com.dtolabs.rundeck.core.authorization.providers,Policies,toString,14,3,0,92,0
rundeck,com.dtolabs.rundeck.core.authorization.providers,Policies,listAllRoles,12,2,0,109,0
rundeck,com.dtolabs.rundeck.core.authorization.providers,SAREAuthorization,SAREAuthorization,4,1,1,51,0
rundeck,com.dtolabs.rundeck.core.authorization.providers,SAREAuthorization,SAREAuthorization,3,1,0,64,0
rundeck,com.dtolabs.rundeck.core.authorization.providers,SAREAuthorization,internalEvaluate,54,14,4,74,0
rundeck,com.dtolabs.rundeck.core.authorization.providers,SAREAuthorization,evaluate,7,1,4,151,0
rundeck,com.dtolabs.rundeck.core.authorization.providers,SAREAuthorization,evaluate,12,3,4,165,0
rundeck,com.dtolabs.rundeck.core.authorization.providers,SAREAuthorization,authorize,14,1,8,182,0
rundeck,com.dtolabs.rundeck.core.authorization.providers,SAREAuthorization,getCode,3,1,0,187,0
rundeck,com.dtolabs.rundeck.core.authorization.providers,SAREAuthorization,describe,3,1,1,191,0
rundeck,com.dtolabs.rundeck.core.authorization.providers,SAREAuthorization,toString,3,1,0,195,0
rundeck,com.dtolabs.rundeck.core.authorization.providers,SAREAuthorization,createAuthorize,71,8,7,201,0
rundeck,com.dtolabs.rundeck.core.authorization.providers,SAREAuthorization,isAuthorized,3,1,0,207,0
rundeck,com.dtolabs.rundeck.core.authorization.providers,SAREAuthorization,getResource,3,1,0,208,0
rundeck,com.dtolabs.rundeck.core.authorization.providers,SAREAuthorization,getAction,3,1,0,209,0
rundeck,com.dtolabs.rundeck.core.authorization.providers,SAREAuthorization,getEnvironment,3,1,0,210,0
rundeck,com.dtolabs.rundeck.core.authorization.providers,SAREAuthorization,getSubject,3,1,0,211,0
rundeck,com.dtolabs.rundeck.core.authorization.providers,SAREAuthorization,toString,44,8,0,212,0
rundeck,com.dtolabs.rundeck.core.authorization.providers,SAREAuthorization,explain,3,1,0,260,0
rundeck,com.dtolabs.rundeck.core.authorization.providers,SAREAuthorization,evaluationDuration,3,1,0,263,0
rundeck,com.dtolabs.rundeck.core.authorization.providers,SAREAuthorization,toString,3,1,0,269,0
rundeck,com.dtolabs.rundeck.core.authorization.providers,SAREAuthorization,hackMeSomeRoles,3,1,0,274,0
rundeck,com.dtolabs.rundeck.core.authorization.providers,AclContext,includes,0,1,2,8,0
rundeck,com.dtolabs.rundeck.core.authorization.providers,EnvironmentalContext,matches,0,1,1,41,0
rundeck,com.dtolabs.rundeck.core.authorization.providers,EnvironmentalContext,isValid,0,1,0,45,0
rundeck,com.dtolabs.rundeck.core.authorization.providers,PolicyNode,PolicyNode,4,1,1,48,0
rundeck,com.dtolabs.rundeck.core.authorization.providers,PolicyNode,getUsernames,3,1,0,53,0
rundeck,com.dtolabs.rundeck.core.authorization.providers,PolicyNode,init,4,1,0,57,0
rundeck,com.dtolabs.rundeck.core.authorization.providers,PolicyNode,initGroups,22,4,0,62,0
rundeck,com.dtolabs.rundeck.core.authorization.providers,PolicyNode,initUsernames,8,2,0,85,0
rundeck,com.dtolabs.rundeck.core.authorization.providers,PolicyNode,getContext,3,1,0,97,0
rundeck,com.dtolabs.rundeck.core.authorization.providers,PolicyNode,getEnvironment,11,1,0,101,0
rundeck,com.dtolabs.rundeck.core.authorization.providers,PolicyNode,isValid,3,1,0,104,0
rundeck,com.dtolabs.rundeck.core.authorization.providers,PolicyNode,matches,3,1,1,108,0
rundeck,com.dtolabs.rundeck.core.authorization.providers,PolicyNode,getGroups,3,1,0,114,0
rundeck,com.dtolabs.rundeck.core.authorization.providers,ContextEvaluation,ContextEvaluation,4,1,2,6,0
rundeck,com.dtolabs.rundeck.core.authorization.providers,ContextEvaluation,toString,3,1,0,13,0
rundeck,com.dtolabs.rundeck.core.authorization.providers,InvalidCollection,InvalidCollection,2,1,0,12,0
rundeck,com.dtolabs.rundeck.core.authorization.providers,InvalidCollection,InvalidCollection,3,1,1,19,0
rundeck,com.dtolabs.rundeck.core.authorization.providers,InvalidCollection,InvalidCollection,3,1,1,27,0
rundeck,com.dtolabs.rundeck.core.authorization.providers,InvalidCollection,InvalidCollection,3,1,2,35,0
rundeck,com.dtolabs.rundeck.core.authorization.providers,PoliciesDocument,getPrefixes,3,1,1,72,0
rundeck,com.dtolabs.rundeck.core.authorization.providers,PoliciesDocument,getPrefix,3,1,1,77,0
rundeck,com.dtolabs.rundeck.core.authorization.providers,PoliciesDocument,getNamespaceURI,11,3,1,81,0
rundeck,com.dtolabs.rundeck.core.authorization.providers,PoliciesDocument,PoliciesDocument,4,1,2,103,0
rundeck,com.dtolabs.rundeck.core.authorization.providers,PoliciesDocument,groupNames,21,4,0,108,0
rundeck,com.dtolabs.rundeck.core.authorization.providers,PoliciesDocument,countPolicies,13,2,0,132,0
rundeck,com.dtolabs.rundeck.core.authorization.providers,PoliciesDocument,listPolicies,12,3,0,148,0
rundeck,com.dtolabs.rundeck.core.authorization.providers,PoliciesDocument,matchedContexts,8,1,2,163,0
rundeck,com.dtolabs.rundeck.core.authorization.providers,PoliciesDocument,policyMatcher,45,9,2,175,0
rundeck,com.dtolabs.rundeck.core.authorization.providers,PoliciesDocument,toString,3,1,0,248,0
rundeck,com.dtolabs.rundeck.core.authorization.providers,PoliciesDocument,Context,4,1,1,256,0
rundeck,com.dtolabs.rundeck.core.authorization.providers,PoliciesDocument,includes,79,18,2,267,0
rundeck,com.dtolabs.rundeck.core.authorization.providers,PoliciesDocument,generatePolicyName,5,1,1,378,0
rundeck,com.dtolabs.rundeck.core.authorization.providers,PoliciesDocument,generateJobName,16,3,2,384,0
rundeck,com.dtolabs.rundeck.core.authorization.providers,PoliciesDocument,buildNodeString,15,3,2,403,0
rundeck,com.dtolabs.rundeck.core.authorization.providers,PoliciesDocument,toString,3,1,0,426,0
rundeck,com.dtolabs.rundeck.core.authorization.providers,Context,Context,4,1,1,256,0
rundeck,com.dtolabs.rundeck.core.authorization.providers,Context,includes,79,18,2,267,0
rundeck,com.dtolabs.rundeck.core.authorization.providers,Context,generatePolicyName,5,1,1,378,0
rundeck,com.dtolabs.rundeck.core.authorization.providers,Context,generateJobName,16,3,2,384,0
rundeck,com.dtolabs.rundeck.core.authorization.providers,Context,buildNodeString,15,3,2,403,0
rundeck,com.dtolabs.rundeck.core.authorization.providers,Context,toString,3,1,0,426,0
rundeck,com.dtolabs.rundeck.core.authorization.providers,YamlPolicy,YamlPolicy,7,1,3,67,0
rundeck,com.dtolabs.rundeck.core.authorization.providers,YamlPolicy,YamlPolicy,3,1,1,75,0
rundeck,com.dtolabs.rundeck.core.authorization.providers,YamlPolicy,identify,3,1,0,78,0
rundeck,com.dtolabs.rundeck.core.authorization.providers,YamlPolicy,getUsernames,3,1,0,84,0
rundeck,com.dtolabs.rundeck.core.authorization.providers,YamlPolicy,getEnvironment,13,3,0,91,0
rundeck,com.dtolabs.rundeck.core.authorization.providers,YamlPolicy,YamlEnvironmentalContext,42,7,2,110,0
rundeck,com.dtolabs.rundeck.core.authorization.providers,YamlPolicy,matches,27,6,1,152,0
rundeck,com.dtolabs.rundeck.core.authorization.providers,YamlPolicy,isValid,3,1,0,180,0
rundeck,com.dtolabs.rundeck.core.authorization.providers,YamlPolicy,toString,3,1,0,184,0
rundeck,com.dtolabs.rundeck.core.authorization.providers,YamlPolicy,getValidation,3,1,0,197,0
rundeck,com.dtolabs.rundeck.core.authorization.providers,YamlPolicy,getGroups,3,1,0,202,0
rundeck,com.dtolabs.rundeck.core.authorization.providers,YamlPolicy,getContext,3,1,0,206,0
rundeck,com.dtolabs.rundeck.core.authorization.providers,YamlPolicy,createAclContext,13,1,0,211,0
rundeck,com.dtolabs.rundeck.core.authorization.providers,YamlPolicy,createAclContext,3,1,1,213,0
rundeck,com.dtolabs.rundeck.core.authorization.providers,YamlPolicy,createLegacyContext,3,1,1,217,0
rundeck,com.dtolabs.rundeck.core.authorization.providers,YamlPolicy,createLegacyContext,0,1,1,225,0
rundeck,com.dtolabs.rundeck.core.authorization.providers,YamlPolicy,createAclContext,0,1,1,229,0
rundeck,com.dtolabs.rundeck.core.authorization.providers,YamlPolicy,createTypeRules,10,2,1,233,0
rundeck,com.dtolabs.rundeck.core.authorization.providers,YamlPolicy,createTypeRuleContext,3,1,2,244,0
rundeck,com.dtolabs.rundeck.core.authorization.providers,YamlPolicy,createLegacyJobResourcePath,3,1,1,251,0
rundeck,com.dtolabs.rundeck.core.authorization.providers,YamlPolicy,parseByClause,36,13,0,256,0
rundeck,com.dtolabs.rundeck.core.authorization.providers,YamlPolicy,toString,9,2,0,298,0
rundeck,com.dtolabs.rundeck.core.authorization.providers,YamlPolicy,TypeContext,3,1,1,317,0
rundeck,com.dtolabs.rundeck.core.authorization.providers,YamlPolicy,includes,30,8,2,321,0
rundeck,com.dtolabs.rundeck.core.authorization.providers,YamlPolicy,MatchedContext,3,1,2,361,0
rundeck,com.dtolabs.rundeck.core.authorization.providers,YamlPolicy,isMatched,3,1,0,365,0
rundeck,com.dtolabs.rundeck.core.authorization.providers,YamlPolicy,getDecision,3,1,0,372,0
rundeck,com.dtolabs.rundeck.core.authorization.providers,YamlPolicy,includes,0,1,2,381,0
rundeck,com.dtolabs.rundeck.core.authorization.providers,YamlPolicy,TypeRuleContextMatcher,3,1,2,415,0
rundeck,com.dtolabs.rundeck.core.authorization.providers,YamlPolicy,TypeRuleContextMatcher,5,1,3,418,0
rundeck,com.dtolabs.rundeck.core.authorization.providers,YamlPolicy,toString,3,1,0,424,0
rundeck,com.dtolabs.rundeck.core.authorization.providers,YamlPolicy,identify,3,1,0,429,0
rundeck,com.dtolabs.rundeck.core.authorization.providers,YamlPolicy,patternForRegex,15,3,1,435,0
rundeck,com.dtolabs.rundeck.core.authorization.providers,YamlPolicy,includes,7,2,2,452,0
rundeck,com.dtolabs.rundeck.core.authorization.providers,YamlPolicy,evaluateActions,55,13,2,461,0
rundeck,com.dtolabs.rundeck.core.authorization.providers,YamlPolicy,matchesRuleSections,32,7,2,517,0
rundeck,com.dtolabs.rundeck.core.authorization.providers,YamlPolicy,ruleMatchesContainsSection,9,1,2,558,0
rundeck,com.dtolabs.rundeck.core.authorization.providers,YamlPolicy,convert,3,1,1,561,0
rundeck,com.dtolabs.rundeck.core.authorization.providers,YamlPolicy,ruleMatchesEqualsSection,9,1,2,567,0
rundeck,com.dtolabs.rundeck.core.authorization.providers,YamlPolicy,convert,3,1,1,570,0
rundeck,com.dtolabs.rundeck.core.authorization.providers,YamlPolicy,ruleMatchesMatchSection,9,1,2,576,0
rundeck,com.dtolabs.rundeck.core.authorization.providers,YamlPolicy,convert,3,1,1,579,0
rundeck,com.dtolabs.rundeck.core.authorization.providers,YamlPolicy,predicateMatchRules,12,3,4,586,0
rundeck,com.dtolabs.rundeck.core.authorization.providers,YamlPolicy,applyTest,17,4,5,611,0
rundeck,com.dtolabs.rundeck.core.authorization.providers,YamlPolicy,RegexPredicate,3,1,1,651,0
rundeck,com.dtolabs.rundeck.core.authorization.providers,YamlPolicy,evaluate,3,1,1,655,0
rundeck,com.dtolabs.rundeck.core.authorization.providers,YamlPolicy,SetContainsPredicate,11,3,1,668,0
rundeck,com.dtolabs.rundeck.core.authorization.providers,YamlPolicy,evaluate,22,5,1,679,0
rundeck,com.dtolabs.rundeck.core.authorization.providers,YamlPolicy,LegacyRulesContext,3,1,1,710,0
rundeck,com.dtolabs.rundeck.core.authorization.providers,YamlPolicy,regexMatches,8,2,2,714,0
rundeck,com.dtolabs.rundeck.core.authorization.providers,YamlPolicy,includes,43,10,2,723,0
rundeck,com.dtolabs.rundeck.core.authorization.providers,YamlPolicy,YamlAclContext,5,1,3,791,0
rundeck,com.dtolabs.rundeck.core.authorization.providers,YamlPolicy,toString,3,1,0,798,0
rundeck,com.dtolabs.rundeck.core.authorization.providers,YamlPolicy,createTypeContext,3,1,1,802,0
rundeck,com.dtolabs.rundeck.core.authorization.providers,YamlPolicy,createLegacyContext,3,1,1,806,0
rundeck,com.dtolabs.rundeck.core.authorization.providers,YamlPolicy,includes,38,7,2,811,0
rundeck,com.dtolabs.rundeck.core.authorization.providers,YamlEnvironmentalContext,YamlEnvironmentalContext,42,7,2,110,0
rundeck,com.dtolabs.rundeck.core.authorization.providers,YamlEnvironmentalContext,matches,27,6,1,152,0
rundeck,com.dtolabs.rundeck.core.authorization.providers,YamlEnvironmentalContext,isValid,3,1,0,180,0
rundeck,com.dtolabs.rundeck.core.authorization.providers,YamlEnvironmentalContext,toString,3,1,0,184,0
rundeck,com.dtolabs.rundeck.core.authorization.providers,YamlEnvironmentalContext,getValidation,3,1,0,197,0
rundeck,com.dtolabs.rundeck.core.authorization.providers,LegacyContextFactory,createLegacyContext,0,1,1,225,0
rundeck,com.dtolabs.rundeck.core.authorization.providers,TypeContextFactory,createAclContext,0,1,1,229,0
rundeck,com.dtolabs.rundeck.core.authorization.providers,TypeContext,TypeContext,3,1,1,317,0
rundeck,com.dtolabs.rundeck.core.authorization.providers,TypeContext,includes,30,8,2,321,0
rundeck,com.dtolabs.rundeck.core.authorization.providers,MatchedContext,MatchedContext,3,1,2,361,0
rundeck,com.dtolabs.rundeck.core.authorization.providers,MatchedContext,isMatched,3,1,0,365,0
rundeck,com.dtolabs.rundeck.core.authorization.providers,MatchedContext,getDecision,3,1,0,372,0
rundeck,com.dtolabs.rundeck.core.authorization.providers,ContextMatcher,includes,0,1,2,381,0
rundeck,com.dtolabs.rundeck.core.authorization.providers,TypeRuleContextMatcher,TypeRuleContextMatcher,3,1,2,415,0
rundeck,com.dtolabs.rundeck.core.authorization.providers,TypeRuleContextMatcher,TypeRuleContextMatcher,5,1,3,418,0
rundeck,com.dtolabs.rundeck.core.authorization.providers,TypeRuleContextMatcher,toString,3,1,0,424,0
rundeck,com.dtolabs.rundeck.core.authorization.providers,TypeRuleContextMatcher,identify,3,1,0,429,0
rundeck,com.dtolabs.rundeck.core.authorization.providers,TypeRuleContextMatcher,patternForRegex,15,3,1,435,0
rundeck,com.dtolabs.rundeck.core.authorization.providers,TypeRuleContextMatcher,includes,7,2,2,452,0
rundeck,com.dtolabs.rundeck.core.authorization.providers,TypeRuleContextMatcher,evaluateActions,55,13,2,461,0
rundeck,com.dtolabs.rundeck.core.authorization.providers,TypeRuleContextMatcher,matchesRuleSections,32,7,2,517,0
rundeck,com.dtolabs.rundeck.core.authorization.providers,TypeRuleContextMatcher,ruleMatchesContainsSection,9,1,2,558,0
rundeck,com.dtolabs.rundeck.core.authorization.providers,TypeRuleContextMatcher,convert,3,1,1,561,0
rundeck,com.dtolabs.rundeck.core.authorization.providers,TypeRuleContextMatcher,ruleMatchesEqualsSection,9,1,2,567,0
rundeck,com.dtolabs.rundeck.core.authorization.providers,TypeRuleContextMatcher,convert,3,1,1,570,0
rundeck,com.dtolabs.rundeck.core.authorization.providers,TypeRuleContextMatcher,ruleMatchesMatchSection,9,1,2,576,0
rundeck,com.dtolabs.rundeck.core.authorization.providers,TypeRuleContextMatcher,convert,3,1,1,579,0
rundeck,com.dtolabs.rundeck.core.authorization.providers,TypeRuleContextMatcher,predicateMatchRules,12,3,4,586,0
rundeck,com.dtolabs.rundeck.core.authorization.providers,TypeRuleContextMatcher,applyTest,17,4,5,611,0
rundeck,com.dtolabs.rundeck.core.authorization.providers,RegexPredicate,RegexPredicate,3,1,1,651,0
rundeck,com.dtolabs.rundeck.core.authorization.providers,RegexPredicate,evaluate,3,1,1,655,0
rundeck,com.dtolabs.rundeck.core.authorization.providers,SetContainsPredicate,SetContainsPredicate,11,3,1,668,0
rundeck,com.dtolabs.rundeck.core.authorization.providers,SetContainsPredicate,evaluate,22,5,1,679,0
rundeck,com.dtolabs.rundeck.core.authorization.providers,LegacyRulesContext,LegacyRulesContext,3,1,1,710,0
rundeck,com.dtolabs.rundeck.core.authorization.providers,LegacyRulesContext,regexMatches,8,2,2,714,0
rundeck,com.dtolabs.rundeck.core.authorization.providers,LegacyRulesContext,includes,43,10,2,723,0
rundeck,com.dtolabs.rundeck.core.authorization.providers,YamlAclContext,YamlAclContext,5,1,3,791,0
rundeck,com.dtolabs.rundeck.core.authorization.providers,YamlAclContext,toString,3,1,0,798,0
rundeck,com.dtolabs.rundeck.core.authorization.providers,YamlAclContext,createTypeContext,3,1,1,802,0
rundeck,com.dtolabs.rundeck.core.authorization.providers,YamlAclContext,createLegacyContext,3,1,1,806,0
rundeck,com.dtolabs.rundeck.core.authorization.providers,YamlAclContext,includes,38,7,2,811,0
rundeck,com.dtolabs.rundeck.core.authorization.providers,PoliciesParseException,PoliciesParseException,2,1,0,28,0
rundeck,com.dtolabs.rundeck.core.authorization.providers,PoliciesParseException,PoliciesParseException,3,1,1,35,0
rundeck,com.dtolabs.rundeck.core.authorization.providers,PoliciesParseException,PoliciesParseException,3,1,1,43,0
rundeck,com.dtolabs.rundeck.core.authorization.providers,PoliciesParseException,PoliciesParseException,3,1,2,51,0
rundeck,com.dtolabs.rundeck.core.authorization.providers,ContextDecision,ContextDecision,5,1,3,21,0
rundeck,com.dtolabs.rundeck.core.authorization.providers,ContextDecision,ContextDecision,3,1,2,34,0
rundeck,com.dtolabs.rundeck.core.authorization.providers,ContextDecision,granted,3,1,0,38,0
rundeck,com.dtolabs.rundeck.core.authorization.providers,ContextDecision,getCode,3,1,0,42,0
rundeck,com.dtolabs.rundeck.core.authorization.providers,ContextDecision,describe,3,1,1,46,0
rundeck,com.dtolabs.rundeck.core.authorization.providers,ContextDecision,toString,16,3,0,50,0
rundeck,com.dtolabs.rundeck.core.authorization.providers,ContextDecision,getEvaluations,3,1,0,67,0
rundeck,com.dtolabs.rundeck.core.authorization.providers,TestYamlPolicy,setUp,6,1,0,51,0
rundeck,com.dtolabs.rundeck.core.authorization.providers,TestYamlPolicy,tearDown,2,1,0,58,0
rundeck,com.dtolabs.rundeck.core.authorization.providers,TestYamlPolicy,testYamlAclContext,142,1,0,62,0
rundeck,com.dtolabs.rundeck.core.authorization.providers,TestYamlPolicy,includes,3,1,2,189,0
rundeck,com.dtolabs.rundeck.core.authorization.providers,TestYamlPolicy,includes,3,1,2,218,0
rundeck,com.dtolabs.rundeck.core.authorization.providers,TestYamlPolicy,includes,3,1,2,225,0
rundeck,com.dtolabs.rundeck.core.authorization.providers,TestYamlPolicy,testTypeContext,118,1,0,241,0
rundeck,com.dtolabs.rundeck.core.authorization.providers,TestYamlPolicy,createTestMatcher,3,1,3,409,0
rundeck,com.dtolabs.rundeck.core.authorization.providers,TestYamlPolicy,createTestMatcher,8,1,4,414,0
rundeck,com.dtolabs.rundeck.core.authorization.providers,TestYamlPolicy,includes,3,1,2,418,0
rundeck,com.dtolabs.rundeck.core.authorization.providers,TestYamlPolicy,testTypeRuleContextMatcherEvaluateActionsAllow,120,1,0,424,0
rundeck,com.dtolabs.rundeck.core.authorization.providers,TestYamlPolicy,testTypeRuleContextMatcherEvaluateActionsDeny,106,1,0,589,0
rundeck,com.dtolabs.rundeck.core.authorization.providers,TestYamlPolicy,testTypeRuleContextMatcherEvaluateActionsCombined,484,1,0,733,0
rundeck,com.dtolabs.rundeck.core.authorization.providers,TestYamlPolicy,testApplyTest,27,1,0,1381,0
rundeck,com.dtolabs.rundeck.core.authorization.providers,TestYamlPolicy,convert,3,1,1,1395,0
rundeck,com.dtolabs.rundeck.core.authorization.providers,TestYamlPolicy,testPredicateMatchRules,49,1,0,1420,0
rundeck,com.dtolabs.rundeck.core.authorization.providers,TestYamlPolicy,convert,3,1,1,1435,0
rundeck,com.dtolabs.rundeck.core.authorization.providers,TestYamlPolicy,testTypeRuleContextMatcherMatchRule,78,1,0,1491,0
rundeck,com.dtolabs.rundeck.core.authorization.providers,TestYamlPolicy,testTypeRuleContextMatcherEqualsRule,38,1,0,1614,0
rundeck,com.dtolabs.rundeck.core.authorization.providers,TestYamlPolicy,testTypeRuleContextMatcherContainsRule,76,1,0,1673,0
rundeck,com.dtolabs.rundeck.core.authorization.providers,TestYamlPolicy,testTypeRuleContextMatcher,88,1,0,1777,0
rundeck,com.dtolabs.rundeck.core.authorization.providers,TestYamlPolicy,testRegexPredicate,9,1,0,1912,0
rundeck,com.dtolabs.rundeck.core.authorization.providers,TestYamlPolicy,testSetContainsPredicate,38,1,0,1924,0
rundeck,com.dtolabs.rundeck.core.authorization.providers,TestYamlPolicy,testYamlEnvironmentalContext,26,1,0,1965,0
rundeck,com.dtolabs.rundeck.core.authorization.providers,TestYamlPolicy,testYamlEnvironmentalContextMultiple,16,1,0,2006,0
rundeck,com.dtolabs.rundeck.core.authorization.providers,TestYamlPolicy,testYamlEnvironmentalContextInvalid,41,1,0,2026,0
rundeck,com.dtolabs.rundeck.core.authorization.providers,TestYamlPolicy,createLegacyContext,5,1,1,2082,0
rundeck,com.dtolabs.rundeck.core.authorization.providers,TestYamlPolicy,createAclContext,5,1,1,2094,0
rundeck,com.dtolabs.rundeck.core.authorization.providers,TestLegacyContextFactory,createLegacyContext,5,1,1,2082,0
rundeck,com.dtolabs.rundeck.core.authorization.providers,TestTypeContextFactory,createAclContext,5,1,1,2094,0
rundeck,com.dtolabs.rundeck.core.authorization.providers,TestPoliciesYaml,setUp,5,1,0,41,0
rundeck,com.dtolabs.rundeck.core.authorization.providers,TestPoliciesYaml,tearDown,2,1,0,48,0
rundeck,com.dtolabs.rundeck.core.authorization.providers,TestPoliciesYaml,testCountPolicies,4,1,0,52,0
rundeck,com.dtolabs.rundeck.core.authorization.providers,TestPoliciesYaml,testGroupNames,8,1,0,57,0
rundeck,com.dtolabs.rundeck.core.authorization.providers,TestPoliciesCache,TestPoliciesCache,3,1,1,39,0
rundeck,com.dtolabs.rundeck.core.authorization.providers,TestPoliciesCache,suite,3,1,0,43,0
rundeck,com.dtolabs.rundeck.core.authorization.providers,TestPoliciesCache,setUp,3,1,0,48,0
rundeck,com.dtolabs.rundeck.core.authorization.providers,TestPoliciesCache,tearDown,2,1,0,52,0
rundeck,com.dtolabs.rundeck.core.authorization.providers,TestPoliciesCache,main,3,1,1,55,0
rundeck,com.dtolabs.rundeck.core.authorization.providers,TestPoliciesCache,testIterator,12,2,0,60,0
rundeck,com.dtolabs.rundeck.core.authorization.providers,TestPoliciesDocument,TestPoliciesDocument,3,1,1,45,0
rundeck,com.dtolabs.rundeck.core.authorization.providers,TestPoliciesDocument,suite,3,1,0,49,0
rundeck,com.dtolabs.rundeck.core.authorization.providers,TestPoliciesDocument,setUp,8,1,0,53,0
rundeck,com.dtolabs.rundeck.core.authorization.providers,TestPoliciesDocument,tearDown,2,1,0,62,0
rundeck,com.dtolabs.rundeck.core.authorization.providers,TestPoliciesDocument,main,3,1,1,65,0
rundeck,com.dtolabs.rundeck.core.authorization.providers,TestPoliciesDocument,testPoliciesDocument,7,1,0,70,0
rundeck,com.dtolabs.rundeck.core.plugins,ScriptPluginProviderLoader,ScriptPluginProviderLoader,4,1,2,70,0
rundeck,com.dtolabs.rundeck.core.plugins,ScriptPluginProviderLoader,load,41,7,2,75,0
rundeck,com.dtolabs.rundeck.core.plugins,ScriptPluginProviderLoader,getPluginMeta,7,2,0,123,0
rundeck,com.dtolabs.rundeck.core.plugins,ScriptPluginProviderLoader,getPlugin,28,3,3,138,0
rundeck,com.dtolabs.rundeck.core.plugins,ScriptPluginProviderLoader,matchesProvider,3,1,2,170,0
rundeck,com.dtolabs.rundeck.core.plugins,ScriptPluginProviderLoader,isLoaderFor,19,4,1,177,0
rundeck,com.dtolabs.rundeck.core.plugins,ScriptPluginProviderLoader,listProviders,17,3,0,200,0
rundeck,com.dtolabs.rundeck.core.plugins,ScriptPluginProviderLoader,loadMeta,6,1,1,218,0
rundeck,com.dtolabs.rundeck.core.plugins,ScriptPluginProviderLoader,loadMeta,42,10,2,228,0
rundeck,com.dtolabs.rundeck.core.plugins,ScriptPluginProviderLoader,loadMetadataYaml,4,1,1,281,0
rundeck,com.dtolabs.rundeck.core.plugins,ScriptPluginProviderLoader,validatePluginMeta,29,6,2,290,0
rundeck,com.dtolabs.rundeck.core.plugins,ScriptPluginProviderLoader,expandScriptPlugin,17,5,1,322,0
rundeck,com.dtolabs.rundeck.core.plugins,ScriptPluginProviderLoader,removeScriptPluginCache,7,2,0,349,0
rundeck,com.dtolabs.rundeck.core.plugins,ScriptPluginProviderLoader,getFileBasename,3,1,0,360,0
rundeck,com.dtolabs.rundeck.core.plugins,ScriptPluginProviderLoader,basename,4,1,1,367,0
rundeck,com.dtolabs.rundeck.core.plugins,ScriptPluginProviderLoader,getFileCacheDir,3,1,0,375,0
rundeck,com.dtolabs.rundeck.core.plugins,ScriptPluginProviderLoader,validateProviderDef,11,3,1,383,0
rundeck,com.dtolabs.rundeck.core.plugins,ScriptPluginProviderLoader,validateScriptProviderDef,11,4,1,398,0
rundeck,com.dtolabs.rundeck.core.plugins,ScriptPluginProviderLoader,debug,5,2,1,427,0
rundeck,com.dtolabs.rundeck.core.plugins,ScriptPluginProviderLoader,expire,3,1,0,433,0
rundeck,com.dtolabs.rundeck.core.plugins,ScriptPluginProviderLoader,equals,16,5,1,440,0
rundeck,com.dtolabs.rundeck.core.plugins,ScriptPluginProviderLoader,hashCode,5,1,0,461,0
rundeck,com.dtolabs.rundeck.core.plugins,JarPluginScanner,accept,3,1,1,39,0
rundeck,com.dtolabs.rundeck.core.plugins,JarPluginScanner,JarPluginScanner,4,1,4,45,0
rundeck,com.dtolabs.rundeck.core.plugins,JarPluginScanner,isValidPluginFile,3,1,1,50,0
rundeck,com.dtolabs.rundeck.core.plugins,JarPluginScanner,getFileFilter,3,1,0,55,0
rundeck,com.dtolabs.rundeck.core.plugins,JarPluginScanner,createCacheItemForFile,3,1,1,60,0
rundeck,com.dtolabs.rundeck.core.plugins,JarPluginScanner,createLoader,6,2,1,64,0
rundeck,com.dtolabs.rundeck.core.plugins,ServiceProviderLoader,loadProvider,0,1,2,36,0
rundeck,com.dtolabs.rundeck.core.plugins,ServiceProviderLoader,listProviders,0,1,0,49,0
rundeck,com.dtolabs.rundeck.core.plugins,PluginServiceProviderCreator,load,0,1,1,32,0
rundeck,com.dtolabs.rundeck.core.plugins,FilePluginCache,cacheItem,3,1,2,49,0
rundeck,com.dtolabs.rundeck.core.plugins,FilePluginCache,FilePluginCache,4,1,1,68,0
rundeck,com.dtolabs.rundeck.core.plugins,FilePluginCache,addScanner,3,1,1,73,0
rundeck,com.dtolabs.rundeck.core.plugins,FilePluginCache,remove,7,2,1,80,0
rundeck,com.dtolabs.rundeck.core.plugins,FilePluginCache,getLoaderForIdent,17,3,1,91,0
rundeck,com.dtolabs.rundeck.core.plugins,FilePluginCache,listProviders,7,2,0,116,0
rundeck,com.dtolabs.rundeck.core.plugins,FilePluginCache,shouldRescan,8,3,0,124,0
rundeck,com.dtolabs.rundeck.core.plugins,FilePluginCache,loadFileProvider,6,1,1,133,0
rundeck,com.dtolabs.rundeck.core.plugins,FilePluginCache,rescanForItem,26,5,1,143,0
rundeck,com.dtolabs.rundeck.core.plugins,cacheItem,cacheItem,3,1,2,49,0
rundeck,com.dtolabs.rundeck.core.plugins,PluggableService,isValidProviderClass,0,1,1,35,0
rundeck,com.dtolabs.rundeck.core.plugins,PluggableService,createProviderInstance,0,1,2,42,0
rundeck,com.dtolabs.rundeck.core.plugins,PluggableService,isScriptPluggable,0,1,0,51,0
rundeck,com.dtolabs.rundeck.core.plugins,PluggableService,createScriptProviderInstance,0,1,1,56,0
rundeck,com.dtolabs.rundeck.core.plugins,PluginCache,addScanner,0,1,1,36,0
rundeck,com.dtolabs.rundeck.core.plugins,PluginCache,getLoaderForIdent,0,1,1,41,0
rundeck,com.dtolabs.rundeck.core.plugins,PluginCache,listProviders,0,1,0,49,0
rundeck,com.dtolabs.rundeck.core.plugins,PluggableProviderRegistryService,PluggableProviderRegistryService,3,1,1,40,0
rundeck,com.dtolabs.rundeck.core.plugins,PluggableProviderRegistryService,providerOfType,23,4,1,45,0
rundeck,com.dtolabs.rundeck.core.plugins,PluggableProviderRegistryService,listProviders,13,4,0,68,0
rundeck,com.dtolabs.rundeck.core.plugins,JarPluginProviderLoader,JarPluginProviderLoader,13,4,2,61,0
rundeck,com.dtolabs.rundeck.core.plugins,JarPluginProviderLoader,load,29,5,2,75,0
rundeck,com.dtolabs.rundeck.core.plugins,JarPluginProviderLoader,matchesProviderDeclaration,4,1,2,110,0
rundeck,com.dtolabs.rundeck.core.plugins,JarPluginProviderLoader,getProviderDeclaration,4,1,1,120,0
rundeck,com.dtolabs.rundeck.core.plugins,JarPluginProviderLoader,getClassnames,11,3,0,130,0
rundeck,com.dtolabs.rundeck.core.plugins,JarPluginProviderLoader,getMainAttributes,6,2,0,145,0
rundeck,com.dtolabs.rundeck.core.plugins,JarPluginProviderLoader,getJarMainAttributes,15,1,1,155,0
rundeck,com.dtolabs.rundeck.core.plugins,JarPluginProviderLoader,createProviderForClass,10,2,2,174,0
rundeck,com.dtolabs.rundeck.core.plugins,JarPluginProviderLoader,debug,5,2,1,197,0
rundeck,com.dtolabs.rundeck.core.plugins,JarPluginProviderLoader,getPluginMetadata,16,4,1,203,0
rundeck,com.dtolabs.rundeck.core.plugins,JarPluginProviderLoader,loadClass,47,5,2,232,0
rundeck,com.dtolabs.rundeck.core.plugins,JarPluginProviderLoader,extractDependentLibs,22,4,0,281,0
rundeck,com.dtolabs.rundeck.core.plugins,JarPluginProviderLoader,extractJarContents,12,4,2,309,0
rundeck,com.dtolabs.rundeck.core.plugins,JarPluginProviderLoader,getFileBasename,3,1,0,330,0
rundeck,com.dtolabs.rundeck.core.plugins,JarPluginProviderLoader,basename,4,1,1,337,0
rundeck,com.dtolabs.rundeck.core.plugins,JarPluginProviderLoader,getFileCacheDir,3,1,0,345,0
rundeck,com.dtolabs.rundeck.core.plugins,JarPluginProviderLoader,isLoaderFor,14,3,1,351,0
rundeck,com.dtolabs.rundeck.core.plugins,JarPluginProviderLoader,listProviders,13,2,0,368,0
rundeck,com.dtolabs.rundeck.core.plugins,JarPluginProviderLoader,removeScriptPluginCache,8,2,0,381,0
rundeck,com.dtolabs.rundeck.core.plugins,JarPluginProviderLoader,expire,3,1,0,392,0
rundeck,com.dtolabs.rundeck.core.plugins,JarPluginProviderLoader,equals,22,7,1,399,0
rundeck,com.dtolabs.rundeck.core.plugins,JarPluginProviderLoader,hashCode,7,1,0,427,0
rundeck,com.dtolabs.rundeck.core.plugins,JarPluginProviderLoader,isValidJarPlugin,24,2,1,436,0
rundeck,com.dtolabs.rundeck.core.plugins,JarPluginProviderLoader,validateJarManifest,20,6,1,463,0
rundeck,com.dtolabs.rundeck.core.plugins,JarPluginProviderLoader,InvalidManifestException,3,1,1,491,0
rundeck,com.dtolabs.rundeck.core.plugins,InvalidManifestException,InvalidManifestException,3,1,1,491,0
rundeck,com.dtolabs.rundeck.core.plugins,PluginManagerService,PluginManagerService,10,1,2,52,0
rundeck,com.dtolabs.rundeck.core.plugins,PluginManagerService,getName,3,1,0,64,0
rundeck,com.dtolabs.rundeck.core.plugins,PluginManagerService,getInstanceForFramework,8,2,1,68,0
rundeck,com.dtolabs.rundeck.core.plugins,PluginManagerService,getInstanceForExtDir,7,2,2,79,0
rundeck,com.dtolabs.rundeck.core.plugins,PluginManagerService,listProviders,3,1,0,88,0
rundeck,com.dtolabs.rundeck.core.plugins,PluginManagerService,loadProvider,14,3,2,92,0
rundeck,com.dtolabs.rundeck.core.plugins,ScriptPluginProvider,getName,0,1,0,35,0
rundeck,com.dtolabs.rundeck.core.plugins,ScriptPluginProvider,getService,0,1,0,40,0
rundeck,com.dtolabs.rundeck.core.plugins,ScriptPluginProvider,getArchiveFile,0,1,0,45,0
rundeck,com.dtolabs.rundeck.core.plugins,ScriptPluginProvider,getScriptArgs,0,1,0,50,0
rundeck,com.dtolabs.rundeck.core.plugins,ScriptPluginProvider,getScriptFile,0,1,0,55,0
rundeck,com.dtolabs.rundeck.core.plugins,ScriptPluginProvider,getScriptInterpreter,0,1,0,59,0
rundeck,com.dtolabs.rundeck.core.plugins,ScriptPluginProvider,getMetadata,0,1,0,63,0
rundeck,com.dtolabs.rundeck.core.plugins,BaseProviderRegistryService,BaseProviderRegistryService,5,1,1,51,0
rundeck,com.dtolabs.rundeck.core.plugins,BaseProviderRegistryService,registerClass,3,1,2,57,0
rundeck,com.dtolabs.rundeck.core.plugins,BaseProviderRegistryService,registerInstance,3,1,2,61,0
rundeck,com.dtolabs.rundeck.core.plugins,BaseProviderRegistryService,providerOfType,11,3,1,66,0
rundeck,com.dtolabs.rundeck.core.plugins,BaseProviderRegistryService,listProviders,10,3,0,80,0
rundeck,com.dtolabs.rundeck.core.plugins,BaseProviderRegistryService,createProviderInstanceOfType,7,2,1,93,0
rundeck,com.dtolabs.rundeck.core.plugins,BaseProviderRegistryService,createProviderInstanceFromType,25,1,2,102,0
rundeck,com.dtolabs.rundeck.core.plugins,BaseProviderRegistryService,hasValidProviderSignature,15,1,1,131,0
rundeck,com.dtolabs.rundeck.core.plugins,PluginScannerException,PluginScannerException,3,1,2,36,0
rundeck,com.dtolabs.rundeck.core.plugins,PluginScannerException,PluginScannerException,3,1,3,40,0
rundeck,com.dtolabs.rundeck.core.plugins,PluginScannerException,PluginScannerException,3,1,3,44,0
rundeck,com.dtolabs.rundeck.core.plugins,PluginScannerException,PluginScannerException,3,1,4,48,0
rundeck,com.dtolabs.rundeck.core.plugins,ScriptPluginProviderImpl,ScriptPluginProviderImpl,5,1,3,41,0
rundeck,com.dtolabs.rundeck.core.plugins,ScriptPluginProviderImpl,getName,3,1,0,47,0
rundeck,com.dtolabs.rundeck.core.plugins,ScriptPluginProviderImpl,getService,3,1,0,51,0
rundeck,com.dtolabs.rundeck.core.plugins,ScriptPluginProviderImpl,getArchiveFile,3,1,0,55,0
rundeck,com.dtolabs.rundeck.core.plugins,ScriptPluginProviderImpl,getScriptArgs,3,1,0,59,0
rundeck,com.dtolabs.rundeck.core.plugins,ScriptPluginProviderImpl,getScriptFile,3,1,0,63,0
rundeck,com.dtolabs.rundeck.core.plugins,ScriptPluginProviderImpl,getScriptInterpreter,3,1,0,67,0
rundeck,com.dtolabs.rundeck.core.plugins,ScriptPluginProviderImpl,getMetadata,3,1,0,71,0
rundeck,com.dtolabs.rundeck.core.plugins,DirPluginScanner,DirPluginScanner,5,1,3,50,0
rundeck,com.dtolabs.rundeck.core.plugins,DirPluginScanner,isValidPluginFile,0,1,1,56,0
rundeck,com.dtolabs.rundeck.core.plugins,DirPluginScanner,getFileFilter,0,1,0,61,0
rundeck,com.dtolabs.rundeck.core.plugins,DirPluginScanner,scanForFile,13,3,1,66,0
rundeck,com.dtolabs.rundeck.core.plugins,DirPluginScanner,listProviders,14,5,0,82,0
rundeck,com.dtolabs.rundeck.core.plugins,DirPluginScanner,isExpired,3,1,2,98,0
rundeck,com.dtolabs.rundeck.core.plugins,DirPluginScanner,shouldRescan,3,1,0,105,0
rundeck,com.dtolabs.rundeck.core.plugins,DirPluginScanner,shouldScanAll,31,6,1,113,0
rundeck,com.dtolabs.rundeck.core.plugins,DirPluginScanner,memoFile,3,1,1,148,0
rundeck,com.dtolabs.rundeck.core.plugins,DirPluginScanner,scanFor,10,4,2,152,0
rundeck,com.dtolabs.rundeck.core.plugins,DirPluginScanner,test,6,1,2,166,0
rundeck,com.dtolabs.rundeck.core.plugins,DirPluginScanner,listProviders,4,1,1,175,0
rundeck,com.dtolabs.rundeck.core.plugins,DirPluginScanner,scanAll,21,6,2,180,0
rundeck,com.dtolabs.rundeck.core.plugins,DirPluginScanner,debug,5,2,1,210,0
rundeck,com.dtolabs.rundeck.core.plugins,ProviderLoader,load,0,1,2,37,0
rundeck,com.dtolabs.rundeck.core.plugins,ProviderLoader,isLoaderFor,0,1,1,42,0
rundeck,com.dtolabs.rundeck.core.plugins,ProviderLoader,listProviders,0,1,0,46,0
rundeck,com.dtolabs.rundeck.core.plugins,ProviderIdent,ProviderIdent,3,1,2,34,0
rundeck,com.dtolabs.rundeck.core.plugins,ProviderIdent,getService,3,1,0,43,0
rundeck,com.dtolabs.rundeck.core.plugins,ProviderIdent,getProviderName,3,1,0,47,0
rundeck,com.dtolabs.rundeck.core.plugins,ProviderIdent,toString,3,1,0,51,0
rundeck,com.dtolabs.rundeck.core.plugins,ProviderIdent,equals,9,3,1,56,0
rundeck,com.dtolabs.rundeck.core.plugins,ProviderIdent,hashCode,3,1,0,67,0
rundeck,com.dtolabs.rundeck.core.plugins,PluginException,PluginException,2,1,0,34,0
rundeck,com.dtolabs.rundeck.core.plugins,PluginException,PluginException,3,1,1,37,0
rundeck,com.dtolabs.rundeck.core.plugins,PluginException,PluginException,3,1,2,41,0
rundeck,com.dtolabs.rundeck.core.plugins,PluginException,PluginException,3,1,1,45,0
rundeck,com.dtolabs.rundeck.core.plugins,PluginScanner,createLoader,0,1,1,38,0
rundeck,com.dtolabs.rundeck.core.plugins,PluginScanner,scanForFile,0,1,1,43,0
rundeck,com.dtolabs.rundeck.core.plugins,PluginScanner,listProviders,0,1,0,48,0
rundeck,com.dtolabs.rundeck.core.plugins,PluginScanner,isExpired,0,1,2,53,0
rundeck,com.dtolabs.rundeck.core.plugins,PluginScanner,shouldRescan,0,1,0,58,0
rundeck,com.dtolabs.rundeck.core.plugins,ScriptPluginScanner,accept,3,1,1,41,0
rundeck,com.dtolabs.rundeck.core.plugins,ScriptPluginScanner,ScriptPluginScanner,4,1,4,48,0
rundeck,com.dtolabs.rundeck.core.plugins,ScriptPluginScanner,createLoader,6,2,1,54,0
rundeck,com.dtolabs.rundeck.core.plugins,ScriptPluginScanner,createCacheItemForFile,3,1,1,61,0
rundeck,com.dtolabs.rundeck.core.plugins,ScriptPluginScanner,getFileFilter,3,1,0,65,0
rundeck,com.dtolabs.rundeck.core.plugins,ScriptPluginScanner,isValidPluginFile,19,3,1,69,0
rundeck,com.dtolabs.rundeck.core.plugins,AbstractDescribableScriptPlugin,AbstractDescribableScriptPlugin,4,1,2,67,0
rundeck,com.dtolabs.rundeck.core.plugins,AbstractDescribableScriptPlugin,createProperties,53,8,1,73,0
rundeck,com.dtolabs.rundeck.core.plugins,AbstractDescribableScriptPlugin,metaStringProp,3,1,2,127,0
rundeck,com.dtolabs.rundeck.core.plugins,AbstractDescribableScriptPlugin,metaStringProp,4,1,3,130,0
rundeck,com.dtolabs.rundeck.core.plugins,AbstractDescribableScriptPlugin,createDescription,20,1,2,134,0
rundeck,com.dtolabs.rundeck.core.plugins,AbstractDescribableScriptPlugin,getName,3,1,0,141,0
rundeck,com.dtolabs.rundeck.core.plugins,AbstractDescribableScriptPlugin,getTitle,3,1,0,145,0
rundeck,com.dtolabs.rundeck.core.plugins,AbstractDescribableScriptPlugin,getDescription,3,1,0,149,0
rundeck,com.dtolabs.rundeck.core.plugins,AbstractDescribableScriptPlugin,getProperties,3,1,0,153,0
rundeck,com.dtolabs.rundeck.core.plugins,AbstractDescribableScriptPlugin,getDescription,11,2,0,160,0
rundeck,com.dtolabs.rundeck.core.plugins,AbstractDescribableScriptPlugin,isAllowCustomProperties,0,1,0,171,0
rundeck,com.dtolabs.rundeck.core.plugins,AbstractDescribableScriptPlugin,getProvider,3,1,0,176,0
rundeck,com.dtolabs.rundeck.core.plugins,AbstractDescribableScriptPlugin,getFramework,3,1,0,180,0
rundeck,com.dtolabs.rundeck.core.plugins,JarTestType1,JarTestType1,2,1,0,34,0
rundeck,com.dtolabs.rundeck.core.plugins,TestDirPluginScanner,setUp,6,1,0,44,0
rundeck,com.dtolabs.rundeck.core.plugins,TestDirPluginScanner,tearDown,4,1,0,52,0
rundeck,com.dtolabs.rundeck.core.plugins,TestDirPluginScanner,test,3,1,3,59,0
rundeck,com.dtolabs.rundeck.core.plugins,TestDirPluginScanner,isValidPluginFile,3,1,1,63,0
rundeck,com.dtolabs.rundeck.core.plugins,TestDirPluginScanner,getFileFilter,3,1,0,68,0
rundeck,com.dtolabs.rundeck.core.plugins,TestDirPluginScanner,createLoader,3,1,1,73,0
rundeck,com.dtolabs.rundeck.core.plugins,TestDirPluginScanner,createCacheItemForFile,3,1,1,78,0
rundeck,com.dtolabs.rundeck.core.plugins,TestDirPluginScanner,loader,11,3,1,95,0
rundeck,com.dtolabs.rundeck.core.plugins,TestDirPluginScanner,load,3,1,2,107,0
rundeck,com.dtolabs.rundeck.core.plugins,TestDirPluginScanner,isLoaderFor,3,1,1,111,0
rundeck,com.dtolabs.rundeck.core.plugins,TestDirPluginScanner,listProviders,3,1,0,117,0
rundeck,com.dtolabs.rundeck.core.plugins,TestDirPluginScanner,testscanForFile,28,1,0,122,0
rundeck,com.dtolabs.rundeck.core.plugins,TestDirPluginScanner,testlistProviders,33,1,0,170,0
rundeck,com.dtolabs.rundeck.core.plugins,TestDirPluginScanner,testIsExpired,25,1,0,215,0
rundeck,com.dtolabs.rundeck.core.plugins,TestDirPluginScanner,testshouldRescan,25,1,0,251,0
rundeck,com.dtolabs.rundeck.core.plugins,TestDirPluginScanner,testshouldRescanInterval,25,1,0,297,0
rundeck,com.dtolabs.rundeck.core.plugins,test,test,3,1,3,59,0
rundeck,com.dtolabs.rundeck.core.plugins,test,isValidPluginFile,3,1,1,63,0
rundeck,com.dtolabs.rundeck.core.plugins,test,getFileFilter,3,1,0,68,0
rundeck,com.dtolabs.rundeck.core.plugins,test,createLoader,3,1,1,73,0
rundeck,com.dtolabs.rundeck.core.plugins,test,createCacheItemForFile,3,1,1,78,0
rundeck,com.dtolabs.rundeck.core.plugins,loader,loader,11,3,1,95,0
rundeck,com.dtolabs.rundeck.core.plugins,loader,load,3,1,2,107,0
rundeck,com.dtolabs.rundeck.core.plugins,loader,isLoaderFor,3,1,1,111,0
rundeck,com.dtolabs.rundeck.core.plugins,loader,listProviders,3,1,0,117,0
rundeck,com.dtolabs.rundeck.core.plugins,TestJarPluginProviderLoader,TestJarPluginProviderLoader,3,1,1,58,0
rundeck,com.dtolabs.rundeck.core.plugins,TestJarPluginProviderLoader,setUp,4,1,0,62,0
rundeck,com.dtolabs.rundeck.core.plugins,TestJarPluginProviderLoader,testConstruct,26,1,0,67,0
rundeck,com.dtolabs.rundeck.core.plugins,TestJarPluginProviderLoader,testValidateJarManifestEmptyManifest,59,1,0,91,0
rundeck,com.dtolabs.rundeck.core.plugins,TestJarPluginProviderLoader,testIsValidJarPlugin,31,1,0,160,0
rundeck,com.dtolabs.rundeck.core.plugins,TestJarPluginProviderLoader,testMatchesAnnotation,5,1,0,203,0
rundeck,com.dtolabs.rundeck.core.plugins,TestJarPluginProviderLoader,testProvider2,2,1,0,214,0
rundeck,com.dtolabs.rundeck.core.plugins,TestJarPluginProviderLoader,invalidProvider1,2,1,0,223,0
rundeck,com.dtolabs.rundeck.core.plugins,TestJarPluginProviderLoader,invalidProvider2,2,1,0,232,0
rundeck,com.dtolabs.rundeck.core.plugins,TestJarPluginProviderLoader,invalidProviderNoAnnotation,2,1,0,240,0
rundeck,com.dtolabs.rundeck.core.plugins,TestJarPluginProviderLoader,testLoadInvalid,23,1,0,245,0
rundeck,com.dtolabs.rundeck.core.plugins,TestJarPluginProviderLoader,testLoadValid,18,1,0,278,0
rundeck,com.dtolabs.rundeck.core.plugins,TestJarPluginProviderLoader,testLoadClass,31,1,0,303,0
rundeck,com.dtolabs.rundeck.core.plugins,TestJarPluginProviderLoader,isValidProviderClass,3,1,1,305,0
rundeck,com.dtolabs.rundeck.core.plugins,TestJarPluginProviderLoader,testCreateProviderForClass,27,1,0,343,0
rundeck,com.dtolabs.rundeck.core.plugins,TestJarPluginProviderLoader,isValidProviderClass,3,1,1,345,0
rundeck,com.dtolabs.rundeck.core.plugins,TestJarPluginProviderLoader,testGetPluginMetadata,23,1,0,376,0
rundeck,com.dtolabs.rundeck.core.plugins,TestJarPluginProviderLoader,classnameString,3,1,1,408,0
rundeck,com.dtolabs.rundeck.core.plugins,TestJarPluginProviderLoader,classnames,8,2,1,412,0
rundeck,com.dtolabs.rundeck.core.plugins,TestJarPluginProviderLoader,testJarClassnames,11,1,0,421,0
rundeck,com.dtolabs.rundeck.core.plugins,TestJarPluginProviderLoader,createTestJar,21,4,2,435,0
rundeck,com.dtolabs.rundeck.core.plugins,TestJarPluginProviderLoader,createTestJar,21,5,3,462,0
rundeck,com.dtolabs.rundeck.core.plugins,TestJarPluginProviderLoader,writeClassEntry,13,2,2,491,0
rundeck,com.dtolabs.rundeck.core.plugins,TestJarPluginProviderLoader,testIsLoaderFor,2,1,0,505,0
rundeck,com.dtolabs.rundeck.core.plugins,TestJarPluginProviderLoader,isValidProviderClass,3,1,1,514,0
rundeck,com.dtolabs.rundeck.core.plugins,TestJarPluginProviderLoader,createProviderInstance,3,1,2,520,0
rundeck,com.dtolabs.rundeck.core.plugins,TestJarPluginProviderLoader,isScriptPluggable,3,1,0,527,0
rundeck,com.dtolabs.rundeck.core.plugins,TestJarPluginProviderLoader,createScriptProviderInstance,3,1,1,531,0
rundeck,com.dtolabs.rundeck.core.plugins,TestJarPluginProviderLoader,getName,3,1,0,535,0
rundeck,com.dtolabs.rundeck.core.plugins,testProvider2,testProvider2,2,1,0,214,0
rundeck,com.dtolabs.rundeck.core.plugins,invalidProvider1,invalidProvider1,2,1,0,223,0
rundeck,com.dtolabs.rundeck.core.plugins,invalidProvider2,invalidProvider2,2,1,0,232,0
rundeck,com.dtolabs.rundeck.core.plugins,invalidProviderNoAnnotation,invalidProviderNoAnnotation,2,1,0,240,0
rundeck,com.dtolabs.rundeck.core.plugins,testService1,isValidProviderClass,3,1,1,514,0
rundeck,com.dtolabs.rundeck.core.plugins,testService1,createProviderInstance,3,1,2,520,0
rundeck,com.dtolabs.rundeck.core.plugins,testService1,isScriptPluggable,3,1,0,527,0
rundeck,com.dtolabs.rundeck.core.plugins,testService1,createScriptProviderInstance,3,1,1,531,0
rundeck,com.dtolabs.rundeck.core.plugins,testService1,getName,3,1,0,535,0
rundeck,com.dtolabs.rundeck.core.plugins.configuration,Validator,getErrors,3,1,0,41,0
rundeck,com.dtolabs.rundeck.core.plugins.configuration,Validator,isValid,3,1,0,48,0
rundeck,com.dtolabs.rundeck.core.plugins.configuration,Validator,validate,30,7,2,56,0
rundeck,com.dtolabs.rundeck.core.plugins.configuration,Validator,mapProperties,7,2,2,94,0
rundeck,com.dtolabs.rundeck.core.plugins.configuration,Validator,performMapping,12,4,3,106,0
rundeck,com.dtolabs.rundeck.core.plugins.configuration,Validator,demapProperties,11,3,2,128,0
rundeck,com.dtolabs.rundeck.core.plugins.configuration,Report,getErrors,3,1,0,41,0
rundeck,com.dtolabs.rundeck.core.plugins.configuration,Report,isValid,3,1,0,48,0
rundeck,com.dtolabs.rundeck.core.plugins.configuration,PropertyUtil,forType,0,6,7,36,0
rundeck,com.dtolabs.rundeck.core.plugins.configuration,PropertyUtil,string,3,1,6,58,0
rundeck,com.dtolabs.rundeck.core.plugins.configuration,PropertyUtil,string,3,1,5,67,0
rundeck,com.dtolabs.rundeck.core.plugins.configuration,PropertyUtil,bool,3,1,5,76,0
rundeck,com.dtolabs.rundeck.core.plugins.configuration,PropertyUtil,integer,3,1,5,84,0
rundeck,com.dtolabs.rundeck.core.plugins.configuration,PropertyUtil,longProp,3,1,5,93,0
rundeck,com.dtolabs.rundeck.core.plugins.configuration,PropertyUtil,select,3,1,6,103,0
rundeck,com.dtolabs.rundeck.core.plugins.configuration,PropertyUtil,freeSelect,3,1,6,112,0
rundeck,com.dtolabs.rundeck.core.plugins.configuration,PropertyUtil,StringProperty,3,1,6,124,0
rundeck,com.dtolabs.rundeck.core.plugins.configuration,PropertyUtil,getType,3,1,0,129,0
rundeck,com.dtolabs.rundeck.core.plugins.configuration,PropertyUtil,FreeSelectProperty,4,1,6,137,0
rundeck,com.dtolabs.rundeck.core.plugins.configuration,PropertyUtil,getType,3,1,0,144,0
rundeck,com.dtolabs.rundeck.core.plugins.configuration,PropertyUtil,getSelectValues,3,1,0,148,0
rundeck,com.dtolabs.rundeck.core.plugins.configuration,PropertyUtil,SelectProperty,4,1,6,157,0
rundeck,com.dtolabs.rundeck.core.plugins.configuration,PropertyUtil,getType,3,1,0,163,0
rundeck,com.dtolabs.rundeck.core.plugins.configuration,PropertyUtil,getSelectValues,3,1,0,167,0
rundeck,com.dtolabs.rundeck.core.plugins.configuration,PropertyUtil,SelectValidator,3,1,1,177,0
rundeck,com.dtolabs.rundeck.core.plugins.configuration,PropertyUtil,isValid,3,1,1,181,0
rundeck,com.dtolabs.rundeck.core.plugins.configuration,PropertyUtil,BooleanProperty,3,1,5,187,0
rundeck,com.dtolabs.rundeck.core.plugins.configuration,PropertyUtil,getType,3,1,0,192,0
rundeck,com.dtolabs.rundeck.core.plugins.configuration,PropertyUtil,isValid,3,1,1,198,0
rundeck,com.dtolabs.rundeck.core.plugins.configuration,PropertyUtil,IntegerProperty,3,1,5,204,0
rundeck,com.dtolabs.rundeck.core.plugins.configuration,PropertyUtil,getType,3,1,0,209,0
rundeck,com.dtolabs.rundeck.core.plugins.configuration,PropertyUtil,isValid,9,1,1,216,0
rundeck,com.dtolabs.rundeck.core.plugins.configuration,PropertyUtil,LongProperty,3,1,5,227,0
rundeck,com.dtolabs.rundeck.core.plugins.configuration,PropertyUtil,getType,3,1,0,232,0
rundeck,com.dtolabs.rundeck.core.plugins.configuration,PropertyUtil,isValid,9,1,1,239,0
rundeck,com.dtolabs.rundeck.core.plugins.configuration,PropertyUtil,Generic,4,1,7,252,0
rundeck,com.dtolabs.rundeck.core.plugins.configuration,PropertyUtil,getType,3,1,0,259,0
rundeck,com.dtolabs.rundeck.core.plugins.configuration,StringProperty,StringProperty,3,1,6,124,0
rundeck,com.dtolabs.rundeck.core.plugins.configuration,StringProperty,getType,3,1,0,129,0
rundeck,com.dtolabs.rundeck.core.plugins.configuration,FreeSelectProperty,FreeSelectProperty,4,1,6,137,0
rundeck,com.dtolabs.rundeck.core.plugins.configuration,FreeSelectProperty,getType,3,1,0,144,0
rundeck,com.dtolabs.rundeck.core.plugins.configuration,FreeSelectProperty,getSelectValues,3,1,0,148,0
rundeck,com.dtolabs.rundeck.core.plugins.configuration,SelectProperty,SelectProperty,4,1,6,157,0
rundeck,com.dtolabs.rundeck.core.plugins.configuration,SelectProperty,getType,3,1,0,163,0
rundeck,com.dtolabs.rundeck.core.plugins.configuration,SelectProperty,getSelectValues,3,1,0,167,0
rundeck,com.dtolabs.rundeck.core.plugins.configuration,SelectValidator,SelectValidator,3,1,1,177,0
rundeck,com.dtolabs.rundeck.core.plugins.configuration,SelectValidator,isValid,3,1,1,181,0
rundeck,com.dtolabs.rundeck.core.plugins.configuration,BooleanProperty,BooleanProperty,3,1,5,187,0
rundeck,com.dtolabs.rundeck.core.plugins.configuration,BooleanProperty,getType,3,1,0,192,0
rundeck,com.dtolabs.rundeck.core.plugins.configuration,IntegerProperty,IntegerProperty,3,1,5,204,0
rundeck,com.dtolabs.rundeck.core.plugins.configuration,IntegerProperty,getType,3,1,0,209,0
rundeck,com.dtolabs.rundeck.core.plugins.configuration,LongProperty,LongProperty,3,1,5,227,0
rundeck,com.dtolabs.rundeck.core.plugins.configuration,LongProperty,getType,3,1,0,232,0
rundeck,com.dtolabs.rundeck.core.plugins.configuration,Generic,Generic,4,1,7,252,0
rundeck,com.dtolabs.rundeck.core.plugins.configuration,Generic,getType,3,1,0,259,0
rundeck,com.dtolabs.rundeck.core.plugins.configuration,Configurable,configure,0,1,1,34,0
rundeck,com.dtolabs.rundeck.core.plugins.configuration,ValidationException,ValidationException,3,1,0,32,0
rundeck,com.dtolabs.rundeck.core.plugins.configuration,ValidationException,ValidationException,3,1,1,36,0
rundeck,com.dtolabs.rundeck.core.plugins.configuration,ValidationException,ValidationException,3,1,1,40,0
rundeck,com.dtolabs.rundeck.core.plugins.configuration,ValidationException,ValidationException,3,1,2,44,0
rundeck,com.dtolabs.rundeck.core.plugins.configuration,ConfigurationException,ConfigurationException,3,1,0,32,0
rundeck,com.dtolabs.rundeck.core.plugins.configuration,ConfigurationException,ConfigurationException,3,1,1,36,0
rundeck,com.dtolabs.rundeck.core.plugins.configuration,ConfigurationException,ConfigurationException,3,1,1,40,0
rundeck,com.dtolabs.rundeck.core.plugins.configuration,ConfigurationException,ConfigurationException,3,1,2,44,0
rundeck,com.dtolabs.rundeck.core.plugins.configuration,AbstractBaseDescription,getProperties,3,1,0,34,0
rundeck,com.dtolabs.rundeck.core.plugins.configuration,AbstractBaseDescription,getPropertiesMapping,3,1,0,38,0
rundeck,com.dtolabs.rundeck.core.plugins.configuration,PropertyBase,PropertyBase,8,1,6,41,0
rundeck,com.dtolabs.rundeck.core.plugins.configuration,PropertyBase,getTitle,3,1,0,52,0
rundeck,com.dtolabs.rundeck.core.plugins.configuration,PropertyBase,getDescription,3,1,0,56,0
rundeck,com.dtolabs.rundeck.core.plugins.configuration,PropertyBase,isRequired,3,1,0,60,0
rundeck,com.dtolabs.rundeck.core.plugins.configuration,PropertyBase,getDefaultValue,3,1,0,64,0
rundeck,com.dtolabs.rundeck.core.plugins.configuration,PropertyBase,getSelectValues,3,1,0,68,0
rundeck,com.dtolabs.rundeck.core.plugins.configuration,PropertyBase,getValidator,3,1,0,72,0
rundeck,com.dtolabs.rundeck.core.plugins.configuration,PropertyBase,getName,3,1,0,76,0
rundeck,com.dtolabs.rundeck.core.plugins.configuration,Property,isValid,0,1,1,70,0
rundeck,com.dtolabs.rundeck.core.plugins.configuration,Property,getTitle,0,1,0,73,0
rundeck,com.dtolabs.rundeck.core.plugins.configuration,Property,getName,0,1,0,78,0
rundeck,com.dtolabs.rundeck.core.plugins.configuration,Property,getDescription,0,1,0,83,0
rundeck,com.dtolabs.rundeck.core.plugins.configuration,Property,getType,0,1,0,88,0
rundeck,com.dtolabs.rundeck.core.plugins.configuration,Property,getValidator,0,1,0,93,0
rundeck,com.dtolabs.rundeck.core.plugins.configuration,Property,isRequired,0,1,0,98,0
rundeck,com.dtolabs.rundeck.core.plugins.configuration,Property,getDefaultValue,0,1,0,103,0
rundeck,com.dtolabs.rundeck.core.plugins.configuration,Property,getSelectValues,0,1,0,108,0
rundeck,com.dtolabs.rundeck.core.plugins.configuration,Validator,isValid,0,1,1,70,0
rundeck,com.dtolabs.rundeck.core.plugins.configuration,DescribableService,listDescribableProviders,0,1,0,37,0
rundeck,com.dtolabs.rundeck.core.plugins.configuration,DescribableService,listDescriptions,0,1,0,38,0
rundeck,com.dtolabs.rundeck.core.plugins.configuration,Describable,getDescription,0,1,0,32,0
rundeck,com.dtolabs.rundeck.core.plugins.configuration,Description,getName,0,1,0,35,0
rundeck,com.dtolabs.rundeck.core.plugins.configuration,Description,getTitle,0,1,0,39,0
rundeck,com.dtolabs.rundeck.core.plugins.configuration,Description,getDescription,0,1,0,43,0
rundeck,com.dtolabs.rundeck.core.plugins.configuration,Description,getProperties,0,1,0,47,0
rundeck,com.dtolabs.rundeck.core.plugins.configuration,Description,getPropertiesMapping,0,1,0,52,0
rundeck,com.dtolabs.rundeck.core.plugins.configuration,ConfigurableService,getProviderForConfiguration,0,1,2,39,0
rundeck,com.dtolabs.rundeck.core.plugins.metadata,PluginMeta,getPluginDefs,9,3,0,42,0
rundeck,com.dtolabs.rundeck.core.plugins.metadata,PluginMeta,getName,3,1,0,52,0
rundeck,com.dtolabs.rundeck.core.plugins.metadata,PluginMeta,setName,3,1,1,56,0
rundeck,com.dtolabs.rundeck.core.plugins.metadata,PluginMeta,getAuthor,3,1,0,60,0
rundeck,com.dtolabs.rundeck.core.plugins.metadata,PluginMeta,setAuthor,3,1,1,64,0
rundeck,com.dtolabs.rundeck.core.plugins.metadata,PluginMeta,getDate,3,1,0,68,0
rundeck,com.dtolabs.rundeck.core.plugins.metadata,PluginMeta,setDate,3,1,1,72,0
rundeck,com.dtolabs.rundeck.core.plugins.metadata,PluginMeta,getVersion,3,1,0,76,0
rundeck,com.dtolabs.rundeck.core.plugins.metadata,PluginMeta,setVersion,3,1,1,80,0
rundeck,com.dtolabs.rundeck.core.plugins.metadata,PluginMeta,getProviders,3,1,0,84,0
rundeck,com.dtolabs.rundeck.core.plugins.metadata,PluginMeta,setProviders,3,1,1,88,0
rundeck,com.dtolabs.rundeck.core.plugins.metadata,PluginMeta,toString,3,1,0,92,0
rundeck,com.dtolabs.rundeck.core.plugins.metadata,PluginMeta,getRundeckPluginVersion,3,1,0,104,0
rundeck,com.dtolabs.rundeck.core.plugins.metadata,PluginMeta,setRundeckPluginVersion,3,1,1,108,0
rundeck,com.dtolabs.rundeck.core.plugins.metadata,ProviderDef,ProviderDef,3,1,1,42,0
rundeck,com.dtolabs.rundeck.core.plugins.metadata,ProviderDef,getString,7,2,1,45,0
rundeck,com.dtolabs.rundeck.core.plugins.metadata,ProviderDef,getName,3,1,0,54,0
rundeck,com.dtolabs.rundeck.core.plugins.metadata,ProviderDef,getService,3,1,0,59,0
rundeck,com.dtolabs.rundeck.core.plugins.metadata,ProviderDef,getScriptFile,3,1,0,63,0
rundeck,com.dtolabs.rundeck.core.plugins.metadata,ProviderDef,getScriptArgs,3,1,0,67,0
rundeck,com.dtolabs.rundeck.core.plugins.metadata,ProviderDef,getScriptInterpreter,3,1,0,70,0
rundeck,com.dtolabs.rundeck.core.plugins.metadata,ProviderDef,getPluginType,3,1,0,74,0
rundeck,com.dtolabs.rundeck.core.plugins.metadata,ProviderDef,toString,3,1,0,78,0
rundeck,com.dtolabs.rundeck.core.plugins.metadata,ProviderDef,getPluginData,3,1,0,85,0
rundeck,com.dtolabs.rundeck.core.jndi,Jndi,setInitialDirContext,3,1,1,49,0
rundeck,com.dtolabs.rundeck.core.jndi,Jndi,getInitialDirContext,3,1,0,58,0
rundeck,com.dtolabs.rundeck.core.jndi,Jndi,setConnectionName,3,1,1,70,0
rundeck,com.dtolabs.rundeck.core.jndi,Jndi,getConnectionName,3,1,0,79,0
rundeck,com.dtolabs.rundeck.core.jndi,Jndi,setConnectionPassword,3,1,1,91,0
rundeck,com.dtolabs.rundeck.core.jndi,Jndi,getConnectionPassword,3,1,0,100,0
rundeck,com.dtolabs.rundeck.core.jndi,Jndi,setConnectionUrl,3,1,1,112,0
rundeck,com.dtolabs.rundeck.core.jndi,Jndi,getConnectionUrl,3,1,0,121,0
rundeck,com.dtolabs.rundeck.core.jndi,Jndi,setRoleBase,3,1,1,133,0
rundeck,com.dtolabs.rundeck.core.jndi,Jndi,getRoleBase,3,1,0,142,0
rundeck,com.dtolabs.rundeck.core.jndi,Jndi,setRoleNameRDN,3,1,1,154,0
rundeck,com.dtolabs.rundeck.core.jndi,Jndi,getRoleNameRDN,3,1,0,163,0
rundeck,com.dtolabs.rundeck.core.jndi,Jndi,setRoleMemberRDN,3,1,1,175,0
rundeck,com.dtolabs.rundeck.core.jndi,Jndi,getRoleMemberRDN,3,1,0,184,0
rundeck,com.dtolabs.rundeck.core.jndi,Jndi,setUserBase,3,1,1,196,0
rundeck,com.dtolabs.rundeck.core.jndi,Jndi,getUserBase,3,1,0,205,0
rundeck,com.dtolabs.rundeck.core.jndi,Jndi,setUserNameRDN,3,1,1,217,0
rundeck,com.dtolabs.rundeck.core.jndi,Jndi,getUserNameRDN,3,1,0,226,0
rundeck,com.dtolabs.rundeck.core.jndi,Jndi,Jndi,17,1,8,235,0
rundeck,com.dtolabs.rundeck.core.jndi,Jndi,Jndi,3,1,1,274,0
rundeck,com.dtolabs.rundeck.core.jndi,Jndi,getUsers,9,1,1,281,0
rundeck,com.dtolabs.rundeck.core.jndi,Jndi,getRoles,9,1,1,305,0
rundeck,com.dtolabs.rundeck.core.jndi,Jndi,getUsers,29,5,2,337,0
rundeck,com.dtolabs.rundeck.core.jndi,Jndi,getRoles,46,8,2,375,0
rundeck,com.dtolabs.rundeck.core.jndi,Jndi,toStringArray,3,1,1,435,0
rundeck,com.dtolabs.rundeck.core.jndi,Jndi,search,9,1,3,441,0
rundeck,com.dtolabs.rundeck.core.jndi,JndiConfig,JndiConfig,10,1,8,27,0
rundeck,com.dtolabs.rundeck.core.jndi,JndiConfig,getConnectionName,3,1,0,40,0
rundeck,com.dtolabs.rundeck.core.jndi,JndiConfig,getConnectionPassword,3,1,0,44,0
rundeck,com.dtolabs.rundeck.core.jndi,JndiConfig,getConnectionUrl,3,1,0,48,0
rundeck,com.dtolabs.rundeck.core.jndi,JndiConfig,getRoleBase,3,1,0,52,0
rundeck,com.dtolabs.rundeck.core.jndi,JndiConfig,getRoleNameRDN,3,1,0,56,0
rundeck,com.dtolabs.rundeck.core.jndi,JndiConfig,getRoleMemberRDN,3,1,0,60,0
rundeck,com.dtolabs.rundeck.core.jndi,JndiConfig,getUserBase,3,1,0,64,0
rundeck,com.dtolabs.rundeck.core.jndi,JndiConfig,getUserNameRDN,3,1,0,68,0
rundeck,com.dtolabs.rundeck.core.common,NodesYamlParser,NodesYamlParser,4,1,2,45,0
rundeck,com.dtolabs.rundeck.core.common,NodesYamlParser,NodesYamlParser,4,1,2,56,0
rundeck,com.dtolabs.rundeck.core.common,NodesYamlParser,parse,66,10,0,67,0
rundeck,com.dtolabs.rundeck.core.common,INodeSet,getNodes,0,1,0,34,0
rundeck,com.dtolabs.rundeck.core.common,INodeSet,getNode,0,1,1,36,0
rundeck,com.dtolabs.rundeck.core.common,INodeSet,getNodeNames,0,1,0,38,0
rundeck,com.dtolabs.rundeck.core.common,FrameworkResourceException,FrameworkResourceException,5,1,2,29,0
rundeck,com.dtolabs.rundeck.core.common,FrameworkResourceException,FrameworkResourceException,5,1,3,35,0
rundeck,com.dtolabs.rundeck.core.common,FrameworkResourceException,getResource,3,1,0,41,0
rundeck,com.dtolabs.rundeck.core.common,FrameworkResourceException,toString,3,1,0,46,0
rundeck,com.dtolabs.rundeck.core.common,Nodes,isValid,3,1,0,45,0
rundeck,com.dtolabs.rundeck.core.common,Nodes,getParserException,3,1,0,53,0
rundeck,com.dtolabs.rundeck.core.common,Nodes,Nodes,22,2,2,73,0
rundeck,com.dtolabs.rundeck.core.common,Nodes,addFrameworkNode,6,2,1,103,0
rundeck,com.dtolabs.rundeck.core.common,Nodes,create,3,1,2,112,0
rundeck,com.dtolabs.rundeck.core.common,Nodes,getFile,3,1,0,128,0
rundeck,com.dtolabs.rundeck.core.common,Nodes,listNodes,5,1,0,138,0
rundeck,com.dtolabs.rundeck.core.common,Nodes,countNodes,3,1,0,147,0
rundeck,com.dtolabs.rundeck.core.common,Nodes,NodeEntryComparator,2,1,0,159,0
rundeck,com.dtolabs.rundeck.core.common,Nodes,compare,3,1,2,165,0
rundeck,com.dtolabs.rundeck.core.common,Nodes,hasNode,3,1,1,171,0
rundeck,com.dtolabs.rundeck.core.common,Nodes,hasNodeByHostname,3,1,1,180,0
rundeck,com.dtolabs.rundeck.core.common,Nodes,getNode,3,1,1,191,0
rundeck,com.dtolabs.rundeck.core.common,Nodes,getNodeByHostname,3,1,1,199,0
rundeck,com.dtolabs.rundeck.core.common,Nodes,putNode,4,1,1,209,0
rundeck,com.dtolabs.rundeck.core.common,Nodes,createParser,0,3,1,218,0
rundeck,com.dtolabs.rundeck.core.common,Nodes,filterNodes,10,3,2,236,0
rundeck,com.dtolabs.rundeck.core.common,Nodes,getNodeEntries,10,3,1,254,0
rundeck,com.dtolabs.rundeck.core.common,Nodes,filterNodes,3,1,1,270,0
rundeck,com.dtolabs.rundeck.core.common,Nodes,toString,11,2,0,281,0
rundeck,com.dtolabs.rundeck.core.common,NodeEntryComparator,NodeEntryComparator,2,1,0,159,0
rundeck,com.dtolabs.rundeck.core.common,NodeEntryComparator,compare,3,1,2,165,0
rundeck,com.dtolabs.rundeck.core.common,NodeFilter,filterNodes,9,3,2,32,0
rundeck,com.dtolabs.rundeck.core.common,IFrameworkResourceParent,createChild,0,1,1,26,0
rundeck,com.dtolabs.rundeck.core.common,IFrameworkResourceParent,getChild,0,1,1,34,0
rundeck,com.dtolabs.rundeck.core.common,IFrameworkResourceParent,existsChild,0,1,1,43,0
rundeck,com.dtolabs.rundeck.core.common,IFrameworkResourceParent,childCouldBeLoaded,0,1,1,51,0
rundeck,com.dtolabs.rundeck.core.common,IFrameworkResourceParent,loadChild,0,1,1,59,0
rundeck,com.dtolabs.rundeck.core.common,IFrameworkResourceParent,listChildren,0,1,0,68,0
rundeck,com.dtolabs.rundeck.core.common,IFrameworkResourceParent,listChildNames,0,1,0,75,0
rundeck,com.dtolabs.rundeck.core.common,IFrameworkResourceParent,remove,0,1,1,82,0
rundeck,com.dtolabs.rundeck.core.common,IFrameworkResourceParent,initialize,0,1,0,89,0
rundeck,com.dtolabs.rundeck.core.common,IFrameworkResourceParent,existsChildResourceDirectory,0,1,1,94,0
rundeck,com.dtolabs.rundeck.core.common,ProviderService,providerOfType,0,1,1,36,0
rundeck,com.dtolabs.rundeck.core.common,NodesGeneratorException,NodesGeneratorException,3,1,0,32,0
rundeck,com.dtolabs.rundeck.core.common,NodesGeneratorException,NodesGeneratorException,3,1,1,36,0
rundeck,com.dtolabs.rundeck.core.common,NodesGeneratorException,NodesGeneratorException,3,1,1,40,0
rundeck,com.dtolabs.rundeck.core.common,NodesGeneratorException,NodesGeneratorException,3,1,2,44,0
rundeck,com.dtolabs.rundeck.core.common,UpdateUtils,updateFileFromUrl,3,1,2,48,0
rundeck,com.dtolabs.rundeck.core.common,UpdateUtils,updateFileFromFile,17,4,2,61,0
rundeck,com.dtolabs.rundeck.core.common,UpdateUtils,updateFileFromInputStream,3,1,2,88,0
rundeck,com.dtolabs.rundeck.core.common,UpdateUtils,moveFile,16,5,2,101,0
rundeck,com.dtolabs.rundeck.core.common,UpdateUtils,updateFileFromUrl,3,1,4,125,0
rundeck,com.dtolabs.rundeck.core.common,UpdateUtils,updateFileFromUrl,29,4,5,141,0
rundeck,com.dtolabs.rundeck.core.common,UpdateUtils,update,33,3,2,185,0
rundeck,com.dtolabs.rundeck.core.common,UpdateUtils,UpdateException,3,1,0,229,0
rundeck,com.dtolabs.rundeck.core.common,UpdateUtils,UpdateException,3,1,1,233,0
rundeck,com.dtolabs.rundeck.core.common,UpdateUtils,UpdateException,3,1,2,237,0
rundeck,com.dtolabs.rundeck.core.common,UpdateUtils,UpdateException,3,1,1,241,0
rundeck,com.dtolabs.rundeck.core.common,UpdateUtils,FileStreamUpdater,3,1,1,248,0
rundeck,com.dtolabs.rundeck.core.common,UpdateUtils,updateFile,8,1,1,252,0
rundeck,com.dtolabs.rundeck.core.common,UpdateException,UpdateException,3,1,0,229,0
rundeck,com.dtolabs.rundeck.core.common,UpdateException,UpdateException,3,1,1,233,0
rundeck,com.dtolabs.rundeck.core.common,UpdateException,UpdateException,3,1,2,237,0
rundeck,com.dtolabs.rundeck.core.common,UpdateException,UpdateException,3,1,1,241,0
rundeck,com.dtolabs.rundeck.core.common,FileStreamUpdater,FileStreamUpdater,3,1,1,248,0
rundeck,com.dtolabs.rundeck.core.common,FileStreamUpdater,updateFile,8,1,1,252,0
rundeck,com.dtolabs.rundeck.core.common,PropertiesCache,needsReload,8,2,1,44,0
rundeck,com.dtolabs.rundeck.core.common,PropertiesCache,getProperties,19,3,1,59,0
rundeck,com.dtolabs.rundeck.core.common,PropertiesCache,touch,4,1,1,86,0
rundeck,com.dtolabs.rundeck.core.common,FrameworkProjectMgr,create,3,1,3,38,0
rundeck,com.dtolabs.rundeck.core.common,FrameworkProjectMgr,FrameworkProjectMgr,5,1,3,50,0
rundeck,com.dtolabs.rundeck.core.common,FrameworkProjectMgr,createFrameworkProject,4,1,1,69,0
rundeck,com.dtolabs.rundeck.core.common,FrameworkProjectMgr,createFrameworkProject,4,1,2,80,0
rundeck,com.dtolabs.rundeck.core.common,FrameworkProjectMgr,createFrameworkProjectInt,3,1,1,94,0
rundeck,com.dtolabs.rundeck.core.common,FrameworkProjectMgr,createFrameworkProjectInt,11,2,2,102,0
rundeck,com.dtolabs.rundeck.core.common,FrameworkProjectMgr,listFrameworkProjects,3,1,0,120,0
rundeck,com.dtolabs.rundeck.core.common,FrameworkProjectMgr,getFrameworkProject,8,1,1,129,0
rundeck,com.dtolabs.rundeck.core.common,FrameworkProjectMgr,existsFrameworkProject,4,2,1,143,0
rundeck,com.dtolabs.rundeck.core.common,FrameworkProjectMgr,toString,3,1,0,155,0
rundeck,com.dtolabs.rundeck.core.common,FrameworkProjectMgr,getProperties,3,1,0,168,0
rundeck,com.dtolabs.rundeck.core.common,FrameworkProjectMgr,getPropertyFile,3,1,0,172,0
rundeck,com.dtolabs.rundeck.core.common,FrameworkProjectMgr,createChild,3,1,1,177,0
rundeck,com.dtolabs.rundeck.core.common,FrameworkProjectMgr,loadChild,8,2,1,181,0
rundeck,com.dtolabs.rundeck.core.common,FrameworkProjectMgr,getFramework,3,1,0,190,0
rundeck,com.dtolabs.rundeck.core.common,FrameworkProjectMgr,isConfiguredObjectDeploymentsCheck,9,2,1,194,0
rundeck,com.dtolabs.rundeck.core.common,FrameworkProjectMgr,getProperty,3,1,1,212,0
rundeck,com.dtolabs.rundeck.core.common,FrameworkProjectMgr,hasProperty,3,1,1,222,0
rundeck,com.dtolabs.rundeck.core.common,FrameworkProjectMgr,getPropertiesMap,3,1,0,232,0
rundeck,com.dtolabs.rundeck.core.common,FileUpdater,updateFile,0,1,1,34,0
rundeck,com.dtolabs.rundeck.core.common,FrameworkSupportService,getName,0,1,0,33,0
rundeck,com.dtolabs.rundeck.core.common,NodesYamlGenerator,NodesYamlGenerator,4,1,1,44,0
rundeck,com.dtolabs.rundeck.core.common,NodesYamlGenerator,NodesYamlGenerator,4,1,1,54,0
rundeck,com.dtolabs.rundeck.core.common,NodesYamlGenerator,NodesYamlGenerator,4,1,1,64,0
rundeck,com.dtolabs.rundeck.core.common,NodesYamlGenerator,NodesYamlGenerator,3,1,0,74,0
rundeck,com.dtolabs.rundeck.core.common,NodesYamlGenerator,addNode,3,1,1,79,0
rundeck,com.dtolabs.rundeck.core.common,NodesYamlGenerator,addNodes,5,2,1,83,0
rundeck,com.dtolabs.rundeck.core.common,NodesYamlGenerator,generate,32,5,0,89,0
rundeck,com.dtolabs.rundeck.core.common,INodeDesc,getHostname,0,1,0,24,0
rundeck,com.dtolabs.rundeck.core.common,INodeDesc,getNodename,0,1,0,30,0
rundeck,com.dtolabs.rundeck.core.common,INodeDesc,equals,0,1,1,32,0
rundeck,com.dtolabs.rundeck.core.common,AdditiveListNodeSet,AdditiveListNodeSet,5,1,0,38,0
rundeck,com.dtolabs.rundeck.core.common,AdditiveListNodeSet,addNodeSet,10,3,1,44,0
rundeck,com.dtolabs.rundeck.core.common,AdditiveListNodeSet,getNodes,7,2,0,55,0
rundeck,com.dtolabs.rundeck.core.common,AdditiveListNodeSet,getNode,10,3,1,63,0
rundeck,com.dtolabs.rundeck.core.common,AdditiveListNodeSet,getNodeNames,3,1,0,74,0
rundeck,com.dtolabs.rundeck.core.common,NodesSelector,acceptNode,0,1,1,32,0
rundeck,com.dtolabs.rundeck.core.common,FrameworkResourceParent,FrameworkResourceParent,3,1,3,35,0
rundeck,com.dtolabs.rundeck.core.common,FrameworkResourceParent,createChild,7,2,1,46,0
rundeck,com.dtolabs.rundeck.core.common,FrameworkResourceParent,getChild,9,3,1,57,0
rundeck,com.dtolabs.rundeck.core.common,FrameworkResourceParent,getChildren,12,2,0,74,0
rundeck,com.dtolabs.rundeck.core.common,FrameworkResourceParent,NoSuchResourceException,3,1,2,88,0
rundeck,com.dtolabs.rundeck.core.common,FrameworkResourceParent,NoSuchResourceException,3,1,3,92,0
rundeck,com.dtolabs.rundeck.core.common,FrameworkResourceParent,existsChild,6,2,1,98,0
rundeck,com.dtolabs.rundeck.core.common,FrameworkResourceParent,listChildren,3,1,0,111,0
rundeck,com.dtolabs.rundeck.core.common,FrameworkResourceParent,remove,8,3,1,120,0
rundeck,com.dtolabs.rundeck.core.common,FrameworkResourceParent,initialize,2,1,0,134,0
rundeck,com.dtolabs.rundeck.core.common,FrameworkResourceParent,listChildNames,20,4,0,141,0
rundeck,com.dtolabs.rundeck.core.common,FrameworkResourceParent,accept,3,1,2,148,0
rundeck,com.dtolabs.rundeck.core.common,FrameworkResourceParent,childCouldBeLoaded,3,1,1,168,0
rundeck,com.dtolabs.rundeck.core.common,FrameworkResourceParent,existsChildResourceDirectory,5,2,1,179,0
rundeck,com.dtolabs.rundeck.core.common,NoSuchResourceException,NoSuchResourceException,3,1,2,88,0
rundeck,com.dtolabs.rundeck.core.common,NoSuchResourceException,NoSuchResourceException,3,1,3,92,0
rundeck,com.dtolabs.rundeck.core.common,NodeEntryImpl,NodeEntryImpl,5,1,0,69,0
rundeck,com.dtolabs.rundeck.core.common,NodeEntryImpl,NodeEntryImpl,4,1,1,78,0
rundeck,com.dtolabs.rundeck.core.common,NodeEntryImpl,NodeEntryImpl,4,1,2,88,0
rundeck,com.dtolabs.rundeck.core.common,NodeEntryImpl,create,3,1,2,99,0
rundeck,com.dtolabs.rundeck.core.common,NodeEntryImpl,setNodename,4,1,1,109,0
rundeck,com.dtolabs.rundeck.core.common,NodeEntryImpl,getNodename,3,1,0,115,0
rundeck,com.dtolabs.rundeck.core.common,NodeEntryImpl,getTags,3,1,0,120,0
rundeck,com.dtolabs.rundeck.core.common,NodeEntryImpl,setTags,6,1,1,124,0
rundeck,com.dtolabs.rundeck.core.common,NodeEntryImpl,getOsName,3,1,0,131,0
rundeck,com.dtolabs.rundeck.core.common,NodeEntryImpl,setOsName,3,1,1,135,0
rundeck,com.dtolabs.rundeck.core.common,NodeEntryImpl,getOsFamily,3,1,0,139,0
rundeck,com.dtolabs.rundeck.core.common,NodeEntryImpl,setOsFamily,3,1,1,143,0
rundeck,com.dtolabs.rundeck.core.common,NodeEntryImpl,getOsVersion,3,1,0,147,0
rundeck,com.dtolabs.rundeck.core.common,NodeEntryImpl,setOsVersion,3,1,1,151,0
rundeck,com.dtolabs.rundeck.core.common,NodeEntryImpl,getHostname,3,1,0,155,0
rundeck,com.dtolabs.rundeck.core.common,NodeEntryImpl,setHostname,3,1,1,159,0
rundeck,com.dtolabs.rundeck.core.common,NodeEntryImpl,getOsArch,3,1,0,163,0
rundeck,com.dtolabs.rundeck.core.common,NodeEntryImpl,setOsArch,3,1,1,167,0
rundeck,com.dtolabs.rundeck.core.common,NodeEntryImpl,getUsername,3,1,0,172,0
rundeck,com.dtolabs.rundeck.core.common,NodeEntryImpl,setUsername,3,1,1,176,0
rundeck,com.dtolabs.rundeck.core.common,NodeEntryImpl,equals,3,1,1,181,0
rundeck,com.dtolabs.rundeck.core.common,NodeEntryImpl,toString,3,1,0,185,0
rundeck,com.dtolabs.rundeck.core.common,NodeEntryImpl,containsUserName,6,2,1,194,0
rundeck,com.dtolabs.rundeck.core.common,NodeEntryImpl,containsUserName,3,1,0,208,0
rundeck,com.dtolabs.rundeck.core.common,NodeEntryImpl,extractUserName,8,2,1,212,0
rundeck,com.dtolabs.rundeck.core.common,NodeEntryImpl,extractUserName,7,2,0,227,0
rundeck,com.dtolabs.rundeck.core.common,NodeEntryImpl,extractHostname,10,3,1,243,0
rundeck,com.dtolabs.rundeck.core.common,NodeEntryImpl,extractHostname,3,1,0,263,0
rundeck,com.dtolabs.rundeck.core.common,NodeEntryImpl,extractPort,3,1,0,267,0
rundeck,com.dtolabs.rundeck.core.common,NodeEntryImpl,extractPort,8,2,1,271,0
rundeck,com.dtolabs.rundeck.core.common,NodeEntryImpl,containsPort,3,1,0,286,0
rundeck,com.dtolabs.rundeck.core.common,NodeEntryImpl,containsPort,6,2,1,290,0
rundeck,com.dtolabs.rundeck.core.common,NodeEntryImpl,setFrameworkProject,3,1,1,306,0
rundeck,com.dtolabs.rundeck.core.common,NodeEntryImpl,getFrameworkProject,3,1,0,310,0
rundeck,com.dtolabs.rundeck.core.common,NodeEntryImpl,getAttributes,3,1,0,315,0
rundeck,com.dtolabs.rundeck.core.common,NodeEntryImpl,setAttributes,3,1,1,324,0
rundeck,com.dtolabs.rundeck.core.common,NodeEntryImpl,setDescription,3,1,1,328,0
rundeck,com.dtolabs.rundeck.core.common,NodeEntryImpl,getDescription,3,1,0,332,0
rundeck,com.dtolabs.rundeck.core.common,NodeEntryImpl,getExtendedAttributes,3,1,0,336,0
rundeck,com.dtolabs.rundeck.core.common,NodeEntryImpl,nodeExtendedAttributes,10,3,1,343,0
rundeck,com.dtolabs.rundeck.core.common,NodeEntryImpl,getAttribute,3,1,1,357,0
rundeck,com.dtolabs.rundeck.core.common,NodeEntryImpl,setAttribute,9,2,2,368,0
rundeck,com.dtolabs.rundeck.core.common,NodeEntryImpl,equals,3,1,1,383,0
rundeck,com.dtolabs.rundeck.core.common,NodeEntryImpl,hashCode,3,1,0,388,0
rundeck,com.dtolabs.rundeck.core.common,URLFileUpdaterFactory,fileUpdaterFromURL,0,1,3,34,0
rundeck,com.dtolabs.rundeck.core.common,FrameworkProject,FrameworkProject,3,1,3,73,0
rundeck,com.dtolabs.rundeck.core.common,FrameworkProject,FrameworkProject,18,4,4,82,0
rundeck,com.dtolabs.rundeck.core.common,FrameworkProject,checkReloadProperties,5,2,0,112,0
rundeck,com.dtolabs.rundeck.core.common,FrameworkProject,needsPropertiesReload,10,2,0,118,0
rundeck,com.dtolabs.rundeck.core.common,FrameworkProject,loadProperties,20,2,0,127,0
rundeck,com.dtolabs.rundeck.core.common,FrameworkProject,loadResourceModelSources,41,4,0,155,0
rundeck,com.dtolabs.rundeck.core.common,FrameworkProject,listResourceModelConfigurations,30,5,0,197,0
rundeck,com.dtolabs.rundeck.core.common,FrameworkProject,createURLSourceConfiguration,6,1,0,232,0
rundeck,com.dtolabs.rundeck.core.common,FrameworkProject,getResourceModelSources,8,2,0,240,0
rundeck,com.dtolabs.rundeck.core.common,FrameworkProject,loadResourceModelSource,4,1,2,250,0
rundeck,com.dtolabs.rundeck.core.common,FrameworkProject,createFileSourceConfiguration,11,2,0,257,0
rundeck,com.dtolabs.rundeck.core.common,FrameworkProject,create,3,1,3,272,0
rundeck,com.dtolabs.rundeck.core.common,FrameworkProject,create,3,1,4,282,0
rundeck,com.dtolabs.rundeck.core.common,FrameworkProject,loadChild,3,1,1,294,0
rundeck,com.dtolabs.rundeck.core.common,FrameworkProject,childCouldBeLoaded,4,1,1,298,0
rundeck,com.dtolabs.rundeck.core.common,FrameworkProject,listChildNames,15,5,0,304,0
rundeck,com.dtolabs.rundeck.core.common,FrameworkProject,createChild,3,1,1,320,0
rundeck,com.dtolabs.rundeck.core.common,FrameworkProject,getPropertyFile,3,1,0,331,0
rundeck,com.dtolabs.rundeck.core.common,FrameworkProject,getFrameworkProjectMgr,3,1,0,335,0
rundeck,com.dtolabs.rundeck.core.common,FrameworkProject,exists,3,1,2,339,0
rundeck,com.dtolabs.rundeck.core.common,FrameworkProject,existsFrameworkType,3,1,1,343,0
rundeck,com.dtolabs.rundeck.core.common,FrameworkProject,getEtcDir,3,1,0,347,0
rundeck,com.dtolabs.rundeck.core.common,FrameworkProject,getNodesResourceFilePath,13,3,0,357,0
rundeck,com.dtolabs.rundeck.core.common,FrameworkProject,getNodeSet,14,2,0,373,0
rundeck,com.dtolabs.rundeck.core.common,FrameworkProject,updateNodesResourceFile,7,2,0,394,0
rundeck,com.dtolabs.rundeck.core.common,FrameworkProject,updateNodesResourceFileFromUrl,7,2,3,410,0
rundeck,com.dtolabs.rundeck.core.common,FrameworkProject,validateResourceProviderURL,13,2,1,428,0
rundeck,com.dtolabs.rundeck.core.common,FrameworkProject,isAllowedProviderURL,48,10,1,446,0
rundeck,com.dtolabs.rundeck.core.common,FrameworkProject,updateNodesResourceFile,4,1,1,513,0
rundeck,com.dtolabs.rundeck.core.common,FrameworkProject,updateNodesResourceFile,5,1,1,525,0
rundeck,com.dtolabs.rundeck.core.common,FrameworkProject,updateNodesResourceFile,39,2,1,538,0
rundeck,com.dtolabs.rundeck.core.common,FrameworkProject,shouldUpdateNodesResourceFile,3,1,0,587,0
rundeck,com.dtolabs.rundeck.core.common,FrameworkProject,getProperty,4,1,1,598,0
rundeck,com.dtolabs.rundeck.core.common,FrameworkProject,hasProperty,4,1,1,610,0
rundeck,com.dtolabs.rundeck.core.common,FrameworkProject,getProperties,3,1,0,614,0
rundeck,com.dtolabs.rundeck.core.common,FrameworkProject,createFileStructure,9,3,1,620,0
rundeck,com.dtolabs.rundeck.core.common,FrameworkProject,generateProjectPropertiesFile,3,1,1,645,0
rundeck,com.dtolabs.rundeck.core.common,FrameworkProject,generateProjectPropertiesFile,3,1,2,653,0
rundeck,com.dtolabs.rundeck.core.common,FrameworkProject,generateProjectPropertiesFile,52,8,4,662,0
rundeck,com.dtolabs.rundeck.core.common,FrameworkProject,mergeProjectProperties,3,1,2,727,0
rundeck,com.dtolabs.rundeck.core.common,FrameworkProject,isInstalled,3,1,1,737,0
rundeck,com.dtolabs.rundeck.core.common,FrameworkProject,getResourceModelSourceExceptions,3,1,0,746,0
rundeck,com.dtolabs.rundeck.core.common,NodesXMLParser,NodesXMLParser,5,1,2,54,0
rundeck,com.dtolabs.rundeck.core.common,NodesXMLParser,NodesXMLParser,5,1,2,65,0
rundeck,com.dtolabs.rundeck.core.common,NodesXMLParser,parse,19,2,0,77,0
rundeck,com.dtolabs.rundeck.core.common,NodesXMLParser,resourceParsed,3,1,1,100,0
rundeck,com.dtolabs.rundeck.core.common,NodesXMLParser,fillNode,31,7,2,105,0
rundeck,com.dtolabs.rundeck.core.common,NodesXMLParser,resourcesParsed,12,4,1,145,0
rundeck,com.dtolabs.rundeck.core.common,NodeEntryFactory,createFromMap,58,13,1,49,0
rundeck,com.dtolabs.rundeck.core.common,NodeEntryFactory,toMap,10,3,1,117,0
rundeck,com.dtolabs.rundeck.core.common,NodesFileGenerator,addNode,0,1,1,36,0
rundeck,com.dtolabs.rundeck.core.common,NodesFileGenerator,addNodes,0,1,1,43,0
rundeck,com.dtolabs.rundeck.core.common,NodesFileGenerator,generate,0,1,0,50,0
rundeck,com.dtolabs.rundeck.core.common,FileUpdaterException,FileUpdaterException,3,1,0,32,0
rundeck,com.dtolabs.rundeck.core.common,FileUpdaterException,FileUpdaterException,3,1,1,36,0
rundeck,com.dtolabs.rundeck.core.common,FileUpdaterException,FileUpdaterException,3,1,1,40,0
rundeck,com.dtolabs.rundeck.core.common,FileUpdaterException,FileUpdaterException,3,1,2,44,0
rundeck,com.dtolabs.rundeck.core.common,NodeReceiver,putNode,0,1,1,33,0
rundeck,com.dtolabs.rundeck.core.common,IFrameworkProjectMgr,getFramework,0,1,0,29,0
rundeck,com.dtolabs.rundeck.core.common,IFrameworkProjectMgr,listFrameworkProjects,0,1,0,36,0
rundeck,com.dtolabs.rundeck.core.common,IFrameworkProjectMgr,getFrameworkProject,0,1,1,43,0
rundeck,com.dtolabs.rundeck.core.common,IFrameworkProjectMgr,existsFrameworkProject,0,1,1,51,0
rundeck,com.dtolabs.rundeck.core.common,IFrameworkProjectMgr,isConfiguredObjectDeploymentsCheck,0,1,1,59,0
rundeck,com.dtolabs.rundeck.core.common,IFrameworkProjectMgr,createFrameworkProject,0,1,1,68,0
rundeck,com.dtolabs.rundeck.core.common,IFrameworkProjectMgr,createFrameworkProject,0,1,2,76,0
rundeck,com.dtolabs.rundeck.core.common,INodeBase,getNodename,0,1,0,33,0
rundeck,com.dtolabs.rundeck.core.common,FrameworkResource,FrameworkResource,9,2,3,36,0
rundeck,com.dtolabs.rundeck.core.common,FrameworkResource,getLogger,3,1,0,53,0
rundeck,com.dtolabs.rundeck.core.common,FrameworkResource,getName,3,1,0,64,0
rundeck,com.dtolabs.rundeck.core.common,FrameworkResource,getBaseDir,3,1,0,78,0
rundeck,com.dtolabs.rundeck.core.common,FrameworkResource,getParent,3,1,0,90,0
rundeck,com.dtolabs.rundeck.core.common,FrameworkResource,isValid,3,1,0,94,0
rundeck,com.dtolabs.rundeck.core.common,FrameworkResource,toString,3,1,0,99,0
rundeck,com.dtolabs.rundeck.core.common,FrameworkResource,storeProperties,9,1,2,108,0
rundeck,com.dtolabs.rundeck.core.common,NodeFileParser,parse,0,1,0,33,0
rundeck,com.dtolabs.rundeck.core.common,IFrameworkResource,getName,0,1,0,28,0
rundeck,com.dtolabs.rundeck.core.common,IFrameworkResource,getBaseDir,0,1,0,36,0
rundeck,com.dtolabs.rundeck.core.common,IFrameworkResource,getParent,0,1,0,43,0
rundeck,com.dtolabs.rundeck.core.common,IFrameworkResource,isValid,0,1,0,48,0
rundeck,com.dtolabs.rundeck.core.common,Executable,execute,0,1,0,33,0
rundeck,com.dtolabs.rundeck.core.common,NodeFileParserException,NodeFileParserException,3,1,0,33,0
rundeck,com.dtolabs.rundeck.core.common,NodeFileParserException,NodeFileParserException,3,1,1,37,0
rundeck,com.dtolabs.rundeck.core.common,NodeFileParserException,NodeFileParserException,3,1,1,41,0
rundeck,com.dtolabs.rundeck.core.common,NodeFileParserException,NodeFileParserException,3,1,2,45,0
rundeck,com.dtolabs.rundeck.core.common,NodeBaseImpl,NodeBaseImpl,2,1,0,35,0
rundeck,com.dtolabs.rundeck.core.common,NodeBaseImpl,NodeBaseImpl,3,1,1,38,0
rundeck,com.dtolabs.rundeck.core.common,NodeBaseImpl,getNodename,3,1,0,42,0
rundeck,com.dtolabs.rundeck.core.common,NodeBaseImpl,setNodename,3,1,1,46,0
rundeck,com.dtolabs.rundeck.core.common,NodeBaseImpl,equals,13,4,1,54,0
rundeck,com.dtolabs.rundeck.core.common,NodeBaseImpl,hashCode,3,1,0,71,0
rundeck,com.dtolabs.rundeck.core.common,NodeBaseImpl,create,3,1,1,75,0
rundeck,com.dtolabs.rundeck.core.common,INodeEntry,getOsFamily,0,1,0,36,0
rundeck,com.dtolabs.rundeck.core.common,INodeEntry,getOsArch,0,1,0,41,0
rundeck,com.dtolabs.rundeck.core.common,INodeEntry,getOsVersion,0,1,0,46,0
rundeck,com.dtolabs.rundeck.core.common,INodeEntry,getOsName,0,1,0,51,0
rundeck,com.dtolabs.rundeck.core.common,INodeEntry,getNodename,0,1,0,56,0
rundeck,com.dtolabs.rundeck.core.common,INodeEntry,getUsername,0,1,0,61,0
rundeck,com.dtolabs.rundeck.core.common,INodeEntry,containsUserName,0,1,0,66,0
rundeck,com.dtolabs.rundeck.core.common,INodeEntry,containsPort,0,1,0,71,0
rundeck,com.dtolabs.rundeck.core.common,INodeEntry,extractUserName,0,1,0,76,0
rundeck,com.dtolabs.rundeck.core.common,INodeEntry,extractHostname,0,1,0,81,0
rundeck,com.dtolabs.rundeck.core.common,INodeEntry,extractPort,0,1,0,86,0
rundeck,com.dtolabs.rundeck.core.common,INodeEntry,getFrameworkProject,0,1,0,91,0
rundeck,com.dtolabs.rundeck.core.common,INodeEntry,getDescription,0,1,0,96,0
rundeck,com.dtolabs.rundeck.core.common,INodeEntry,getTags,0,1,0,101,0
rundeck,com.dtolabs.rundeck.core.common,INodeEntry,getAttributes,0,1,0,106,0
rundeck,com.dtolabs.rundeck.core.common,NodeSetImpl,NodeSetImpl,3,1,0,38,0
rundeck,com.dtolabs.rundeck.core.common,NodeSetImpl,NodeSetImpl,3,1,1,42,0
rundeck,com.dtolabs.rundeck.core.common,NodeSetImpl,putNode,6,2,1,46,0
rundeck,com.dtolabs.rundeck.core.common,NodeSetImpl,getNodes,3,1,0,53,0
rundeck,com.dtolabs.rundeck.core.common,NodeSetImpl,getNode,3,1,1,57,0
rundeck,com.dtolabs.rundeck.core.common,NodeSetImpl,getNodeNames,3,1,0,61,0
rundeck,com.dtolabs.rundeck.core.common,NodeSetImpl,putNodes,3,1,1,65,0
rundeck,com.dtolabs.rundeck.core.common,NodeSetImpl,putNodes,5,2,1,72,0
rundeck,com.dtolabs.rundeck.core.common,NodeSetImpl,toString,3,1,0,81,0
rundeck,com.dtolabs.rundeck.core.common,Framework,getParent,3,1,0,98,0
rundeck,com.dtolabs.rundeck.core.common,Framework,childCouldBeLoaded,3,1,1,107,0
rundeck,com.dtolabs.rundeck.core.common,Framework,loadChild,3,1,1,111,0
rundeck,com.dtolabs.rundeck.core.common,Framework,listChildNames,3,1,0,115,0
rundeck,com.dtolabs.rundeck.core.common,Framework,initialize,35,6,0,120,0
rundeck,com.dtolabs.rundeck.core.common,Framework,getCentralDispatcherMgr,3,1,0,168,0
rundeck,com.dtolabs.rundeck.core.common,Framework,getAuthorizationMgr,3,1,0,180,0
rundeck,com.dtolabs.rundeck.core.common,Framework,getAuthenticationMgr,3,1,0,189,0
rundeck,com.dtolabs.rundeck.core.common,Framework,getFrameworkProjectMgr,3,1,0,198,0
rundeck,com.dtolabs.rundeck.core.common,Framework,Framework,3,1,2,206,0
rundeck,com.dtolabs.rundeck.core.common,Framework,Framework,43,11,4,218,0
rundeck,com.dtolabs.rundeck.core.common,Framework,getService,3,1,1,286,0
rundeck,com.dtolabs.rundeck.core.common,Framework,setService,10,3,2,292,0
rundeck,com.dtolabs.rundeck.core.common,Framework,getExecutionService,3,1,0,304,0
rundeck,com.dtolabs.rundeck.core.common,Framework,getWorkflowExecutionService,3,1,0,307,0
rundeck,com.dtolabs.rundeck.core.common,Framework,getFileCopierForNodeAndProject,3,1,2,311,0
rundeck,com.dtolabs.rundeck.core.common,Framework,getFileCopierService,3,1,0,315,0
rundeck,com.dtolabs.rundeck.core.common,Framework,getNodeExecutorForNodeAndProject,3,1,2,319,0
rundeck,com.dtolabs.rundeck.core.common,Framework,getNodeExecutorService,3,1,0,322,0
rundeck,com.dtolabs.rundeck.core.common,Framework,getCommandInterpreterForItem,3,1,1,325,0
rundeck,com.dtolabs.rundeck.core.common,Framework,getNodeDispatcherForContext,3,1,1,328,0
rundeck,com.dtolabs.rundeck.core.common,Framework,getResourceModelSourceService,3,1,0,331,0
rundeck,com.dtolabs.rundeck.core.common,Framework,getResourceFormatParserService,3,1,0,334,0
rundeck,com.dtolabs.rundeck.core.common,Framework,getResourceFormatGeneratorService,3,1,0,338,0
rundeck,com.dtolabs.rundeck.core.common,Framework,getPluginManager,6,2,0,342,0
rundeck,com.dtolabs.rundeck.core.common,Framework,getInstance,3,1,2,348,0
rundeck,com.dtolabs.rundeck.core.common,Framework,getInstance,3,1,1,363,0
rundeck,com.dtolabs.rundeck.core.common,Framework,getInstance,14,3,2,372,0
rundeck,com.dtolabs.rundeck.core.common,Framework,getInstanceOrCreate,17,4,1,390,0
rundeck,com.dtolabs.rundeck.core.common,Framework,getInstance,3,1,1,417,0
rundeck,com.dtolabs.rundeck.core.common,Framework,getInstance,8,2,3,429,0
rundeck,com.dtolabs.rundeck.core.common,Framework,getInstance,4,1,0,455,0
rundeck,com.dtolabs.rundeck.core.common,Framework,configureFromProject,8,2,1,467,0
rundeck,com.dtolabs.rundeck.core.common,Framework,configureProject,16,3,1,480,0
rundeck,com.dtolabs.rundeck.core.common,Framework,setCentralDispatcherMgr,3,1,1,501,0
rundeck,com.dtolabs.rundeck.core.common,Framework,FailInputHandler,3,1,1,517,0
rundeck,com.dtolabs.rundeck.core.common,Framework,handleInput,3,1,1,521,0
rundeck,com.dtolabs.rundeck.core.common,Framework,getOriginal,3,1,0,525,0
rundeck,com.dtolabs.rundeck.core.common,Framework,getProperty,3,1,1,529,0
rundeck,com.dtolabs.rundeck.core.common,Framework,hasProperty,3,1,1,540,0
rundeck,com.dtolabs.rundeck.core.common,Framework,hasProjectProperty,4,1,2,547,0
rundeck,com.dtolabs.rundeck.core.common,Framework,getProjectProperty,10,3,2,554,0
rundeck,com.dtolabs.rundeck.core.common,Framework,getPropertyLookup,3,1,0,569,0
rundeck,com.dtolabs.rundeck.core.common,Framework,toString,3,1,0,573,0
rundeck,com.dtolabs.rundeck.core.common,Framework,getFrameworkNodeHostname,9,2,0,585,0
rundeck,com.dtolabs.rundeck.core.common,Framework,getFrameworkNodeName,9,2,0,599,0
rundeck,com.dtolabs.rundeck.core.common,Framework,createFrameworkNode,11,1,0,613,0
rundeck,com.dtolabs.rundeck.core.common,Framework,filterNodes,3,1,3,631,0
rundeck,com.dtolabs.rundeck.core.common,Framework,filterNodeSet,22,3,3,645,0
rundeck,com.dtolabs.rundeck.core.common,Framework,filterAuthorizedNodes,30,8,3,677,0
rundeck,com.dtolabs.rundeck.core.common,Framework,getConfigDir,3,1,0,715,0
rundeck,com.dtolabs.rundeck.core.common,Framework,getLibextDir,11,3,0,718,0
rundeck,com.dtolabs.rundeck.core.common,Framework,getLibextCacheDir,11,3,0,730,0
rundeck,com.dtolabs.rundeck.core.common,Framework,getFrameworkProjectsBaseDir,3,1,0,745,0
rundeck,com.dtolabs.rundeck.core.common,Framework,setAuthorizationMgr,3,1,1,749,0
rundeck,com.dtolabs.rundeck.core.common,Framework,setAuthenticationMgr,3,1,1,753,0
rundeck,com.dtolabs.rundeck.core.common,Framework,getHomeDir,3,1,0,757,0
rundeck,com.dtolabs.rundeck.core.common,Framework,isAllowUserInput,3,1,0,761,0
rundeck,com.dtolabs.rundeck.core.common,Framework,setAllowUserInput,3,1,1,765,0
rundeck,com.dtolabs.rundeck.core.common,Framework,getNodeDesc,6,2,0,773,0
rundeck,com.dtolabs.rundeck.core.common,Framework,isLocalNode,4,1,1,785,0
rundeck,com.dtolabs.rundeck.core.common,Framework,isServerNode,12,3,0,796,0
rundeck,com.dtolabs.rundeck.core.common,FailInputHandler,FailInputHandler,3,1,1,517,0
rundeck,com.dtolabs.rundeck.core.common,FailInputHandler,handleInput,3,1,1,521,0
rundeck,com.dtolabs.rundeck.core.common,FailInputHandler,getOriginal,3,1,0,525,0
rundeck,com.dtolabs.rundeck.core.common,SelectorUtils,ChainNodesSelector,4,1,2,36,0
rundeck,com.dtolabs.rundeck.core.common,SelectorUtils,AndNodesSelector,3,1,2,43,0
rundeck,com.dtolabs.rundeck.core.common,SelectorUtils,acceptNode,3,1,1,47,0
rundeck,com.dtolabs.rundeck.core.common,SelectorUtils,OrNodesSelector,3,1,2,52,0
rundeck,com.dtolabs.rundeck.core.common,SelectorUtils,acceptNode,3,1,1,56,0
rundeck,com.dtolabs.rundeck.core.common,SelectorUtils,and,3,1,2,61,0
rundeck,com.dtolabs.rundeck.core.common,SelectorUtils,or,3,1,2,64,0
rundeck,com.dtolabs.rundeck.core.common,SelectorUtils,singleNode,3,1,1,67,0
rundeck,com.dtolabs.rundeck.core.common,SelectorUtils,SingleNodeSelector,3,1,1,77,0
rundeck,com.dtolabs.rundeck.core.common,SelectorUtils,acceptNode,3,1,1,81,0
rundeck,com.dtolabs.rundeck.core.common,SelectorUtils,toString,3,1,0,85,0
rundeck,com.dtolabs.rundeck.core.common,SelectorUtils,equals,13,4,1,92,0
rundeck,com.dtolabs.rundeck.core.common,SelectorUtils,hashCode,3,1,0,110,0
rundeck,com.dtolabs.rundeck.core.common,ChainNodesSelector,ChainNodesSelector,4,1,2,36,0
rundeck,com.dtolabs.rundeck.core.common,AndNodesSelector,AndNodesSelector,3,1,2,43,0
rundeck,com.dtolabs.rundeck.core.common,AndNodesSelector,acceptNode,3,1,1,47,0
rundeck,com.dtolabs.rundeck.core.common,OrNodesSelector,OrNodesSelector,3,1,2,52,0
rundeck,com.dtolabs.rundeck.core.common,OrNodesSelector,acceptNode,3,1,1,56,0
rundeck,com.dtolabs.rundeck.core.common,SingleNodeSelector,SingleNodeSelector,3,1,1,77,0
rundeck,com.dtolabs.rundeck.core.common,SingleNodeSelector,acceptNode,3,1,1,81,0
rundeck,com.dtolabs.rundeck.core.common,SingleNodeSelector,toString,3,1,0,85,0
rundeck,com.dtolabs.rundeck.core.common,SingleNodeSelector,equals,13,4,1,92,0
rundeck,com.dtolabs.rundeck.core.common,SingleNodeSelector,hashCode,3,1,0,110,0
rundeck,com.dtolabs.rundeck.core.common,TestNodeEntryImpl,TestNodeEntryImpl,6,1,1,30,0
rundeck,com.dtolabs.rundeck.core.common,TestNodeEntryImpl,main,3,1,1,37,0
rundeck,com.dtolabs.rundeck.core.common,TestNodeEntryImpl,suite,3,1,0,41,0
rundeck,com.dtolabs.rundeck.core.common,TestNodeEntryImpl,testGetHostname,6,1,0,45,0
rundeck,com.dtolabs.rundeck.core.common,TestNodeEntryImpl,testCreate,8,1,0,52,0
rundeck,com.dtolabs.rundeck.core.common,TestNodeEntryImpl,testIsLocalHostname,7,1,0,61,0
rundeck,com.dtolabs.rundeck.core.common,TestNodeEntryImpl,testEquals,9,1,0,72,0
rundeck,com.dtolabs.rundeck.core.common,TestNodeEntryImpl,testNodeBaseEquals,8,1,0,83,0
rundeck,com.dtolabs.rundeck.core.common,TestNodeEntryImpl,testContainsUsername,4,1,0,93,0
rundeck,com.dtolabs.rundeck.core.common,TestNodeEntryImpl,testExtractUser,30,1,0,98,0
rundeck,com.dtolabs.rundeck.core.common,TestNodeEntryImpl,testExtractHost,11,1,0,130,0
rundeck,com.dtolabs.rundeck.core.common,TestNodeEntryImpl,testContainsPort,6,1,0,144,0
rundeck,com.dtolabs.rundeck.core.common,TestNodeEntryImpl,testExtractPort,14,1,0,152,0
rundeck,com.dtolabs.rundeck.core.common,TestNodesYamlGenerator,TestNodesYamlGenerator,3,1,1,43,0
rundeck,com.dtolabs.rundeck.core.common,TestNodesYamlGenerator,suite,3,1,0,47,0
rundeck,com.dtolabs.rundeck.core.common,TestNodesYamlGenerator,setUp,2,1,0,51,0
rundeck,com.dtolabs.rundeck.core.common,TestNodesYamlGenerator,tearDown,2,1,0,54,0
rundeck,com.dtolabs.rundeck.core.common,TestNodesYamlGenerator,main,3,1,1,57,0
rundeck,com.dtolabs.rundeck.core.common,TestNodesYamlGenerator,testShouldSupportOutputStream,12,1,0,62,0
rundeck,com.dtolabs.rundeck.core.common,TestNodesYamlGenerator,testShouldSupportWriter,12,1,0,75,0
rundeck,com.dtolabs.rundeck.core.common,TestNodesYamlGenerator,testShouldSupportFile,12,1,0,88,0
rundeck,com.dtolabs.rundeck.core.common,TestNodesYamlGenerator,testGenerateShouldFailOnNullOutput,14,1,0,101,0
rundeck,com.dtolabs.rundeck.core.common,TestNodesYamlGenerator,testGenerate,97,1,0,114,0
rundeck,com.dtolabs.rundeck.core.common,TestNodesYamlGenerator,parseYamlMap,7,1,1,237,0
rundeck,com.dtolabs.rundeck.core.common,TestNodesYamlGenerator,testShouldOutputEditUrl,20,1,0,245,0
rundeck,com.dtolabs.rundeck.core.common,TestNodesYamlGenerator,testShouldOutputRemoteUrl,20,1,0,271,0
rundeck,com.dtolabs.rundeck.core.common,TestNodesYamlGenerator,testShouldOutputAnyAttribtue,18,1,0,296,0
rundeck,com.dtolabs.rundeck.core.common,TestFramework,TestFramework,3,1,1,32,0
rundeck,com.dtolabs.rundeck.core.common,TestFramework,main,3,1,1,41,0
rundeck,com.dtolabs.rundeck.core.common,TestFramework,suite,3,1,0,50,0
rundeck,com.dtolabs.rundeck.core.common,TestFramework,setUp,3,1,0,59,0
rundeck,com.dtolabs.rundeck.core.common,TestFramework,testConstruction,16,1,0,64,0
rundeck,com.dtolabs.rundeck.core.common,TestFramework,testServices,8,1,0,86,0
rundeck,com.dtolabs.rundeck.core.common,TestFramework,testSetService,12,1,0,95,0
rundeck,com.dtolabs.rundeck.core.common,TestFramework,testAllowUserInput,45,1,0,110,0
rundeck,com.dtolabs.rundeck.core.common,TestFramework,testIsLocal,11,1,0,182,0
rundeck,com.dtolabs.rundeck.core.common,TestNodesYamlRoundtrip,TestNodesYamlRoundtrip,3,1,1,41,0
rundeck,com.dtolabs.rundeck.core.common,TestNodesYamlRoundtrip,suite,3,1,0,45,0
rundeck,com.dtolabs.rundeck.core.common,TestNodesYamlRoundtrip,setUp,2,1,0,49,0
rundeck,com.dtolabs.rundeck.core.common,TestNodesYamlRoundtrip,tearDown,2,1,0,52,0
rundeck,com.dtolabs.rundeck.core.common,TestNodesYamlRoundtrip,main,3,1,1,55,0
rundeck,com.dtolabs.rundeck.core.common,TestNodesYamlRoundtrip,testRoundtripObjToObj,76,1,0,59,0
rundeck,com.dtolabs.rundeck.core.common,TestNodesYamlRoundtrip,putNode,3,1,1,152,0
rundeck,com.dtolabs.rundeck.core.common,testReceiver,putNode,3,1,1,152,0
rundeck,com.dtolabs.rundeck.core.common,TestFrameworkResourceParent,TestFrameworkResourceParent,3,1,1,41,0
rundeck,com.dtolabs.rundeck.core.common,TestFrameworkResourceParent,main,3,1,1,45,0
rundeck,com.dtolabs.rundeck.core.common,TestFrameworkResourceParent,suite,3,1,0,49,0
rundeck,com.dtolabs.rundeck.core.common,TestFrameworkResourceParent,setUp,6,1,0,53,0
rundeck,com.dtolabs.rundeck.core.common,TestFrameworkResourceParent,tearDown,3,1,0,60,0
rundeck,com.dtolabs.rundeck.core.common,TestFrameworkResourceParent,FrameworkResourceParentImpl,3,1,3,64,0
rundeck,com.dtolabs.rundeck.core.common,TestFrameworkResourceParent,loadChild,3,1,1,74,0
rundeck,com.dtolabs.rundeck.core.common,TestFrameworkResourceParent,testConstruction,9,1,0,79,0
rundeck,com.dtolabs.rundeck.core.common,TestFrameworkResourceParent,testLoadChild,37,2,0,93,0
rundeck,com.dtolabs.rundeck.core.common,TestFrameworkResourceParent,loadChild,9,2,1,97,0
rundeck,com.dtolabs.rundeck.core.common,TestFrameworkResourceParent,testChildCouldBeLoaded,24,1,0,134,0
rundeck,com.dtolabs.rundeck.core.common,TestFrameworkResourceParent,testChildIsValid,15,1,0,159,0
rundeck,com.dtolabs.rundeck.core.common,TestFrameworkResourceParent,testListChildNames,29,1,0,181,0
rundeck,com.dtolabs.rundeck.core.common,TestFrameworkResourceParent,testCreateRemoveChild,31,2,0,216,0
rundeck,com.dtolabs.rundeck.core.common,TestFrameworkResourceParent,loadChild,9,2,1,219,0
rundeck,com.dtolabs.rundeck.core.common,FrameworkResourceParentImpl,FrameworkResourceParentImpl,3,1,3,64,0
rundeck,com.dtolabs.rundeck.core.common,FrameworkResourceParentImpl,loadChild,3,1,1,74,0
rundeck,com.dtolabs.rundeck.core.common,TestNodesYamlParser,TestNodesYamlParser,3,1,1,38,0
rundeck,com.dtolabs.rundeck.core.common,TestNodesYamlParser,suite,3,1,0,42,0
rundeck,com.dtolabs.rundeck.core.common,TestNodesYamlParser,setUp,2,1,0,46,0
rundeck,com.dtolabs.rundeck.core.common,TestNodesYamlParser,tearDown,2,1,0,49,0
rundeck,com.dtolabs.rundeck.core.common,TestNodesYamlParser,main,3,1,1,52,0
rundeck,com.dtolabs.rundeck.core.common,TestNodesYamlParser,testParse,117,1,0,57,0
rundeck,com.dtolabs.rundeck.core.common,TestNodesYamlParser,testParseAnyAttribute,16,1,0,208,0
rundeck,com.dtolabs.rundeck.core.common,TestNodesYamlParser,testShouldReadEditUrls,31,1,0,234,0
rundeck,com.dtolabs.rundeck.core.common,TestNodesYamlParser,testParseInvalid,52,1,0,280,0
rundeck,com.dtolabs.rundeck.core.common,TestNodesYamlParser,putNode,3,1,1,352,0
rundeck,com.dtolabs.rundeck.core.common,testReceiver,putNode,3,1,1,352,0
rundeck,com.dtolabs.rundeck.core.common,TestFrameworkProjectMgr,TestFrameworkProjectMgr,3,1,1,38,0
rundeck,com.dtolabs.rundeck.core.common,TestFrameworkProjectMgr,main,3,1,1,42,0
rundeck,com.dtolabs.rundeck.core.common,TestFrameworkProjectMgr,suite,3,1,0,46,0
rundeck,com.dtolabs.rundeck.core.common,TestFrameworkProjectMgr,setUp,9,2,0,50,0
rundeck,com.dtolabs.rundeck.core.common,TestFrameworkProjectMgr,tearDown,7,1,0,60,0
rundeck,com.dtolabs.rundeck.core.common,TestFrameworkProjectMgr,testConstruction,5,1,0,68,0
rundeck,com.dtolabs.rundeck.core.common,TestFrameworkProjectMgr,testChildCouldBeLoaded,9,1,0,79,0
rundeck,com.dtolabs.rundeck.core.common,TestFrameworkProjectMgr,testListChildNames,10,1,0,91,0
rundeck,com.dtolabs.rundeck.core.common,TestFrameworkProjectMgr,testLoadChild,40,1,0,104,0
rundeck,com.dtolabs.rundeck.core.common,TestFrameworkProjectMgr,testCreateRemoveDepot,15,1,0,144,0
rundeck,com.dtolabs.rundeck.core.common,TestFrameworkProjectMgr,testAddRemoveFrameworkProject,7,1,0,161,0
rundeck,com.dtolabs.rundeck.core.common,TestNodes,TestNodes,3,1,1,43,0
rundeck,com.dtolabs.rundeck.core.common,TestNodes,suite,3,1,0,47,0
rundeck,com.dtolabs.rundeck.core.common,TestNodes,setUp,5,1,0,51,0
rundeck,com.dtolabs.rundeck.core.common,TestNodes,tearDown,4,1,0,57,0
rundeck,com.dtolabs.rundeck.core.common,TestNodes,main,3,1,1,62,0
rundeck,com.dtolabs.rundeck.core.common,TestNodes,testNodesXML,43,1,0,67,0
rundeck,com.dtolabs.rundeck.core.common,TestNodes,testFilterNodesXML,142,1,0,118,0
rundeck,com.dtolabs.rundeck.core.common,TestNodes,testGetNodeByHostnameXML,11,1,0,286,0
rundeck,com.dtolabs.rundeck.core.common,TestNodes,testHasNodeByHostnameXML,7,1,0,304,0
rundeck,com.dtolabs.rundeck.core.common,TestNodes,testGetNodeXML,11,1,0,314,0
rundeck,com.dtolabs.rundeck.core.common,TestNodes,testHasNodeXML,7,1,0,331,0
rundeck,com.dtolabs.rundeck.core.common,TestNodes,testGetNodeEntriesXML,20,1,0,341,0
rundeck,com.dtolabs.rundeck.core.common,TestNodesXMLParser,TestNodesXMLParser,3,1,1,43,0
rundeck,com.dtolabs.rundeck.core.common,TestNodesXMLParser,suite,3,1,0,47,0
rundeck,com.dtolabs.rundeck.core.common,TestNodesXMLParser,setUp,7,1,0,51,0
rundeck,com.dtolabs.rundeck.core.common,TestNodesXMLParser,tearDown,2,1,0,59,0
rundeck,com.dtolabs.rundeck.core.common,TestNodesXMLParser,main,3,1,1,62,0
rundeck,com.dtolabs.rundeck.core.common,TestNodesXMLParser,putNode,3,1,1,69,0
rundeck,com.dtolabs.rundeck.core.common,TestNodesXMLParser,testParse,62,1,0,74,0
rundeck,com.dtolabs.rundeck.core.common,TestNodesXMLParser,testParseEditRemoteUrl,20,1,0,139,0
rundeck,com.dtolabs.rundeck.core.common,nodeReceiver,putNode,3,1,1,69,0
rundeck,com.dtolabs.rundeck.core.common,TestFrameworkProject,TestFrameworkProject,3,1,1,43,0
rundeck,com.dtolabs.rundeck.core.common,TestFrameworkProject,main,3,1,1,47,0
rundeck,com.dtolabs.rundeck.core.common,TestFrameworkProject,suite,3,1,0,51,0
rundeck,com.dtolabs.rundeck.core.common,TestFrameworkProject,setUp,6,1,0,55,0
rundeck,com.dtolabs.rundeck.core.common,TestFrameworkProject,tearDown,6,1,0,62,0
rundeck,com.dtolabs.rundeck.core.common,TestFrameworkProject,testCreateDepotStructure,8,2,0,69,0
rundeck,com.dtolabs.rundeck.core.common,TestFrameworkProject,writeProps,9,1,2,77,0
rundeck,com.dtolabs.rundeck.core.common,TestFrameworkProject,loadProps,9,1,2,86,0
rundeck,com.dtolabs.rundeck.core.common,TestFrameworkProject,testConstruction,8,2,0,95,0
rundeck,com.dtolabs.rundeck.core.common,TestFrameworkProject,testChildCouldBeLoaded,10,1,0,108,0
rundeck,com.dtolabs.rundeck.core.common,TestFrameworkProject,testListChildNames,11,1,0,124,0
rundeck,com.dtolabs.rundeck.core.common,TestFrameworkProject,testProperties,2,1,0,143,0
rundeck,com.dtolabs.rundeck.core.common,TestFrameworkProject,testGetNodes,10,1,0,166,0
rundeck,com.dtolabs.rundeck.core.common,TestFrameworkProject,testUpdateNodesResourceFile,33,1,0,179,0
rundeck,com.dtolabs.rundeck.core.common,TestFrameworkProject,testUpdateNodesResourceFileFromUrl,28,1,0,229,0
rundeck,com.dtolabs.rundeck.core.common,TestFrameworkProject,testValidateResourceProviderURL,28,1,0,275,0
rundeck,com.dtolabs.rundeck.core.common,TestFrameworkProject,testIsAllowedProviderURL,74,1,0,307,0
rundeck,com.dtolabs.rundeck.core.common,TestFrameworkProject,testGenerateProjectPropertiesFile,10,1,0,455,0
rundeck,com.dtolabs.rundeck.core.common,TestFrameworkProject,testGenerateProjectPropertiesFileOverwrite,23,1,0,472,0
rundeck,com.dtolabs.rundeck.core.common,TestFrameworkProject,testMergeProjectPropertiesFile,25,1,0,500,0
rundeck,com.dtolabs.rundeck.core.common,TestFrameworkProject,getNodes,4,1,0,537,0
rundeck,com.dtolabs.rundeck.core.common,TestFrameworkProject,createResourceModelSource,5,1,1,546,0
rundeck,com.dtolabs.rundeck.core.common,TestFrameworkProject,testLoadNodesProvidersBasic,19,1,0,552,0
rundeck,com.dtolabs.rundeck.core.common,TestFrameworkProject,testLoadNodesProvidersWithUrl,40,1,0,580,0
rundeck,com.dtolabs.rundeck.core.common,TestFrameworkProject,testLoadNodesProvidersMultiples,49,1,0,635,0
rundeck,com.dtolabs.rundeck.core.common,testSource,getNodes,4,1,0,537,0
rundeck,com.dtolabs.rundeck.core.common,testFactory,createResourceModelSource,5,1,1,546,0
rundeck,com.dtolabs.rundeck.core.common.impl,URLFileUpdaterBuilder,setUrl,4,1,1,35,0
rundeck,com.dtolabs.rundeck.core.common.impl,URLFileUpdaterBuilder,setAcceptHeader,4,1,1,40,0
rundeck,com.dtolabs.rundeck.core.common.impl,URLFileUpdaterBuilder,setTimeout,4,1,1,45,0
rundeck,com.dtolabs.rundeck.core.common.impl,URLFileUpdaterBuilder,setCacheMetadataFile,4,1,1,50,0
rundeck,com.dtolabs.rundeck.core.common.impl,URLFileUpdaterBuilder,setCachedContent,4,1,1,55,0
rundeck,com.dtolabs.rundeck.core.common.impl,URLFileUpdaterBuilder,setUseCaching,4,1,1,60,0
rundeck,com.dtolabs.rundeck.core.common.impl,URLFileUpdaterBuilder,createURLFileUpdater,3,1,0,65,0
rundeck,com.dtolabs.rundeck.core.common.impl,URLFileUpdaterBuilder,setUsername,4,1,1,70,0
rundeck,com.dtolabs.rundeck.core.common.impl,URLFileUpdaterBuilder,setPassword,4,1,1,75,0
rundeck,com.dtolabs.rundeck.core.common.impl,URLFileUpdater,setInteraction,3,1,1,69,0
rundeck,com.dtolabs.rundeck.core.common.impl,URLFileUpdater,setMethod,0,1,1,77,0
rundeck,com.dtolabs.rundeck.core.common.impl,URLFileUpdater,setClient,0,1,1,79,0
rundeck,com.dtolabs.rundeck.core.common.impl,URLFileUpdater,executeMethod,0,1,0,81,0
rundeck,com.dtolabs.rundeck.core.common.impl,URLFileUpdater,getStatusText,0,1,0,83,0
rundeck,com.dtolabs.rundeck.core.common.impl,URLFileUpdater,getResponseBodyAsStream,0,1,0,85,0
rundeck,com.dtolabs.rundeck.core.common.impl,URLFileUpdater,releaseConnection,0,1,0,87,0
rundeck,com.dtolabs.rundeck.core.common.impl,URLFileUpdater,setRequestHeader,0,1,2,89,0
rundeck,com.dtolabs.rundeck.core.common.impl,URLFileUpdater,getResponseHeader,0,1,1,91,0
rundeck,com.dtolabs.rundeck.core.common.impl,URLFileUpdater,setFollowRedirects,0,1,1,93,0
rundeck,com.dtolabs.rundeck.core.common.impl,URLFileUpdater,setMethod,3,1,1,100,0
rundeck,com.dtolabs.rundeck.core.common.impl,URLFileUpdater,setClient,3,1,1,104,0
rundeck,com.dtolabs.rundeck.core.common.impl,URLFileUpdater,executeMethod,3,1,0,108,0
rundeck,com.dtolabs.rundeck.core.common.impl,URLFileUpdater,getStatusText,3,1,0,112,0
rundeck,com.dtolabs.rundeck.core.common.impl,URLFileUpdater,getResponseBodyAsStream,3,1,0,116,0
rundeck,com.dtolabs.rundeck.core.common.impl,URLFileUpdater,releaseConnection,3,1,0,120,0
rundeck,com.dtolabs.rundeck.core.common.impl,URLFileUpdater,setRequestHeader,3,1,2,124,0
rundeck,com.dtolabs.rundeck.core.common.impl,URLFileUpdater,getResponseHeader,3,1,1,128,0
rundeck,com.dtolabs.rundeck.core.common.impl,URLFileUpdater,setFollowRedirects,3,1,1,132,0
rundeck,com.dtolabs.rundeck.core.common.impl,URLFileUpdater,URLFileUpdater,10,1,8,138,0
rundeck,com.dtolabs.rundeck.core.common.impl,URLFileUpdater,factory,3,1,0,163,0
rundeck,com.dtolabs.rundeck.core.common.impl,URLFileUpdater,fileUpdaterFromURL,3,1,3,174,0
rundeck,com.dtolabs.rundeck.core.common.impl,URLFileUpdater,updateFile,11,3,1,179,0
rundeck,com.dtolabs.rundeck.core.common.impl,URLFileUpdater,updateFileUrl,27,1,1,190,0
rundeck,com.dtolabs.rundeck.core.common.impl,URLFileUpdater,updateHTTPUrl,95,14,1,213,0
rundeck,com.dtolabs.rundeck.core.common.impl,URLFileUpdater,applyCacheHeaders,10,4,2,312,0
rundeck,com.dtolabs.rundeck.core.common.impl,URLFileUpdater,isCachedContentPresent,3,1,0,327,0
rundeck,com.dtolabs.rundeck.core.common.impl,URLFileUpdater,contentTypeFromCache,6,2,1,331,0
rundeck,com.dtolabs.rundeck.core.common.impl,URLFileUpdater,determineContentType,6,2,1,338,0
rundeck,com.dtolabs.rundeck.core.common.impl,URLFileUpdater,cleanContentType,5,2,0,345,0
rundeck,com.dtolabs.rundeck.core.common.impl,URLFileUpdater,loadCacheData,18,2,1,351,0
rundeck,com.dtolabs.rundeck.core.common.impl,URLFileUpdater,cacheResponseInfo,31,7,2,374,0
rundeck,com.dtolabs.rundeck.core.common.impl,URLFileUpdater,getContentType,3,1,0,409,0
rundeck,com.dtolabs.rundeck.core.common.impl,URLFileUpdater,getResultCode,3,1,0,413,0
rundeck,com.dtolabs.rundeck.core.common.impl,URLFileUpdater,getReasonCode,3,1,0,417,0
rundeck,com.dtolabs.rundeck.core.common.impl,httpClientInteraction,setMethod,0,1,1,77,0
rundeck,com.dtolabs.rundeck.core.common.impl,httpClientInteraction,setClient,0,1,1,79,0
rundeck,com.dtolabs.rundeck.core.common.impl,httpClientInteraction,executeMethod,0,1,0,81,0
rundeck,com.dtolabs.rundeck.core.common.impl,httpClientInteraction,getStatusText,0,1,0,83,0
rundeck,com.dtolabs.rundeck.core.common.impl,httpClientInteraction,getResponseBodyAsStream,0,1,0,85,0
rundeck,com.dtolabs.rundeck.core.common.impl,httpClientInteraction,releaseConnection,0,1,0,87,0
rundeck,com.dtolabs.rundeck.core.common.impl,httpClientInteraction,setRequestHeader,0,1,2,89,0
rundeck,com.dtolabs.rundeck.core.common.impl,httpClientInteraction,getResponseHeader,0,1,1,91,0
rundeck,com.dtolabs.rundeck.core.common.impl,httpClientInteraction,setFollowRedirects,0,1,1,93,0
rundeck,com.dtolabs.rundeck.core.common.impl,normalInteraction,setMethod,3,1,1,100,0
rundeck,com.dtolabs.rundeck.core.common.impl,normalInteraction,setClient,3,1,1,104,0
rundeck,com.dtolabs.rundeck.core.common.impl,normalInteraction,executeMethod,3,1,0,108,0
rundeck,com.dtolabs.rundeck.core.common.impl,normalInteraction,getStatusText,3,1,0,112,0
rundeck,com.dtolabs.rundeck.core.common.impl,normalInteraction,getResponseBodyAsStream,3,1,0,116,0
rundeck,com.dtolabs.rundeck.core.common.impl,normalInteraction,releaseConnection,3,1,0,120,0
rundeck,com.dtolabs.rundeck.core.common.impl,normalInteraction,setRequestHeader,3,1,2,124,0
rundeck,com.dtolabs.rundeck.core.common.impl,normalInteraction,getResponseHeader,3,1,1,128,0
rundeck,com.dtolabs.rundeck.core.common.impl,normalInteraction,setFollowRedirects,3,1,1,132,0
rundeck,com.dtolabs.rundeck.core.common.impl,Factory,fileUpdaterFromURL,3,1,3,174,0
rundeck,com.dtolabs.rundeck.core.common.impl,TestURLFileUpdater,TestURLFileUpdater,3,1,1,59,0
rundeck,com.dtolabs.rundeck.core.common.impl,TestURLFileUpdater,setMethod,3,1,1,77,0
rundeck,com.dtolabs.rundeck.core.common.impl,TestURLFileUpdater,setClient,3,1,1,81,0
rundeck,com.dtolabs.rundeck.core.common.impl,TestURLFileUpdater,executeMethod,3,1,0,85,0
rundeck,com.dtolabs.rundeck.core.common.impl,TestURLFileUpdater,getStatusText,3,1,0,89,0
rundeck,com.dtolabs.rundeck.core.common.impl,TestURLFileUpdater,getResponseBodyAsStream,3,1,0,93,0
rundeck,com.dtolabs.rundeck.core.common.impl,TestURLFileUpdater,releaseConnection,3,1,0,97,0
rundeck,com.dtolabs.rundeck.core.common.impl,TestURLFileUpdater,setRequestHeader,3,1,2,101,0
rundeck,com.dtolabs.rundeck.core.common.impl,TestURLFileUpdater,getResponseHeader,3,1,1,105,0
rundeck,com.dtolabs.rundeck.core.common.impl,TestURLFileUpdater,setFollowRedirects,3,1,1,110,0
rundeck,com.dtolabs.rundeck.core.common.impl,TestURLFileUpdater,testUpdateBasic,18,1,0,115,0
rundeck,com.dtolabs.rundeck.core.common.impl,TestURLFileUpdater,testUpdateCaching,39,1,0,139,0
rundeck,com.dtolabs.rundeck.core.common.impl,TestURLFileUpdater,testUpdateFileUrl,9,1,0,198,0
rundeck,com.dtolabs.rundeck.core.common.impl,test1,setMethod,3,1,1,77,0
rundeck,com.dtolabs.rundeck.core.common.impl,test1,setClient,3,1,1,81,0
rundeck,com.dtolabs.rundeck.core.common.impl,test1,executeMethod,3,1,0,85,0
rundeck,com.dtolabs.rundeck.core.common.impl,test1,getStatusText,3,1,0,89,0
rundeck,com.dtolabs.rundeck.core.common.impl,test1,getResponseBodyAsStream,3,1,0,93,0
rundeck,com.dtolabs.rundeck.core.common.impl,test1,releaseConnection,3,1,0,97,0
rundeck,com.dtolabs.rundeck.core.common.impl,test1,setRequestHeader,3,1,2,101,0
rundeck,com.dtolabs.rundeck.core.common.impl,test1,getResponseHeader,3,1,1,105,0
rundeck,com.dtolabs.rundeck.core.common.impl,test1,setFollowRedirects,3,1,1,110,0
rundeck,com.dtolabs.rundeck.core.common.context,IDepotContext,getFrameworkProject,0,1,0,24,0
rundeck,com.dtolabs.rundeck.core.common.context,IDepotContext,isDepotContext,0,1,0,30,0
rundeck,com.dtolabs.rundeck.core.common.context,UserContext,UserContext,3,1,1,30,0
rundeck,com.dtolabs.rundeck.core.common.context,UserContext,create,3,1,1,34,0
rundeck,com.dtolabs.rundeck.core.common.context,UserContext,getUsername,3,1,0,44,0
rundeck,com.dtolabs.rundeck.core.common.context,UserContext,isUserContext,3,1,0,53,0
rundeck,com.dtolabs.rundeck.core.common.context,UserContext,toMap,6,1,0,62,0
rundeck,com.dtolabs.rundeck.core.common.context,UserContext,toString,3,1,0,74,0
rundeck,com.dtolabs.rundeck.core.common.context,IUserContext,getUsername,0,1,0,23,0
rundeck,com.dtolabs.rundeck.core.common.context,IUserContext,isUserContext,0,1,0,29,0
rundeck,com.dtolabs.rundeck.core.common.context,IEmptyContext,isEmptyContext,0,1,0,23,0
rundeck,com.dtolabs.rundeck.core.common.context,FrameworkProjectContext,FrameworkProjectContext,2,1,0,30,0
rundeck,com.dtolabs.rundeck.core.common.context,FrameworkProjectContext,FrameworkProjectContext,4,1,1,36,0
rundeck,com.dtolabs.rundeck.core.common.context,FrameworkProjectContext,create,3,1,1,45,0
rundeck,com.dtolabs.rundeck.core.common.context,FrameworkProjectContext,getFrameworkProject,3,1,0,54,0
rundeck,com.dtolabs.rundeck.core.common.context,FrameworkProjectContext,setFrameworkProject,3,1,1,62,0
rundeck,com.dtolabs.rundeck.core.common.context,FrameworkProjectContext,isDepotContext,3,1,0,70,0
rundeck,com.dtolabs.rundeck.core.common.context,FrameworkProjectContext,isEmptyContext,3,1,0,77,0
rundeck,com.dtolabs.rundeck.core.common.context,FrameworkProjectContext,toMap,5,1,0,86,0
rundeck,com.dtolabs.rundeck.core.common.context,FrameworkProjectContext,toString,3,1,0,97,0
rundeck,com.dtolabs.rundeck.core.common.context,TestFrameworkProjectContext,TestFrameworkProjectContext,3,1,1,28,0
rundeck,com.dtolabs.rundeck.core.common.context,TestFrameworkProjectContext,suite,3,1,0,32,0
rundeck,com.dtolabs.rundeck.core.common.context,TestFrameworkProjectContext,setUp,2,1,0,36,0
rundeck,com.dtolabs.rundeck.core.common.context,TestFrameworkProjectContext,testContext,10,1,0,40,0
rundeck,com.dtolabs.rundeck.core.resources,ResourceModelSourceServiceException,ResourceModelSourceServiceException,3,1,0,34,0
rundeck,com.dtolabs.rundeck.core.resources,ResourceModelSourceServiceException,ResourceModelSourceServiceException,3,1,1,38,0
rundeck,com.dtolabs.rundeck.core.resources,ResourceModelSourceServiceException,ResourceModelSourceServiceException,3,1,1,42,0
rundeck,com.dtolabs.rundeck.core.resources,ResourceModelSourceServiceException,ResourceModelSourceServiceException,3,1,2,46,0
rundeck,com.dtolabs.rundeck.core.resources,URLResourceModelSource,URLResourceModelSource,3,1,1,61,0
rundeck,com.dtolabs.rundeck.core.resources,URLResourceModelSource,isValid,13,2,1,72,0
rundeck,com.dtolabs.rundeck.core.resources,URLResourceModelSource,getName,3,1,0,94,0
rundeck,com.dtolabs.rundeck.core.resources,URLResourceModelSource,getTitle,3,1,0,98,0
rundeck,com.dtolabs.rundeck.core.resources,URLResourceModelSource,getDescription,3,1,0,102,0
rundeck,com.dtolabs.rundeck.core.resources,URLResourceModelSource,getProperties,3,1,0,106,0
rundeck,com.dtolabs.rundeck.core.resources,URLResourceModelSource,Configuration,3,1,0,124,0
rundeck,com.dtolabs.rundeck.core.resources,URLResourceModelSource,Configuration,7,2,1,128,0
rundeck,com.dtolabs.rundeck.core.resources,URLResourceModelSource,configure,23,5,0,136,0
rundeck,com.dtolabs.rundeck.core.resources,URLResourceModelSource,validate,27,6,0,158,0
rundeck,com.dtolabs.rundeck.core.resources,URLResourceModelSource,Configuration,3,1,1,183,0
rundeck,com.dtolabs.rundeck.core.resources,URLResourceModelSource,url,9,1,1,187,0
rundeck,com.dtolabs.rundeck.core.resources,URLResourceModelSource,project,5,1,1,196,0
rundeck,com.dtolabs.rundeck.core.resources,URLResourceModelSource,cache,5,1,1,202,0
rundeck,com.dtolabs.rundeck.core.resources,URLResourceModelSource,timeout,5,1,1,208,0
rundeck,com.dtolabs.rundeck.core.resources,URLResourceModelSource,fromProperties,3,1,1,214,0
rundeck,com.dtolabs.rundeck.core.resources,URLResourceModelSource,clone,3,1,1,218,0
rundeck,com.dtolabs.rundeck.core.resources,URLResourceModelSource,build,3,1,0,222,0
rundeck,com.dtolabs.rundeck.core.resources,URLResourceModelSource,getProperties,3,1,0,226,0
rundeck,com.dtolabs.rundeck.core.resources,URLResourceModelSource,configure,11,2,1,231,0
rundeck,com.dtolabs.rundeck.core.resources,URLResourceModelSource,hashURL,12,1,1,249,0
rundeck,com.dtolabs.rundeck.core.resources,URLResourceModelSource,getNodes,56,6,0,261,0
rundeck,com.dtolabs.rundeck.core.resources,Configuration,Configuration,3,1,0,124,0
rundeck,com.dtolabs.rundeck.core.resources,Configuration,Configuration,7,2,1,128,0
rundeck,com.dtolabs.rundeck.core.resources,Configuration,configure,23,5,0,136,0
rundeck,com.dtolabs.rundeck.core.resources,Configuration,validate,27,6,0,158,0
rundeck,com.dtolabs.rundeck.core.resources,Configuration,Configuration,3,1,1,183,0
rundeck,com.dtolabs.rundeck.core.resources,Configuration,url,9,1,1,187,0
rundeck,com.dtolabs.rundeck.core.resources,Configuration,project,5,1,1,196,0
rundeck,com.dtolabs.rundeck.core.resources,Configuration,cache,5,1,1,202,0
rundeck,com.dtolabs.rundeck.core.resources,Configuration,timeout,5,1,1,208,0
rundeck,com.dtolabs.rundeck.core.resources,Configuration,fromProperties,3,1,1,214,0
rundeck,com.dtolabs.rundeck.core.resources,Configuration,clone,3,1,1,218,0
rundeck,com.dtolabs.rundeck.core.resources,Configuration,build,3,1,0,222,0
rundeck,com.dtolabs.rundeck.core.resources,Configuration,getProperties,3,1,0,226,0
rundeck,com.dtolabs.rundeck.core.resources,DirectoryResourceModelSource,DirectoryResourceModelSource,3,1,1,47,0
rundeck,com.dtolabs.rundeck.core.resources,DirectoryResourceModelSource,getName,3,1,0,65,0
rundeck,com.dtolabs.rundeck.core.resources,DirectoryResourceModelSource,getTitle,3,1,0,69,0
rundeck,com.dtolabs.rundeck.core.resources,DirectoryResourceModelSource,getDescription,3,1,0,73,0
rundeck,com.dtolabs.rundeck.core.resources,DirectoryResourceModelSource,getProperties,3,1,0,77,0
rundeck,com.dtolabs.rundeck.core.resources,DirectoryResourceModelSource,configure,4,1,1,82,0
rundeck,com.dtolabs.rundeck.core.resources,DirectoryResourceModelSource,configure,4,1,1,88,0
rundeck,com.dtolabs.rundeck.core.resources,DirectoryResourceModelSource,Configuration,3,1,1,99,0
rundeck,com.dtolabs.rundeck.core.resources,DirectoryResourceModelSource,fromProperties,3,1,1,103,0
rundeck,com.dtolabs.rundeck.core.resources,DirectoryResourceModelSource,configure,8,3,1,107,0
rundeck,com.dtolabs.rundeck.core.resources,DirectoryResourceModelSource,validate,11,4,0,116,0
rundeck,com.dtolabs.rundeck.core.resources,DirectoryResourceModelSource,getNodes,6,1,0,130,0
rundeck,com.dtolabs.rundeck.core.resources,DirectoryResourceModelSource,loadNodeSets,10,2,0,137,0
rundeck,com.dtolabs.rundeck.core.resources,DirectoryResourceModelSource,loadFileSources,41,6,2,147,0
rundeck,com.dtolabs.rundeck.core.resources,DirectoryResourceModelSource,accept,3,1,2,160,0
rundeck,com.dtolabs.rundeck.core.resources,DirectoryResourceModelSource,compare,3,1,2,171,0
rundeck,com.dtolabs.rundeck.core.resources,Configuration,Configuration,3,1,1,99,0
rundeck,com.dtolabs.rundeck.core.resources,Configuration,fromProperties,3,1,1,103,0
rundeck,com.dtolabs.rundeck.core.resources,Configuration,configure,8,3,1,107,0
rundeck,com.dtolabs.rundeck.core.resources,Configuration,validate,11,4,0,116,0
rundeck,com.dtolabs.rundeck.core.resources,ScriptPluginResourceModelSource,ScriptPluginResourceModelSource,8,2,2,50,0
rundeck,com.dtolabs.rundeck.core.resources,ScriptPluginResourceModelSource,getNodes,3,1,0,59,0
rundeck,com.dtolabs.rundeck.core.resources,ScriptPluginResourceModelSource,configure,17,4,1,65,0
rundeck,com.dtolabs.rundeck.core.resources,FileResourceModelSourceFactory,FileResourceModelSourceFactory,3,1,1,43,0
rundeck,com.dtolabs.rundeck.core.resources,FileResourceModelSourceFactory,createResourceModelSource,5,1,1,47,0
rundeck,com.dtolabs.rundeck.core.resources,FileResourceModelSourceFactory,getDescription,3,1,0,53,0
rundeck,com.dtolabs.rundeck.core.resources,ResourceModelSourceException,ResourceModelSourceException,3,1,0,32,0
rundeck,com.dtolabs.rundeck.core.resources,ResourceModelSourceException,ResourceModelSourceException,3,1,1,36,0
rundeck,com.dtolabs.rundeck.core.resources,ResourceModelSourceException,ResourceModelSourceException,3,1,1,40,0
rundeck,com.dtolabs.rundeck.core.resources,ResourceModelSourceException,ResourceModelSourceException,3,1,2,44,0
rundeck,com.dtolabs.rundeck.core.resources,FileResourceModelSource,FileResourceModelSource,4,1,1,50,0
rundeck,com.dtolabs.rundeck.core.resources,FileResourceModelSource,Description,5,1,1,73,0
rundeck,com.dtolabs.rundeck.core.resources,FileResourceModelSource,getName,3,1,0,81,0
rundeck,com.dtolabs.rundeck.core.resources,FileResourceModelSource,getTitle,3,1,0,85,0
rundeck,com.dtolabs.rundeck.core.resources,FileResourceModelSource,getDescription,3,1,0,89,0
rundeck,com.dtolabs.rundeck.core.resources,FileResourceModelSource,getProperties,3,1,0,93,0
rundeck,com.dtolabs.rundeck.core.resources,FileResourceModelSource,Configuration,3,1,0,114,0
rundeck,com.dtolabs.rundeck.core.resources,FileResourceModelSource,Configuration,7,2,1,118,0
rundeck,com.dtolabs.rundeck.core.resources,FileResourceModelSource,Configuration,3,1,1,126,0
rundeck,com.dtolabs.rundeck.core.resources,FileResourceModelSource,fromProperties,3,1,1,131,0
rundeck,com.dtolabs.rundeck.core.resources,FileResourceModelSource,clone,3,1,1,135,0
rundeck,com.dtolabs.rundeck.core.resources,FileResourceModelSource,build,3,1,0,139,0
rundeck,com.dtolabs.rundeck.core.resources,FileResourceModelSource,format,5,1,1,143,0
rundeck,com.dtolabs.rundeck.core.resources,FileResourceModelSource,file,5,1,1,149,0
rundeck,com.dtolabs.rundeck.core.resources,FileResourceModelSource,file,5,1,1,155,0
rundeck,com.dtolabs.rundeck.core.resources,FileResourceModelSource,project,5,1,1,161,0
rundeck,com.dtolabs.rundeck.core.resources,FileResourceModelSource,includeServerNode,5,1,1,167,0
rundeck,com.dtolabs.rundeck.core.resources,FileResourceModelSource,generateFileAutomatically,5,1,1,173,0
rundeck,com.dtolabs.rundeck.core.resources,FileResourceModelSource,requireFileExists,5,1,1,179,0
rundeck,com.dtolabs.rundeck.core.resources,FileResourceModelSource,getProperties,3,1,0,185,0
rundeck,com.dtolabs.rundeck.core.resources,FileResourceModelSource,configure,20,7,0,190,0
rundeck,com.dtolabs.rundeck.core.resources,FileResourceModelSource,validate,8,3,0,213,0
rundeck,com.dtolabs.rundeck.core.resources,FileResourceModelSource,toString,3,1,0,222,0
rundeck,com.dtolabs.rundeck.core.resources,FileResourceModelSource,configure,4,1,1,236,0
rundeck,com.dtolabs.rundeck.core.resources,FileResourceModelSource,configure,4,1,1,241,0
rundeck,com.dtolabs.rundeck.core.resources,FileResourceModelSource,getNodes,3,1,0,249,0
rundeck,com.dtolabs.rundeck.core.resources,FileResourceModelSource,getNodes,9,2,2,253,0
rundeck,com.dtolabs.rundeck.core.resources,FileResourceModelSource,generateResourcesFile,40,3,2,272,0
rundeck,com.dtolabs.rundeck.core.resources,FileResourceModelSource,loadNodes,24,6,2,308,0
rundeck,com.dtolabs.rundeck.core.resources,FileResourceModelSource,createParser,13,2,2,330,0
rundeck,com.dtolabs.rundeck.core.resources,FileResourceModelSource,parseFile,3,1,3,350,0
rundeck,com.dtolabs.rundeck.core.resources,FileResourceModelSource,parseFile,5,1,3,358,0
rundeck,com.dtolabs.rundeck.core.resources,FileResourceModelSource,parseFile,5,1,4,376,0
rundeck,com.dtolabs.rundeck.core.resources,Description,Description,5,1,1,73,0
rundeck,com.dtolabs.rundeck.core.resources,Description,getName,3,1,0,81,0
rundeck,com.dtolabs.rundeck.core.resources,Description,getTitle,3,1,0,85,0
rundeck,com.dtolabs.rundeck.core.resources,Description,getDescription,3,1,0,89,0
rundeck,com.dtolabs.rundeck.core.resources,Description,getProperties,3,1,0,93,0
rundeck,com.dtolabs.rundeck.core.resources,Configuration,Configuration,3,1,0,114,0
rundeck,com.dtolabs.rundeck.core.resources,Configuration,Configuration,7,2,1,118,0
rundeck,com.dtolabs.rundeck.core.resources,Configuration,Configuration,3,1,1,126,0
rundeck,com.dtolabs.rundeck.core.resources,Configuration,fromProperties,3,1,1,131,0
rundeck,com.dtolabs.rundeck.core.resources,Configuration,clone,3,1,1,135,0
rundeck,com.dtolabs.rundeck.core.resources,Configuration,build,3,1,0,139,0
rundeck,com.dtolabs.rundeck.core.resources,Configuration,format,5,1,1,143,0
rundeck,com.dtolabs.rundeck.core.resources,Configuration,file,5,1,1,149,0
rundeck,com.dtolabs.rundeck.core.resources,Configuration,file,5,1,1,155,0
rundeck,com.dtolabs.rundeck.core.resources,Configuration,project,5,1,1,161,0
rundeck,com.dtolabs.rundeck.core.resources,Configuration,includeServerNode,5,1,1,167,0
rundeck,com.dtolabs.rundeck.core.resources,Configuration,generateFileAutomatically,5,1,1,173,0
rundeck,com.dtolabs.rundeck.core.resources,Configuration,requireFileExists,5,1,1,179,0
rundeck,com.dtolabs.rundeck.core.resources,Configuration,getProperties,3,1,0,185,0
rundeck,com.dtolabs.rundeck.core.resources,Configuration,configure,20,7,0,190,0
rundeck,com.dtolabs.rundeck.core.resources,Configuration,validate,8,3,0,213,0
rundeck,com.dtolabs.rundeck.core.resources,Configuration,toString,3,1,0,222,0
rundeck,com.dtolabs.rundeck.core.resources,DirectoryResourceModelSourceFactory,DirectoryResourceModelSourceFactory,3,1,1,44,0
rundeck,com.dtolabs.rundeck.core.resources,DirectoryResourceModelSourceFactory,createResourceModelSource,5,1,1,48,0
rundeck,com.dtolabs.rundeck.core.resources,DirectoryResourceModelSourceFactory,getDescription,3,1,0,55,0
rundeck,com.dtolabs.rundeck.core.resources,ScriptResourceModelSource,isValid,3,1,1,57,0
rundeck,com.dtolabs.rundeck.core.resources,ScriptResourceModelSource,Description,5,1,1,75,0
rundeck,com.dtolabs.rundeck.core.resources,ScriptResourceModelSource,getName,3,1,0,84,0
rundeck,com.dtolabs.rundeck.core.resources,ScriptResourceModelSource,getTitle,3,1,0,88,0
rundeck,com.dtolabs.rundeck.core.resources,ScriptResourceModelSource,getDescription,3,1,0,92,0
rundeck,com.dtolabs.rundeck.core.resources,ScriptResourceModelSource,getProperties,3,1,0,96,0
rundeck,com.dtolabs.rundeck.core.resources,ScriptResourceModelSource,ScriptResourceModelSource,3,1,1,108,0
rundeck,com.dtolabs.rundeck.core.resources,ScriptResourceModelSource,configure,23,5,1,114,0
rundeck,com.dtolabs.rundeck.core.resources,ScriptResourceModelSource,getNodes,8,1,0,140,0
rundeck,com.dtolabs.rundeck.core.resources,Description,Description,5,1,1,75,0
rundeck,com.dtolabs.rundeck.core.resources,Description,getName,3,1,0,84,0
rundeck,com.dtolabs.rundeck.core.resources,Description,getTitle,3,1,0,88,0
rundeck,com.dtolabs.rundeck.core.resources,Description,getDescription,3,1,0,92,0
rundeck,com.dtolabs.rundeck.core.resources,Description,getProperties,3,1,0,96,0
rundeck,com.dtolabs.rundeck.core.resources,ResourceModelSource,getNodes,0,1,0,34,0
rundeck,com.dtolabs.rundeck.core.resources,ScriptResourceModelSourceFactory,ScriptResourceModelSourceFactory,3,1,1,44,0
rundeck,com.dtolabs.rundeck.core.resources,ScriptResourceModelSourceFactory,getDescription,3,1,0,49,0
rundeck,com.dtolabs.rundeck.core.resources,ScriptResourceModelSourceFactory,createResourceModelSource,5,1,1,53,0
rundeck,com.dtolabs.rundeck.core.resources,ScriptResourceUtil,executeScript,67,6,9,39,0
rundeck,com.dtolabs.rundeck.core.resources,ScriptResourceUtil,execShellScript,5,1,8,123,0
rundeck,com.dtolabs.rundeck.core.resources,ScriptResourceUtil,buildProcess,19,4,6,147,0
rundeck,com.dtolabs.rundeck.core.resources,ScriptResourceUtil,execScript,8,1,7,184,0
rundeck,com.dtolabs.rundeck.core.resources,ScriptResourceUtil,buildExecParams,15,3,4,208,0
rundeck,com.dtolabs.rundeck.core.resources,ScriptResourceUtil,ExecParams,4,1,2,234,0
rundeck,com.dtolabs.rundeck.core.resources,ScriptResourceUtil,getArgs,3,1,0,239,0
rundeck,com.dtolabs.rundeck.core.resources,ScriptResourceUtil,getEnvarr,3,1,0,243,0
rundeck,com.dtolabs.rundeck.core.resources,ExecParams,ExecParams,4,1,2,234,0
rundeck,com.dtolabs.rundeck.core.resources,ExecParams,getArgs,3,1,0,239,0
rundeck,com.dtolabs.rundeck.core.resources,ExecParams,getEnvarr,3,1,0,243,0
rundeck,com.dtolabs.rundeck.core.resources,URLResourceModelSourceFactory,URLResourceModelSourceFactory,3,1,1,44,0
rundeck,com.dtolabs.rundeck.core.resources,URLResourceModelSourceFactory,createResourceModelSource,5,1,1,48,0
rundeck,com.dtolabs.rundeck.core.resources,URLResourceModelSourceFactory,getDescription,3,1,0,54,0
rundeck,com.dtolabs.rundeck.core.resources,ScriptPluginResourceModelSourceFactory,ScriptPluginResourceModelSourceFactory,10,2,2,45,0
rundeck,com.dtolabs.rundeck.core.resources,ScriptPluginResourceModelSourceFactory,validateScriptPlugin,11,2,1,56,0
rundeck,com.dtolabs.rundeck.core.resources,ScriptPluginResourceModelSourceFactory,createResourceModelSource,5,1,1,70,0
rundeck,com.dtolabs.rundeck.core.resources,ScriptPluginResourceModelSourceFactory,isAllowCustomProperties,3,1,0,78,0
rundeck,com.dtolabs.rundeck.core.resources,ResourceModelSourceFactory,createResourceModelSource,0,1,1,36,0
rundeck,com.dtolabs.rundeck.core.resources,ResourceModelSourceService,ResourceModelSourceService,7,1,1,50,0
rundeck,com.dtolabs.rundeck.core.resources,ResourceModelSourceService,getName,3,1,0,60,0
rundeck,com.dtolabs.rundeck.core.resources,ResourceModelSourceService,getInstanceForFramework,8,2,1,65,0
rundeck,com.dtolabs.rundeck.core.resources,ResourceModelSourceService,getSourceForConfiguration,12,1,2,75,0
rundeck,com.dtolabs.rundeck.core.resources,ResourceModelSourceService,isValidProviderClass,3,1,1,92,0
rundeck,com.dtolabs.rundeck.core.resources,ResourceModelSourceService,createProviderInstance,3,1,2,97,0
rundeck,com.dtolabs.rundeck.core.resources,ResourceModelSourceService,isScriptPluggable,3,1,0,103,0
rundeck,com.dtolabs.rundeck.core.resources,ResourceModelSourceService,createScriptProviderInstance,4,1,1,107,0
rundeck,com.dtolabs.rundeck.core.resources,ResourceModelSourceService,getProviderForConfiguration,3,1,2,113,0
rundeck,com.dtolabs.rundeck.core.resources,ResourceModelSourceService,listDescriptions,16,3,0,119,0
rundeck,com.dtolabs.rundeck.core.resources,ResourceModelSourceService,listDescribableProviders,15,3,0,136,0
rundeck,com.dtolabs.rundeck.core.resources,TestResourceModelSourceService,TestResourceModelSourceService,3,1,1,48,0
rundeck,com.dtolabs.rundeck.core.resources,TestResourceModelSourceService,setUp,12,1,0,52,0
rundeck,com.dtolabs.rundeck.core.resources,TestResourceModelSourceService,tearDown,5,1,0,68,0
rundeck,com.dtolabs.rundeck.core.resources,TestResourceModelSourceService,getNodes,3,1,0,78,0
rundeck,com.dtolabs.rundeck.core.resources,TestResourceModelSourceService,createResourceModelSource,8,2,1,89,0
rundeck,com.dtolabs.rundeck.core.resources,TestResourceModelSourceService,getNodes,3,1,0,101,0
rundeck,com.dtolabs.rundeck.core.resources,TestResourceModelSourceService,getNode,3,1,1,105,0
rundeck,com.dtolabs.rundeck.core.resources,TestResourceModelSourceService,getNodeNames,3,1,0,109,0
rundeck,com.dtolabs.rundeck.core.resources,TestResourceModelSourceService,testGetProviderForConfiguration,55,1,0,114,0
rundeck,com.dtolabs.rundeck.core.resources,sourceTest1,getNodes,3,1,0,78,0
rundeck,com.dtolabs.rundeck.core.resources,test1,createResourceModelSource,8,2,1,89,0
rundeck,com.dtolabs.rundeck.core.resources,nodesettest,getNodes,3,1,0,101,0
rundeck,com.dtolabs.rundeck.core.resources,nodesettest,getNode,3,1,1,105,0
rundeck,com.dtolabs.rundeck.core.resources,nodesettest,getNodeNames,3,1,0,109,0
rundeck,com.dtolabs.rundeck.core.resources,TestURLResourceModelSource,TestURLResourceModelSource,3,1,1,62,0
rundeck,com.dtolabs.rundeck.core.resources,TestURLResourceModelSource,setUp,12,1,0,68,0
rundeck,com.dtolabs.rundeck.core.resources,TestURLResourceModelSource,tearDown,5,1,0,83,0
rundeck,com.dtolabs.rundeck.core.resources,TestURLResourceModelSource,testConfigureProperties,70,1,0,89,0
rundeck,com.dtolabs.rundeck.core.resources,TestURLResourceModelSource,setMethod,3,1,1,179,0
rundeck,com.dtolabs.rundeck.core.resources,TestURLResourceModelSource,setClient,3,1,1,183,0
rundeck,com.dtolabs.rundeck.core.resources,TestURLResourceModelSource,executeMethod,3,1,0,187,0
rundeck,com.dtolabs.rundeck.core.resources,TestURLResourceModelSource,getStatusText,3,1,0,191,0
rundeck,com.dtolabs.rundeck.core.resources,TestURLResourceModelSource,getResponseBodyAsStream,3,1,0,195,0
rundeck,com.dtolabs.rundeck.core.resources,TestURLResourceModelSource,releaseConnection,3,1,0,199,0
rundeck,com.dtolabs.rundeck.core.resources,TestURLResourceModelSource,setRequestHeader,3,1,2,203,0
rundeck,com.dtolabs.rundeck.core.resources,TestURLResourceModelSource,getResponseHeader,3,1,1,207,0
rundeck,com.dtolabs.rundeck.core.resources,TestURLResourceModelSource,setFollowRedirects,3,1,1,212,0
rundeck,com.dtolabs.rundeck.core.resources,TestURLResourceModelSource,testGetNodesYaml,23,1,0,216,0
rundeck,com.dtolabs.rundeck.core.resources,TestURLResourceModelSource,testGetNodesXml,22,1,0,243,0
rundeck,com.dtolabs.rundeck.core.resources,TestURLResourceModelSource,testGetNodesCaching,42,1,0,268,0
rundeck,com.dtolabs.rundeck.core.resources,TestURLResourceModelSource,testGetNodesFile,27,1,0,326,0
rundeck,com.dtolabs.rundeck.core.resources,test1,setMethod,3,1,1,179,0
rundeck,com.dtolabs.rundeck.core.resources,test1,setClient,3,1,1,183,0
rundeck,com.dtolabs.rundeck.core.resources,test1,executeMethod,3,1,0,187,0
rundeck,com.dtolabs.rundeck.core.resources,test1,getStatusText,3,1,0,191,0
rundeck,com.dtolabs.rundeck.core.resources,test1,getResponseBodyAsStream,3,1,0,195,0
rundeck,com.dtolabs.rundeck.core.resources,test1,releaseConnection,3,1,0,199,0
rundeck,com.dtolabs.rundeck.core.resources,test1,setRequestHeader,3,1,2,203,0
rundeck,com.dtolabs.rundeck.core.resources,test1,getResponseHeader,3,1,1,207,0
rundeck,com.dtolabs.rundeck.core.resources,test1,setFollowRedirects,3,1,1,212,0
rundeck,com.dtolabs.rundeck.core.resources,TestURLResourceModelSourceFactory,testblah,2,1,0,34,0
rundeck,com.dtolabs.rundeck.core.resources,TestFileResourceModelSourceFactory,TestFileResourceModelSourceFactory,3,1,1,42,0
rundeck,com.dtolabs.rundeck.core.resources,TestFileResourceModelSourceFactory,setUp,12,1,0,46,0
rundeck,com.dtolabs.rundeck.core.resources,TestFileResourceModelSourceFactory,tearDown,5,1,0,61,0
rundeck,com.dtolabs.rundeck.core.resources,TestFileResourceModelSourceFactory,testCreateNodesProvider,10,1,0,68,0
rundeck,com.dtolabs.rundeck.core.resources,TestDirectoryResourceModelSource,TestDirectoryResourceModelSource,3,1,1,44,0
rundeck,com.dtolabs.rundeck.core.resources,TestDirectoryResourceModelSource,setUp,11,1,0,50,0
rundeck,com.dtolabs.rundeck.core.resources,TestDirectoryResourceModelSource,tearDown,5,1,0,65,0
rundeck,com.dtolabs.rundeck.core.resources,TestDirectoryResourceModelSource,testConfiguration,24,1,0,72,0
rundeck,com.dtolabs.rundeck.core.resources,TestDirectoryResourceModelSource,testValidation,37,1,0,98,0
rundeck,com.dtolabs.rundeck.core.resources,TestDirectoryResourceModelSource,testGetNodesMissingDir,14,1,0,137,0
rundeck,com.dtolabs.rundeck.core.resources,TestDirectoryResourceModelSource,testGetNodesEmptyDir,15,1,0,154,0
rundeck,com.dtolabs.rundeck.core.resources,TestDirectoryResourceModelSource,testGetNodesSingleFile,24,1,0,172,0
rundeck,com.dtolabs.rundeck.core.resources,TestDirectoryResourceModelSource,testGetNodesMultiFile,30,1,0,199,0
rundeck,com.dtolabs.rundeck.core.resources,TestDirectoryResourceModelSource,testGetNodesMultiFileModified,44,1,0,241,0
rundeck,com.dtolabs.rundeck.core.resources,TestDirectoryResourceModelSource,testGetNodesMultiFileAdded,36,1,0,322,0
rundeck,com.dtolabs.rundeck.core.resources,TestDirectoryResourceModelSource,testGetNodesMultiFileRemoved,38,1,0,378,0
rundeck,com.dtolabs.rundeck.core.resources,TestDirectoryResourceModelSource,testGetNodesOrdering,46,1,0,435,0
rundeck,com.dtolabs.rundeck.core.resources,TestFileResourceModelSource,TestFileResourceModelSource,3,1,1,44,0
rundeck,com.dtolabs.rundeck.core.resources,TestFileResourceModelSource,setUp,11,1,0,49,0
rundeck,com.dtolabs.rundeck.core.resources,TestFileResourceModelSource,tearDown,5,1,0,64,0
rundeck,com.dtolabs.rundeck.core.resources,TestFileResourceModelSource,testConfigureProperties,26,1,0,70,0
rundeck,com.dtolabs.rundeck.core.resources,TestFileResourceModelSource,testValidation,45,1,0,97,0
rundeck,com.dtolabs.rundeck.core.resources,TestFileResourceModelSource,testConfiguration,99,1,0,152,0
rundeck,com.dtolabs.rundeck.core.resources,TestFileResourceModelSource,testGetNodes,14,1,0,267,0
rundeck,com.dtolabs.rundeck.core.resources,TestFileResourceModelSource,testGetNodesYaml,21,1,0,284,0
rundeck,com.dtolabs.rundeck.core.resources,TestFileResourceModelSource,testGetNodesIncludeServerNode,16,1,0,317,0
rundeck,com.dtolabs.rundeck.core.resources,TestFileResourceModelSource,testGetNodesGenerateFileAutomatically,70,1,0,335,0
rundeck,com.dtolabs.rundeck.core.resources,TestFileResourceModelSource,testParseFile,26,1,0,425,0
rundeck,com.dtolabs.rundeck.core.resources,TestScriptResourceUtil,setUp,4,1,0,42,0
rundeck,com.dtolabs.rundeck.core.resources,TestScriptResourceUtil,tearDown,2,1,0,47,0
rundeck,com.dtolabs.rundeck.core.resources,TestScriptResourceUtil,testBuildProcessArgs,21,1,0,51,0
rundeck,com.dtolabs.rundeck.core.resources,TestScriptResourceUtil,testBuildProcessEnv,19,1,0,80,0
rundeck,com.dtolabs.rundeck.core.resources,TestScriptResourceUtil,testBuildProcessDataReferences,21,1,0,104,0
rundeck,com.dtolabs.rundeck.core.resources,TestScriptResourceUtil,testBuildExecParamsArgs,13,1,0,141,0
rundeck,com.dtolabs.rundeck.core.resources,TestScriptResourceUtil,testBuildExecParamsEnv,16,1,0,159,0
rundeck,com.dtolabs.rundeck.core.resources,TestScriptResourceUtil,testBuildExecParamsDataReferences,19,1,0,181,0
rundeck,com.dtolabs.rundeck.core.resources.format,UnsupportedFormatException,UnsupportedFormatException,3,1,0,32,0
rundeck,com.dtolabs.rundeck.core.resources.format,UnsupportedFormatException,UnsupportedFormatException,3,1,1,36,0
rundeck,com.dtolabs.rundeck.core.resources.format,UnsupportedFormatException,UnsupportedFormatException,3,1,1,40,0
rundeck,com.dtolabs.rundeck.core.resources.format,UnsupportedFormatException,UnsupportedFormatException,3,1,2,44,0
rundeck,com.dtolabs.rundeck.core.resources.format,ResourceFormatParser,getFileExtensions,0,1,0,38,0
rundeck,com.dtolabs.rundeck.core.resources.format,ResourceFormatParser,getMIMETypes,0,1,0,43,0
rundeck,com.dtolabs.rundeck.core.resources.format,ResourceFormatParser,parseDocument,0,1,1,49,0
rundeck,com.dtolabs.rundeck.core.resources.format,ResourceFormatParser,parseDocument,0,1,1,54,0
rundeck,com.dtolabs.rundeck.core.resources.format,ResourceFormatParserService,ResourceFormatParserService,5,1,1,51,0
rundeck,com.dtolabs.rundeck.core.resources.format,ResourceFormatParserService,getName,3,1,0,59,0
rundeck,com.dtolabs.rundeck.core.resources.format,ResourceFormatParserService,listFormats,7,2,0,63,0
rundeck,com.dtolabs.rundeck.core.resources.format,ResourceFormatParserService,listSupportedFileExtensions,13,2,0,73,0
rundeck,com.dtolabs.rundeck.core.resources.format,ResourceFormatParserService,getParserForFileExtension,9,2,1,89,0
rundeck,com.dtolabs.rundeck.core.resources.format,ResourceFormatParserService,getFileExtension,4,1,1,108,0
rundeck,com.dtolabs.rundeck.core.resources.format,ResourceFormatParserService,getParserForFileExtension,8,3,1,116,0
rundeck,com.dtolabs.rundeck.core.resources.format,ResourceFormatParserService,getParserForFormat,8,1,1,135,0
rundeck,com.dtolabs.rundeck.core.resources.format,ResourceFormatParserService,getParserForMIMEType,31,9,1,152,0
rundeck,com.dtolabs.rundeck.core.resources.format,ResourceFormatParserService,validMimeType,7,2,1,192,0
rundeck,com.dtolabs.rundeck.core.resources.format,ResourceFormatParserService,isValidProviderClass,3,1,1,200,0
rundeck,com.dtolabs.rundeck.core.resources.format,ResourceFormatParserService,createProviderInstance,3,1,2,204,0
rundeck,com.dtolabs.rundeck.core.resources.format,ResourceFormatParserService,isScriptPluggable,3,1,0,209,0
rundeck,com.dtolabs.rundeck.core.resources.format,ResourceFormatParserService,createScriptProviderInstance,3,1,1,213,0
rundeck,com.dtolabs.rundeck.core.resources.format,ResourceFormatParserService,listDescribableProviders,3,1,0,218,0
rundeck,com.dtolabs.rundeck.core.resources.format,ResourceFormatParserService,listDescriptions,10,3,0,223,0
rundeck,com.dtolabs.rundeck.core.resources.format,ResourceFormatParserService,listParsers,13,2,0,234,0
rundeck,com.dtolabs.rundeck.core.resources.format,ResourceFormatParserService,getInstanceForFramework,8,2,1,247,0
rundeck,com.dtolabs.rundeck.core.resources.format,ResourceFormatParserException,ResourceFormatParserException,3,1,0,32,0
rundeck,com.dtolabs.rundeck.core.resources.format,ResourceFormatParserException,ResourceFormatParserException,3,1,1,36,0
rundeck,com.dtolabs.rundeck.core.resources.format,ResourceFormatParserException,ResourceFormatParserException,3,1,1,40,0
rundeck,com.dtolabs.rundeck.core.resources.format,ResourceFormatParserException,ResourceFormatParserException,3,1,2,44,0
rundeck,com.dtolabs.rundeck.core.resources.format,ResourceXMLFormatParser,getFileExtensions,3,1,0,54,0
rundeck,com.dtolabs.rundeck.core.resources.format,ResourceXMLFormatParser,getMIMETypes,3,1,0,58,0
rundeck,com.dtolabs.rundeck.core.resources.format,ResourceXMLFormatParser,parseDocument,10,1,1,62,0
rundeck,com.dtolabs.rundeck.core.resources.format,ResourceXMLFormatParser,parseDocument,10,1,1,72,0
rundeck,com.dtolabs.rundeck.core.resources.format,ResourceXMLFormatParser,getName,3,1,0,83,0
rundeck,com.dtolabs.rundeck.core.resources.format,ResourceXMLFormatParser,getTitle,3,1,0,87,0
rundeck,com.dtolabs.rundeck.core.resources.format,ResourceXMLFormatParser,getDescription,3,1,0,91,0
rundeck,com.dtolabs.rundeck.core.resources.format,ResourceXMLFormatParser,getDescription,3,1,0,97,0
rundeck,com.dtolabs.rundeck.core.resources.format,ResourceFormatGeneratorException,ResourceFormatGeneratorException,3,1,0,32,0
rundeck,com.dtolabs.rundeck.core.resources.format,ResourceFormatGeneratorException,ResourceFormatGeneratorException,3,1,1,36,0
rundeck,com.dtolabs.rundeck.core.resources.format,ResourceFormatGeneratorException,ResourceFormatGeneratorException,3,1,1,40,0
rundeck,com.dtolabs.rundeck.core.resources.format,ResourceFormatGeneratorException,ResourceFormatGeneratorException,3,1,2,44,0
rundeck,com.dtolabs.rundeck.core.resources.format,ResourceXMLFormatGenerator,getFileExtensions,3,1,0,49,0
rundeck,com.dtolabs.rundeck.core.resources.format,ResourceXMLFormatGenerator,getMIMETypes,3,1,0,53,0
rundeck,com.dtolabs.rundeck.core.resources.format,ResourceXMLFormatGenerator,generateDocument,5,1,2,57,0
rundeck,com.dtolabs.rundeck.core.resources.format,ResourceYamlFormatGenerator,getFileExtensions,3,1,0,49,0
rundeck,com.dtolabs.rundeck.core.resources.format,ResourceYamlFormatGenerator,getMIMETypes,3,1,0,53,0
rundeck,com.dtolabs.rundeck.core.resources.format,ResourceYamlFormatGenerator,generateDocument,10,1,2,57,0
rundeck,com.dtolabs.rundeck.core.resources.format,ResourceFormatGeneratorService,ResourceFormatGeneratorService,5,1,1,52,0
rundeck,com.dtolabs.rundeck.core.resources.format,ResourceFormatGeneratorService,getName,3,1,0,59,0
rundeck,com.dtolabs.rundeck.core.resources.format,ResourceFormatGeneratorService,listFormats,7,2,0,63,0
rundeck,com.dtolabs.rundeck.core.resources.format,ResourceFormatGeneratorService,getGeneratorForFileExtension,9,2,1,75,0
rundeck,com.dtolabs.rundeck.core.resources.format,ResourceFormatGeneratorService,getGeneratorForFileExtension,8,3,1,95,0
rundeck,com.dtolabs.rundeck.core.resources.format,ResourceFormatGeneratorService,getGeneratorForFormat,8,1,1,114,0
rundeck,com.dtolabs.rundeck.core.resources.format,ResourceFormatGeneratorService,getGeneratorForMIMEType,31,9,1,133,0
rundeck,com.dtolabs.rundeck.core.resources.format,ResourceFormatGeneratorService,isValidProviderClass,3,1,1,174,0
rundeck,com.dtolabs.rundeck.core.resources.format,ResourceFormatGeneratorService,createProviderInstance,3,1,2,178,0
rundeck,com.dtolabs.rundeck.core.resources.format,ResourceFormatGeneratorService,isScriptPluggable,3,1,0,183,0
rundeck,com.dtolabs.rundeck.core.resources.format,ResourceFormatGeneratorService,createScriptProviderInstance,3,1,1,187,0
rundeck,com.dtolabs.rundeck.core.resources.format,ResourceFormatGeneratorService,listDescribableProviders,3,1,0,192,0
rundeck,com.dtolabs.rundeck.core.resources.format,ResourceFormatGeneratorService,listDescriptions,10,3,0,197,0
rundeck,com.dtolabs.rundeck.core.resources.format,ResourceFormatGeneratorService,listGenerators,13,2,0,208,0
rundeck,com.dtolabs.rundeck.core.resources.format,ResourceFormatGeneratorService,getInstanceForFramework,8,2,1,221,0
rundeck,com.dtolabs.rundeck.core.resources.format,ResourceYamlFormatParser,getFileExtensions,3,1,0,53,0
rundeck,com.dtolabs.rundeck.core.resources.format,ResourceYamlFormatParser,getMIMETypes,3,1,0,57,0
rundeck,com.dtolabs.rundeck.core.resources.format,ResourceYamlFormatParser,parseDocument,10,1,1,61,0
rundeck,com.dtolabs.rundeck.core.resources.format,ResourceYamlFormatParser,parseDocument,10,1,1,71,0
rundeck,com.dtolabs.rundeck.core.resources.format,ResourceYamlFormatParser,getName,3,1,0,82,0
rundeck,com.dtolabs.rundeck.core.resources.format,ResourceYamlFormatParser,getTitle,3,1,0,86,0
rundeck,com.dtolabs.rundeck.core.resources.format,ResourceYamlFormatParser,getDescription,3,1,0,90,0
rundeck,com.dtolabs.rundeck.core.resources.format,ResourceYamlFormatParser,getDescription,3,1,0,96,0
rundeck,com.dtolabs.rundeck.core.resources.format,ResourceFormatGenerator,getFileExtensions,0,1,0,42,0
rundeck,com.dtolabs.rundeck.core.resources.format,ResourceFormatGenerator,getMIMETypes,0,1,0,47,0
rundeck,com.dtolabs.rundeck.core.resources.format,ResourceFormatGenerator,generateDocument,0,1,2,53,0
rundeck,com.dtolabs.rundeck.core.resources.format,TestResourceFormatParserService,TestResourceFormatParserService,3,1,1,46,0
rundeck,com.dtolabs.rundeck.core.resources.format,TestResourceFormatParserService,setUp,12,1,0,50,0
rundeck,com.dtolabs.rundeck.core.resources.format,TestResourceFormatParserService,tearDown,5,1,0,66,0
rundeck,com.dtolabs.rundeck.core.resources.format,TestResourceFormatParserService,testBaseFormats,10,1,0,72,0
rundeck,com.dtolabs.rundeck.core.resources.format,TestResourceFormatParserService,getFileExtensions,3,1,0,95,0
rundeck,com.dtolabs.rundeck.core.resources.format,TestResourceFormatParserService,getMIMETypes,3,1,0,99,0
rundeck,com.dtolabs.rundeck.core.resources.format,TestResourceFormatParserService,parseDocument,4,1,1,103,0
rundeck,com.dtolabs.rundeck.core.resources.format,TestResourceFormatParserService,parseDocument,4,1,1,108,0
rundeck,com.dtolabs.rundeck.core.resources.format,TestResourceFormatParserService,testListFormats,14,1,0,114,0
rundeck,com.dtolabs.rundeck.core.resources.format,TestResourceFormatParserService,testGetParserForFileExtension,27,1,0,133,0
rundeck,com.dtolabs.rundeck.core.resources.format,TestResourceFormatParserService,testGetParserForMIMEType,25,1,0,162,0
rundeck,com.dtolabs.rundeck.core.resources.format,TestResourceFormatParserService,testGetParserForMIMETypeGlob,21,1,0,189,0
rundeck,com.dtolabs.rundeck.core.resources.format,TestResourceFormatParserService,testValidMimeType,9,1,0,214,0
rundeck,com.dtolabs.rundeck.core.resources.format,testParser,getFileExtensions,3,1,0,95,0
rundeck,com.dtolabs.rundeck.core.resources.format,testParser,getMIMETypes,3,1,0,99,0
rundeck,com.dtolabs.rundeck.core.resources.format,testParser,parseDocument,4,1,1,103,0
rundeck,com.dtolabs.rundeck.core.resources.format,testParser,parseDocument,4,1,1,108,0
rundeck,com.dtolabs.rundeck.core.resources.format,TestResourceFormatGeneratorService,TestResourceFormatGeneratorService,3,1,1,45,0
rundeck,com.dtolabs.rundeck.core.resources.format,TestResourceFormatGeneratorService,setUp,12,1,0,49,0
rundeck,com.dtolabs.rundeck.core.resources.format,TestResourceFormatGeneratorService,tearDown,5,1,0,65,0
rundeck,com.dtolabs.rundeck.core.resources.format,TestResourceFormatGeneratorService,testBaseFormats,8,1,0,72,0
rundeck,com.dtolabs.rundeck.core.resources.format,TestResourceFormatGeneratorService,getFileExtensions,3,1,0,92,0
rundeck,com.dtolabs.rundeck.core.resources.format,TestResourceFormatGeneratorService,getMIMETypes,3,1,0,96,0
rundeck,com.dtolabs.rundeck.core.resources.format,TestResourceFormatGeneratorService,generateDocument,4,1,2,100,0
rundeck,com.dtolabs.rundeck.core.resources.format,TestResourceFormatGeneratorService,testListFormats,14,1,0,108,0
rundeck,com.dtolabs.rundeck.core.resources.format,TestResourceFormatGeneratorService,testGetGeneratorForFileExtension,27,1,0,127,0
rundeck,com.dtolabs.rundeck.core.resources.format,TestResourceFormatGeneratorService,testGetGeneratorForMIMEType,18,1,0,157,0
rundeck,com.dtolabs.rundeck.core.resources.format,TestResourceFormatGeneratorService,testGetGeneratorForMIMETypeGlob,21,1,0,179,0
rundeck,com.dtolabs.rundeck.core.resources.format,testGenerator,getFileExtensions,3,1,0,92,0
rundeck,com.dtolabs.rundeck.core.resources.format,testGenerator,getMIMETypes,3,1,0,96,0
rundeck,com.dtolabs.rundeck.core.resources.format,testGenerator,generateDocument,4,1,2,100,0
rundeck,com.dtolabs.rundeck.core.execution,ExecutionContext,getFrameworkProject,0,1,0,39,0
rundeck,com.dtolabs.rundeck.core.execution,ExecutionContext,getFramework,0,1,0,46,0
rundeck,com.dtolabs.rundeck.core.execution,ExecutionContext,getUser,0,1,0,51,0
rundeck,com.dtolabs.rundeck.core.execution,ExecutionContext,getNodeSelector,0,1,0,56,0
rundeck,com.dtolabs.rundeck.core.execution,ExecutionContext,getThreadCount,0,1,0,62,0
rundeck,com.dtolabs.rundeck.core.execution,ExecutionContext,getNodeRankAttribute,0,1,0,67,0
rundeck,com.dtolabs.rundeck.core.execution,ExecutionContext,isNodeRankOrderAscending,0,1,0,72,0
rundeck,com.dtolabs.rundeck.core.execution,ExecutionContext,isKeepgoing,0,1,0,77,0
rundeck,com.dtolabs.rundeck.core.execution,ExecutionContext,getArgs,0,1,0,82,0
rundeck,com.dtolabs.rundeck.core.execution,ExecutionContext,getLoglevel,0,1,0,89,0
rundeck,com.dtolabs.rundeck.core.execution,ExecutionContext,getDataContext,0,1,0,96,0
rundeck,com.dtolabs.rundeck.core.execution,ExecutionContext,getPrivateDataContext,0,1,0,103,0
rundeck,com.dtolabs.rundeck.core.execution,ExecutionContext,getExecutionListener,0,1,0,108,0
rundeck,com.dtolabs.rundeck.core.execution,ExecutionContext,getNodesFile,0,1,0,110,0
rundeck,com.dtolabs.rundeck.core.execution,ExecutionUtils,getMessageLogLevel,0,6,2,36,0
rundeck,com.dtolabs.rundeck.core.execution,StatusResult,isSuccess,0,1,0,33,0
rundeck,com.dtolabs.rundeck.core.execution,ExecutionContextImpl,ExecutionContextImpl,16,1,1,55,0
rundeck,com.dtolabs.rundeck.core.execution,ExecutionContextImpl,Builder,2,1,0,88,0
rundeck,com.dtolabs.rundeck.core.execution,ExecutionContextImpl,Builder,16,1,1,91,0
rundeck,com.dtolabs.rundeck.core.execution,ExecutionContextImpl,frameworkProject,4,1,1,109,0
rundeck,com.dtolabs.rundeck.core.execution,ExecutionContextImpl,user,4,1,1,114,0
rundeck,com.dtolabs.rundeck.core.execution,ExecutionContextImpl,nodeSelector,4,1,1,119,0
rundeck,com.dtolabs.rundeck.core.execution,ExecutionContextImpl,args,4,1,1,124,0
rundeck,com.dtolabs.rundeck.core.execution,ExecutionContextImpl,loglevel,4,1,1,129,0
rundeck,com.dtolabs.rundeck.core.execution,ExecutionContextImpl,dataContext,4,1,1,134,0
rundeck,com.dtolabs.rundeck.core.execution,ExecutionContextImpl,privateDataContext,4,1,1,139,0
rundeck,com.dtolabs.rundeck.core.execution,ExecutionContextImpl,executionListener,4,1,1,144,0
rundeck,com.dtolabs.rundeck.core.execution,ExecutionContextImpl,framework,4,1,1,149,0
rundeck,com.dtolabs.rundeck.core.execution,ExecutionContextImpl,nodesFile,4,1,1,154,0
rundeck,com.dtolabs.rundeck.core.execution,ExecutionContextImpl,threadCount,4,1,1,159,0
rundeck,com.dtolabs.rundeck.core.execution,ExecutionContextImpl,keepgoing,4,1,1,164,0
rundeck,com.dtolabs.rundeck.core.execution,ExecutionContextImpl,nodeRankAttribute,4,1,1,169,0
rundeck,com.dtolabs.rundeck.core.execution,ExecutionContextImpl,nodeRankOrderAscending,4,1,1,174,0
rundeck,com.dtolabs.rundeck.core.execution,ExecutionContextImpl,build,3,1,0,179,0
rundeck,com.dtolabs.rundeck.core.execution,ExecutionContextImpl,getFrameworkProject,3,1,0,184,0
rundeck,com.dtolabs.rundeck.core.execution,ExecutionContextImpl,getUser,3,1,0,188,0
rundeck,com.dtolabs.rundeck.core.execution,ExecutionContextImpl,getNodeSelector,3,1,0,192,0
rundeck,com.dtolabs.rundeck.core.execution,ExecutionContextImpl,getArgs,3,1,0,196,0
rundeck,com.dtolabs.rundeck.core.execution,ExecutionContextImpl,getLoglevel,3,1,0,200,0
rundeck,com.dtolabs.rundeck.core.execution,ExecutionContextImpl,getDataContext,3,1,0,204,0
rundeck,com.dtolabs.rundeck.core.execution,ExecutionContextImpl,getExecutionListener,3,1,0,208,0
rundeck,com.dtolabs.rundeck.core.execution,ExecutionContextImpl,getFramework,3,1,0,212,0
rundeck,com.dtolabs.rundeck.core.execution,ExecutionContextImpl,getNodesFile,3,1,0,216,0
rundeck,com.dtolabs.rundeck.core.execution,ExecutionContextImpl,getThreadCount,3,1,0,220,0
rundeck,com.dtolabs.rundeck.core.execution,ExecutionContextImpl,isKeepgoing,3,1,0,224,0
rundeck,com.dtolabs.rundeck.core.execution,ExecutionContextImpl,getPrivateDataContext,3,1,0,228,0
rundeck,com.dtolabs.rundeck.core.execution,ExecutionContextImpl,getNodeRankAttribute,3,1,0,232,0
rundeck,com.dtolabs.rundeck.core.execution,ExecutionContextImpl,isNodeRankOrderAscending,3,1,0,236,0
rundeck,com.dtolabs.rundeck.core.execution,Builder,Builder,2,1,0,88,0
rundeck,com.dtolabs.rundeck.core.execution,Builder,Builder,16,1,1,91,0
rundeck,com.dtolabs.rundeck.core.execution,Builder,frameworkProject,4,1,1,109,0
rundeck,com.dtolabs.rundeck.core.execution,Builder,user,4,1,1,114,0
rundeck,com.dtolabs.rundeck.core.execution,Builder,nodeSelector,4,1,1,119,0
rundeck,com.dtolabs.rundeck.core.execution,Builder,args,4,1,1,124,0
rundeck,com.dtolabs.rundeck.core.execution,Builder,loglevel,4,1,1,129,0
rundeck,com.dtolabs.rundeck.core.execution,Builder,dataContext,4,1,1,134,0
rundeck,com.dtolabs.rundeck.core.execution,Builder,privateDataContext,4,1,1,139,0
rundeck,com.dtolabs.rundeck.core.execution,Builder,executionListener,4,1,1,144,0
rundeck,com.dtolabs.rundeck.core.execution,Builder,framework,4,1,1,149,0
rundeck,com.dtolabs.rundeck.core.execution,Builder,nodesFile,4,1,1,154,0
rundeck,com.dtolabs.rundeck.core.execution,Builder,threadCount,4,1,1,159,0
rundeck,com.dtolabs.rundeck.core.execution,Builder,keepgoing,4,1,1,164,0
rundeck,com.dtolabs.rundeck.core.execution,Builder,nodeRankAttribute,4,1,1,169,0
rundeck,com.dtolabs.rundeck.core.execution,Builder,nodeRankOrderAscending,4,1,1,174,0
rundeck,com.dtolabs.rundeck.core.execution,Builder,build,3,1,0,179,0
rundeck,com.dtolabs.rundeck.core.execution,DispatchedScriptExecutionItem,getDispatchedScript,0,1,0,35,0
rundeck,com.dtolabs.rundeck.core.execution,ExecutionException,ExecutionException,3,1,0,33,0
rundeck,com.dtolabs.rundeck.core.execution,ExecutionException,ExecutionException,3,1,1,37,0
rundeck,com.dtolabs.rundeck.core.execution,ExecutionException,ExecutionException,3,1,1,41,0
rundeck,com.dtolabs.rundeck.core.execution,ExecutionException,ExecutionException,3,1,2,45,0
rundeck,com.dtolabs.rundeck.core.execution,ExecutionResult,getException,0,1,0,35,0
rundeck,com.dtolabs.rundeck.core.execution,ExecutionResult,getResultObject,0,1,0,36,0
rundeck,com.dtolabs.rundeck.core.execution,Executor,executeItem,0,1,4,37,0
rundeck,com.dtolabs.rundeck.core.execution,ExecutionListener,isTerse,0,1,0,43,0
rundeck,com.dtolabs.rundeck.core.execution,ExecutionListener,getLogFormat,0,1,0,50,0
rundeck,com.dtolabs.rundeck.core.execution,ExecutionListener,log,0,1,2,57,0
rundeck,com.dtolabs.rundeck.core.execution,ExecutionListener,getFailedNodesListener,0,1,0,66,0
rundeck,com.dtolabs.rundeck.core.execution,ExecutionListener,beginExecution,0,1,2,74,0
rundeck,com.dtolabs.rundeck.core.execution,ExecutionListener,finishExecution,0,1,3,79,0
rundeck,com.dtolabs.rundeck.core.execution,ExecutionListener,beginNodeExecution,0,1,3,84,0
rundeck,com.dtolabs.rundeck.core.execution,ExecutionListener,finishNodeExecution,0,1,4,89,0
rundeck,com.dtolabs.rundeck.core.execution,ExecutionListener,beginNodeDispatch,0,1,2,95,0
rundeck,com.dtolabs.rundeck.core.execution,ExecutionListener,beginNodeDispatch,0,1,2,99,0
rundeck,com.dtolabs.rundeck.core.execution,ExecutionListener,finishNodeDispatch,0,1,3,104,0
rundeck,com.dtolabs.rundeck.core.execution,ExecutionListener,finishNodeDispatch,0,1,3,109,0
rundeck,com.dtolabs.rundeck.core.execution,ExecutionListener,beginFileCopyFileStream,0,1,3,114,0
rundeck,com.dtolabs.rundeck.core.execution,ExecutionListener,beginFileCopyFile,0,1,3,119,0
rundeck,com.dtolabs.rundeck.core.execution,ExecutionListener,beginFileCopyScriptContent,0,1,3,124,0
rundeck,com.dtolabs.rundeck.core.execution,ExecutionListener,finishFileCopy,0,1,3,129,0
rundeck,com.dtolabs.rundeck.core.execution,ExecutionListener,beginInterpretCommand,0,1,3,134,0
rundeck,com.dtolabs.rundeck.core.execution,ExecutionListener,finishInterpretCommand,0,1,4,139,0
rundeck,com.dtolabs.rundeck.core.execution,DispatchedScriptExecutionItemImpl,DispatchedScriptExecutionItemImpl,3,1,1,37,0
rundeck,com.dtolabs.rundeck.core.execution,DispatchedScriptExecutionItemImpl,getDispatchedScript,3,1,0,41,0
rundeck,com.dtolabs.rundeck.core.execution,DispatchedScriptExecutionItemImpl,setDispatchedScript,3,1,1,45,0
rundeck,com.dtolabs.rundeck.core.execution,DispatchedScriptExecutionItemImpl,getType,3,1,0,49,0
rundeck,com.dtolabs.rundeck.core.execution,ExecutionServiceThread,ExecutionServiceThread,5,1,3,43,0
rundeck,com.dtolabs.rundeck.core.execution,ExecutionServiceThread,run,19,4,0,49,0
rundeck,com.dtolabs.rundeck.core.execution,FailedNodesListener,nodesFailed,0,1,1,36,0
rundeck,com.dtolabs.rundeck.core.execution,FailedNodesListener,nodesSucceeded,0,1,0,43,0
rundeck,com.dtolabs.rundeck.core.execution,FailedNodesListener,matchedNodes,0,1,1,48,0
rundeck,com.dtolabs.rundeck.core.execution,ExecutionService,executeItem,0,1,2,48,0
rundeck,com.dtolabs.rundeck.core.execution,ExecutionService,interpretCommand,0,1,3,57,0
rundeck,com.dtolabs.rundeck.core.execution,ExecutionService,dispatchToNodes,0,1,2,64,0
rundeck,com.dtolabs.rundeck.core.execution,ExecutionService,dispatchToNodes,0,1,2,68,0
rundeck,com.dtolabs.rundeck.core.execution,ExecutionService,fileCopyFileStream,0,1,3,74,0
rundeck,com.dtolabs.rundeck.core.execution,ExecutionService,fileCopyFile,0,1,3,82,0
rundeck,com.dtolabs.rundeck.core.execution,ExecutionService,fileCopyScriptContent,0,1,3,89,0
rundeck,com.dtolabs.rundeck.core.execution,ExecutionService,executeCommand,0,1,3,98,0
rundeck,com.dtolabs.rundeck.core.execution,ExecutionListenerBuildLogger,ExecutionListenerBuildLogger,3,1,1,46,0
rundeck,com.dtolabs.rundeck.core.execution,ExecutionListenerBuildLogger,setMessageOutputLevel,3,1,1,50,0
rundeck,com.dtolabs.rundeck.core.execution,ExecutionListenerBuildLogger,getMessageOutputLevel,3,1,0,55,0
rundeck,com.dtolabs.rundeck.core.execution,ExecutionListenerBuildLogger,setOutputPrintStream,2,1,1,59,0
rundeck,com.dtolabs.rundeck.core.execution,ExecutionListenerBuildLogger,setEmacsMode,2,1,1,62,0
rundeck,com.dtolabs.rundeck.core.execution,ExecutionListenerBuildLogger,setErrorPrintStream,2,1,1,65,0
rundeck,com.dtolabs.rundeck.core.execution,ExecutionListenerBuildLogger,buildStarted,3,1,1,68,0
rundeck,com.dtolabs.rundeck.core.execution,ExecutionListenerBuildLogger,buildFinished,15,3,1,74,0
rundeck,com.dtolabs.rundeck.core.execution,ExecutionListenerBuildLogger,targetStarted,3,1,1,91,0
rundeck,com.dtolabs.rundeck.core.execution,ExecutionListenerBuildLogger,targetFinished,3,1,1,95,0
rundeck,com.dtolabs.rundeck.core.execution,ExecutionListenerBuildLogger,reformat,8,2,1,99,0
rundeck,com.dtolabs.rundeck.core.execution,ExecutionListenerBuildLogger,taskStarted,2,1,1,108,0
rundeck,com.dtolabs.rundeck.core.execution,ExecutionListenerBuildLogger,taskFinished,2,1,1,111,0
rundeck,com.dtolabs.rundeck.core.execution,ExecutionListenerBuildLogger,messageLogged,3,1,1,114,0
rundeck,com.dtolabs.rundeck.core.execution,ExecutionListenerBuildLogger,getReformatter,3,1,0,119,0
rundeck,com.dtolabs.rundeck.core.execution,ExecutionListenerBuildLogger,setReformatter,3,1,1,123,0
rundeck,com.dtolabs.rundeck.core.execution,ExecutionListenerBuildLogger,getLogContext,3,1,0,127,0
rundeck,com.dtolabs.rundeck.core.execution,ExecutionListenerBuildLogger,setLogContext,3,1,1,131,0
rundeck,com.dtolabs.rundeck.core.execution,BaseLogger,log,0,1,1,32,0
rundeck,com.dtolabs.rundeck.core.execution,BaseLogger,error,0,1,1,39,0
rundeck,com.dtolabs.rundeck.core.execution,BaseLogger,warn,0,1,1,46,0
rundeck,com.dtolabs.rundeck.core.execution,BaseLogger,verbose,0,1,1,53,0
rundeck,com.dtolabs.rundeck.core.execution,BaseLogger,debug,0,1,1,60,0
rundeck,com.dtolabs.rundeck.core.execution,ServiceThreadBase,abort,6,2,0,39,0
rundeck,com.dtolabs.rundeck.core.execution,ServiceThreadBase,isSuccessful,3,1,0,46,0
rundeck,com.dtolabs.rundeck.core.execution,ServiceThreadBase,getThrowable,3,1,0,50,0
rundeck,com.dtolabs.rundeck.core.execution,ServiceThreadBase,isAborted,3,1,0,54,0
rundeck,com.dtolabs.rundeck.core.execution,ServiceThreadBase,getResultObject,3,1,0,58,0
rundeck,com.dtolabs.rundeck.core.execution,ExecutionItem,getType,0,1,0,33,0
rundeck,com.dtolabs.rundeck.core.execution,ExecutionServiceFactory,ExecutionServiceFactory,2,1,0,36,0
rundeck,com.dtolabs.rundeck.core.execution,ExecutionServiceFactory,getInstanceForFramework,8,2,1,39,0
rundeck,com.dtolabs.rundeck.core.execution,ContextLoggerExecutionListener,getLoggingContext,0,1,0,35,0
rundeck,com.dtolabs.rundeck.core.execution,WorkflowExecutionServiceThread,WorkflowExecutionServiceThread,5,1,3,45,0
rundeck,com.dtolabs.rundeck.core.execution,WorkflowExecutionServiceThread,run,18,3,0,51,0
rundeck,com.dtolabs.rundeck.core.execution,BaseExecutionResult,BaseExecutionResult,5,1,3,39,0
rundeck,com.dtolabs.rundeck.core.execution,BaseExecutionResult,createSuccess,3,1,1,45,0
rundeck,com.dtolabs.rundeck.core.execution,BaseExecutionResult,createFailure,3,1,1,54,0
rundeck,com.dtolabs.rundeck.core.execution,BaseExecutionResult,isSuccess,3,1,0,63,0
rundeck,com.dtolabs.rundeck.core.execution,BaseExecutionResult,getException,3,1,0,67,0
rundeck,com.dtolabs.rundeck.core.execution,BaseExecutionResult,getResultObject,3,1,0,71,0
rundeck,com.dtolabs.rundeck.core.execution,BaseExecutionResult,toString,3,1,0,75,0
rundeck,com.dtolabs.rundeck.core.execution,ExecutionServiceImpl,ExecutionServiceImpl,3,1,1,57,0
rundeck,com.dtolabs.rundeck.core.execution,ExecutionServiceImpl,executeItem,22,3,2,61,0
rundeck,com.dtolabs.rundeck.core.execution,ExecutionServiceImpl,interpretCommand,22,3,3,84,0
rundeck,com.dtolabs.rundeck.core.execution,ExecutionServiceImpl,dispatchToNodes,22,3,2,108,0
rundeck,com.dtolabs.rundeck.core.execution,ExecutionServiceImpl,dispatchToNodes,22,3,2,131,0
rundeck,com.dtolabs.rundeck.core.execution,ExecutionServiceImpl,fileCopyFileStream,25,3,3,154,0
rundeck,com.dtolabs.rundeck.core.execution,ExecutionServiceImpl,fileCopyFile,25,3,3,181,0
rundeck,com.dtolabs.rundeck.core.execution,ExecutionServiceImpl,fileCopyScriptContent,25,3,3,206,0
rundeck,com.dtolabs.rundeck.core.execution,ExecutionServiceImpl,executeCommand,28,3,3,231,0
rundeck,com.dtolabs.rundeck.core.execution,ExecutionServiceImpl,getName,3,1,0,265,0
rundeck,com.dtolabs.rundeck.core.execution,ExecutionServiceImpl,ContextLoggerExecutionListenerMapGenerator,3,1,1,272,0
rundeck,com.dtolabs.rundeck.core.execution,ExecutionServiceImpl,getMap,3,1,0,276,0
rundeck,com.dtolabs.rundeck.core.execution,ExecutionServiceImpl,createLogReformatter,23,4,2,280,0
rundeck,com.dtolabs.rundeck.core.execution,ExecutionServiceImpl,ThreadStreamFormatter,3,1,1,311,0
rundeck,com.dtolabs.rundeck.core.execution,ExecutionServiceImpl,getThreadBoundSysOut,3,1,0,315,0
rundeck,com.dtolabs.rundeck.core.execution,ExecutionServiceImpl,getThreadBoundSysErr,3,1,0,319,0
rundeck,com.dtolabs.rundeck.core.execution,ExecutionServiceImpl,getOrigout,3,1,0,323,0
rundeck,com.dtolabs.rundeck.core.execution,ExecutionServiceImpl,getOrigerr,3,1,0,327,0
rundeck,com.dtolabs.rundeck.core.execution,ExecutionServiceImpl,invoke,27,3,0,332,0
rundeck,com.dtolabs.rundeck.core.execution,ExecutionServiceImpl,resetOutputStreams,10,3,0,366,0
rundeck,com.dtolabs.rundeck.core.execution,ContextLoggerExecutionListenerMapGenerator,ContextLoggerExecutionListenerMapGenerator,3,1,1,272,0
rundeck,com.dtolabs.rundeck.core.execution,ContextLoggerExecutionListenerMapGenerator,getMap,3,1,0,276,0
rundeck,com.dtolabs.rundeck.core.execution,ThreadStreamFormatter,ThreadStreamFormatter,3,1,1,311,0
rundeck,com.dtolabs.rundeck.core.execution,ThreadStreamFormatter,getThreadBoundSysOut,3,1,0,315,0
rundeck,com.dtolabs.rundeck.core.execution,ThreadStreamFormatter,getThreadBoundSysErr,3,1,0,319,0
rundeck,com.dtolabs.rundeck.core.execution,ThreadStreamFormatter,getOrigout,3,1,0,323,0
rundeck,com.dtolabs.rundeck.core.execution,ThreadStreamFormatter,getOrigerr,3,1,0,327,0
rundeck,com.dtolabs.rundeck.core.execution,ThreadStreamFormatter,invoke,27,3,0,332,0
rundeck,com.dtolabs.rundeck.core.execution,ThreadStreamFormatter,resetOutputStreams,10,3,0,366,0
rundeck,com.dtolabs.rundeck.core.execution.service,ProviderCreationException,ProviderCreationException,3,1,2,32,0
rundeck,com.dtolabs.rundeck.core.execution.service,ProviderCreationException,ProviderCreationException,3,1,3,36,0
rundeck,com.dtolabs.rundeck.core.execution.service,ProviderCreationException,ProviderCreationException,3,1,3,40,0
rundeck,com.dtolabs.rundeck.core.execution.service,ProviderCreationException,ProviderCreationException,3,1,4,44,0
rundeck,com.dtolabs.rundeck.core.execution.service,NodeSpecifiedService,NodeSpecifiedService,3,1,1,37,0
rundeck,com.dtolabs.rundeck.core.execution.service,NodeSpecifiedService,getProviderForNodeAndProject,7,2,2,41,0
rundeck,com.dtolabs.rundeck.core.execution.service,NodeSpecifiedService,getServiceProviderNodeAttributeForNode,0,1,1,56,0
rundeck,com.dtolabs.rundeck.core.execution.service,NodeSpecifiedService,getDefaultProviderNameForNodeAndProject,0,1,2,61,0
rundeck,com.dtolabs.rundeck.core.execution.service,NodeExecutorService,getName,3,1,0,59,0
rundeck,com.dtolabs.rundeck.core.execution.service,NodeExecutorService,NodeExecutorService,5,1,1,63,0
rundeck,com.dtolabs.rundeck.core.execution.service,NodeExecutorService,getDefaultProviderNameForNodeAndProject,8,2,2,71,0
rundeck,com.dtolabs.rundeck.core.execution.service,NodeExecutorService,getInstanceForFramework,8,2,1,81,0
rundeck,com.dtolabs.rundeck.core.execution.service,NodeExecutorService,getServiceProviderNodeAttributeForNode,6,2,1,90,0
rundeck,com.dtolabs.rundeck.core.execution.service,NodeExecutorService,isValidProviderClass,3,1,1,98,0
rundeck,com.dtolabs.rundeck.core.execution.service,NodeExecutorService,createProviderInstance,3,1,2,102,0
rundeck,com.dtolabs.rundeck.core.execution.service,NodeExecutorService,isScriptPluggable,3,1,0,107,0
rundeck,com.dtolabs.rundeck.core.execution.service,NodeExecutorService,createScriptProviderInstance,4,1,1,111,0
rundeck,com.dtolabs.rundeck.core.execution.service,NodeExecutorService,listDescriptions,19,4,0,116,0
rundeck,com.dtolabs.rundeck.core.execution.service,NodeExecutorService,listDescribableProviders,15,3,0,136,0
rundeck,com.dtolabs.rundeck.core.execution.service,NodeExecutorResultImpl,NodeExecutorResultImpl,4,1,2,35,0
rundeck,com.dtolabs.rundeck.core.execution.service,NodeExecutorResultImpl,isSuccess,3,1,0,40,0
rundeck,com.dtolabs.rundeck.core.execution.service,NodeExecutorResultImpl,getResultCode,3,1,0,44,0
rundeck,com.dtolabs.rundeck.core.execution.service,NodeExecutorResultImpl,equals,16,5,1,48,0
rundeck,com.dtolabs.rundeck.core.execution.service,NodeExecutorResultImpl,hashCode,5,1,0,69,0
rundeck,com.dtolabs.rundeck.core.execution.service,NodeExecutorResultImpl,toString,3,1,0,76,0
rundeck,com.dtolabs.rundeck.core.execution.service,FileCopier,copyFileStream,0,1,3,40,0
rundeck,com.dtolabs.rundeck.core.execution.service,FileCopier,copyFile,0,1,3,54,0
rundeck,com.dtolabs.rundeck.core.execution.service,FileCopier,copyScriptContent,0,1,3,67,0
rundeck,com.dtolabs.rundeck.core.execution.service,FileCopierException,FileCopierException,3,1,0,32,0
rundeck,com.dtolabs.rundeck.core.execution.service,FileCopierException,FileCopierException,3,1,1,36,0
rundeck,com.dtolabs.rundeck.core.execution.service,FileCopierException,FileCopierException,3,1,1,40,0
rundeck,com.dtolabs.rundeck.core.execution.service,FileCopierException,FileCopierException,3,1,2,44,0
rundeck,com.dtolabs.rundeck.core.execution.service,NodeExecutor,executeCommand,0,1,3,36,0
rundeck,com.dtolabs.rundeck.core.execution.service,ProviderLoaderException,ProviderLoaderException,3,1,2,34,0
rundeck,com.dtolabs.rundeck.core.execution.service,ProviderLoaderException,ProviderLoaderException,3,1,3,38,0
rundeck,com.dtolabs.rundeck.core.execution.service,ProviderLoaderException,ProviderLoaderException,3,1,3,42,0
rundeck,com.dtolabs.rundeck.core.execution.service,ProviderLoaderException,ProviderLoaderException,3,1,4,46,0
rundeck,com.dtolabs.rundeck.core.execution.service,FileCopierService,getName,3,1,0,55,0
rundeck,com.dtolabs.rundeck.core.execution.service,FileCopierService,FileCopierService,5,1,1,59,0
rundeck,com.dtolabs.rundeck.core.execution.service,FileCopierService,getDefaultProviderNameForNodeAndProject,10,2,2,68,0
rundeck,com.dtolabs.rundeck.core.execution.service,FileCopierService,getInstanceForFramework,8,2,1,79,0
rundeck,com.dtolabs.rundeck.core.execution.service,FileCopierService,getServiceProviderNodeAttributeForNode,6,2,1,88,0
rundeck,com.dtolabs.rundeck.core.execution.service,FileCopierService,isValidProviderClass,3,1,1,96,0
rundeck,com.dtolabs.rundeck.core.execution.service,FileCopierService,createProviderInstance,3,1,2,100,0
rundeck,com.dtolabs.rundeck.core.execution.service,FileCopierService,isScriptPluggable,3,1,0,105,0
rundeck,com.dtolabs.rundeck.core.execution.service,FileCopierService,createScriptProviderInstance,4,1,1,109,0
rundeck,com.dtolabs.rundeck.core.execution.service,FileCopierService,listDescriptions,19,4,0,114,0
rundeck,com.dtolabs.rundeck.core.execution.service,FileCopierService,listDescribableProviders,15,3,0,134,0
rundeck,com.dtolabs.rundeck.core.execution.service,ScriptPluginNodeExecutor,ScriptPluginNodeExecutor,3,1,2,48,0
rundeck,com.dtolabs.rundeck.core.execution.service,ScriptPluginNodeExecutor,isAllowCustomProperties,3,1,0,52,0
rundeck,com.dtolabs.rundeck.core.execution.service,ScriptPluginNodeExecutor,validateScriptPlugin,2,1,1,57,0
rundeck,com.dtolabs.rundeck.core.execution.service,ScriptPluginNodeExecutor,executeCommand,82,5,3,60,0
rundeck,com.dtolabs.rundeck.core.execution.service,ScriptPluginNodeExecutor,getResultCode,3,1,0,156,0
rundeck,com.dtolabs.rundeck.core.execution.service,ScriptPluginNodeExecutor,isSuccess,3,1,0,160,0
rundeck,com.dtolabs.rundeck.core.execution.service,ScriptPluginNodeExecutor,toString,3,1,0,164,0
rundeck,com.dtolabs.rundeck.core.execution.service,ExecutionServiceException,ExecutionServiceException,4,1,1,34,0
rundeck,com.dtolabs.rundeck.core.execution.service,ExecutionServiceException,ExecutionServiceException,4,1,2,39,0
rundeck,com.dtolabs.rundeck.core.execution.service,ExecutionServiceException,ExecutionServiceException,4,1,2,44,0
rundeck,com.dtolabs.rundeck.core.execution.service,ExecutionServiceException,ExecutionServiceException,4,1,3,49,0
rundeck,com.dtolabs.rundeck.core.execution.service,ExecutionServiceException,getServiceName,3,1,0,54,0
rundeck,com.dtolabs.rundeck.core.execution.service,MissingProviderException,MissingProviderException,3,1,2,32,0
rundeck,com.dtolabs.rundeck.core.execution.service,MissingProviderException,MissingProviderException,3,1,3,36,0
rundeck,com.dtolabs.rundeck.core.execution.service,MissingProviderException,MissingProviderException,3,1,3,40,0
rundeck,com.dtolabs.rundeck.core.execution.service,MissingProviderException,MissingProviderException,3,1,4,44,0
rundeck,com.dtolabs.rundeck.core.execution.service,NodeExecutorResult,getResultCode,0,1,0,35,0
rundeck,com.dtolabs.rundeck.core.execution.service,ServiceProviderException,ServiceProviderException,4,1,2,36,0
rundeck,com.dtolabs.rundeck.core.execution.service,ServiceProviderException,ServiceProviderException,4,1,3,41,0
rundeck,com.dtolabs.rundeck.core.execution.service,ServiceProviderException,ServiceProviderException,4,1,3,46,0
rundeck,com.dtolabs.rundeck.core.execution.service,ServiceProviderException,ServiceProviderException,4,1,4,51,0
rundeck,com.dtolabs.rundeck.core.execution.service,ServiceProviderException,getProviderName,3,1,0,56,0
rundeck,com.dtolabs.rundeck.core.execution.service,ScriptPluginFileCopier,isAllowCustomProperties,3,1,0,49,0
rundeck,com.dtolabs.rundeck.core.execution.service,ScriptPluginFileCopier,ScriptPluginFileCopier,3,1,2,54,0
rundeck,com.dtolabs.rundeck.core.execution.service,ScriptPluginFileCopier,validateScriptPlugin,5,2,1,58,0
rundeck,com.dtolabs.rundeck.core.execution.service,ScriptPluginFileCopier,copyFileStream,3,1,3,65,0
rundeck,com.dtolabs.rundeck.core.execution.service,ScriptPluginFileCopier,copyFile,3,1,3,74,0
rundeck,com.dtolabs.rundeck.core.execution.service,ScriptPluginFileCopier,copyScriptContent,3,1,3,82,0
rundeck,com.dtolabs.rundeck.core.execution.service,ScriptPluginFileCopier,copyFile,79,8,5,92,0
rundeck,com.dtolabs.rundeck.core.execution.service,TestNodeExecutorService,TestNodeExecutorService,3,1,1,46,0
rundeck,com.dtolabs.rundeck.core.execution.service,TestNodeExecutorService,setUp,12,1,0,50,0
rundeck,com.dtolabs.rundeck.core.execution.service,TestNodeExecutorService,tearDown,5,1,0,66,0
rundeck,com.dtolabs.rundeck.core.execution.service,TestNodeExecutorService,testGetProviderForNode,31,1,0,74,0
rundeck,com.dtolabs.rundeck.core.execution.service,TestFileCopierService,TestFileCopierService,3,1,1,46,0
rundeck,com.dtolabs.rundeck.core.execution.service,TestFileCopierService,setUp,12,1,0,50,0
rundeck,com.dtolabs.rundeck.core.execution.service,TestFileCopierService,tearDown,5,1,0,65,0
rundeck,com.dtolabs.rundeck.core.execution.service,TestFileCopierService,testGetProviderForNode,31,1,0,73,0
rundeck,com.dtolabs.rundeck.core.execution.script,ExecTaskParameterGenerator,generate,0,1,4,38,0
rundeck,com.dtolabs.rundeck.core.execution.script,AbstractAction,AbstractAction,10,3,2,40,0
rundeck,com.dtolabs.rundeck.core.execution.script,AbstractAction,getFramework,3,1,0,53,0
rundeck,com.dtolabs.rundeck.core.execution.script,AbstractAction,doAction,0,1,0,56,0
rundeck,com.dtolabs.rundeck.core.execution.script,AbstractAction,getContext,3,1,0,61,0
rundeck,com.dtolabs.rundeck.core.execution.script,ScriptfileUtils,writeStream,11,2,2,28,0
rundeck,com.dtolabs.rundeck.core.execution.script,ScriptfileUtils,writeReader,10,2,2,46,0
rundeck,com.dtolabs.rundeck.core.execution.script,ScriptfileUtils,writeScriptTempfile,3,1,2,63,0
rundeck,com.dtolabs.rundeck.core.execution.script,ScriptfileUtils,writeScriptTempfile,3,1,2,77,0
rundeck,com.dtolabs.rundeck.core.execution.script,ScriptfileUtils,writeScriptTempfile,3,1,2,91,0
rundeck,com.dtolabs.rundeck.core.execution.script,ScriptfileUtils,writeScriptTempfile,3,1,2,105,0
rundeck,com.dtolabs.rundeck.core.execution.script,ScriptfileUtils,writeScriptTempfile,20,4,4,119,0
rundeck,com.dtolabs.rundeck.core.execution.script,ScriptfileUtils,createTempFile,5,1,1,158,0
rundeck,com.dtolabs.rundeck.core.execution.script,ScriptfileUtils,setExecutePermissions,14,3,1,168,0
rundeck,com.dtolabs.rundeck.core.execution.script,ExecTaskParameterGeneratorImpl,ExecTaskParameterGeneratorImpl,2,1,0,31,0
rundeck,com.dtolabs.rundeck.core.execution.script,ExecTaskParameterGeneratorImpl,generate,55,9,4,38,0
rundeck,com.dtolabs.rundeck.core.execution.script,ExecTaskParameterGeneratorImpl,getCommandexecutable,3,1,0,90,0
rundeck,com.dtolabs.rundeck.core.execution.script,ExecTaskParameterGeneratorImpl,getCommandargline,3,1,0,94,0
rundeck,com.dtolabs.rundeck.core.execution.script,BaseAction,log,3,1,1,33,0
rundeck,com.dtolabs.rundeck.core.execution.script,BaseAction,error,3,1,1,37,0
rundeck,com.dtolabs.rundeck.core.execution.script,BaseAction,warn,3,1,1,41,0
rundeck,com.dtolabs.rundeck.core.execution.script,BaseAction,verbose,3,1,1,45,0
rundeck,com.dtolabs.rundeck.core.execution.script,BaseAction,debug,3,1,1,49,0
rundeck,com.dtolabs.rundeck.core.execution.script,IAction,doAction,0,1,0,33,0
rundeck,com.dtolabs.rundeck.core.execution.script,ExecTaskParameters,getCommandexecutable,0,1,0,34,0
rundeck,com.dtolabs.rundeck.core.execution.script,ExecTaskParameters,getCommandargline,0,1,0,36,0
rundeck,com.dtolabs.rundeck.core.execution.script,TestExecTaskParameterGenerator,TestExecTaskParameterGenerator,3,1,1,38,0
rundeck,com.dtolabs.rundeck.core.execution.script,TestExecTaskParameterGenerator,suite,3,1,0,42,0
rundeck,com.dtolabs.rundeck.core.execution.script,TestExecTaskParameterGenerator,setUp,3,1,0,46,0
rundeck,com.dtolabs.rundeck.core.execution.script,TestExecTaskParameterGenerator,tearDown,5,2,0,50,0
rundeck,com.dtolabs.rundeck.core.execution.script,TestExecTaskParameterGenerator,main,3,1,1,56,0
rundeck,com.dtolabs.rundeck.core.execution.script,TestExecTaskParameterGenerator,testGenerateCommand,60,1,0,61,0
rundeck,com.dtolabs.rundeck.core.execution.script,TestExecTaskParameterGenerator,testGenerateScript,50,1,0,161,0
rundeck,com.dtolabs.rundeck.core.execution.impl.local,LocalNodeExecutor,LocalNodeExecutor,4,1,1,58,0
rundeck,com.dtolabs.rundeck.core.execution.impl.local,LocalNodeExecutor,executeCommand,39,2,3,63,0
rundeck,com.dtolabs.rundeck.core.execution.impl.local,LocalNodeExecutor,getResultCode,3,1,0,98,0
rundeck,com.dtolabs.rundeck.core.execution.impl.local,LocalNodeExecutor,isSuccess,3,1,0,102,0
rundeck,com.dtolabs.rundeck.core.execution.impl.local,LocalNodeExecutor,toString,3,1,0,106,0
rundeck,com.dtolabs.rundeck.core.execution.impl.local,LocalNodeExecutor,buildExecTask,11,1,3,114,0
rundeck,com.dtolabs.rundeck.core.execution.impl.local,LocalFileCopier,LocalFileCopier,3,1,1,44,0
rundeck,com.dtolabs.rundeck.core.execution.impl.local,LocalFileCopier,copyScriptContent,3,1,3,48,0
rundeck,com.dtolabs.rundeck.core.execution.impl.local,LocalFileCopier,copyFileStream,3,1,3,56,0
rundeck,com.dtolabs.rundeck.core.execution.impl.local,LocalFileCopier,copyFile,3,1,3,62,0
rundeck,com.dtolabs.rundeck.core.execution.impl.local,LocalFileCopier,copyFile,4,1,5,67,0
rundeck,com.dtolabs.rundeck.core.execution.impl.common,BaseFileCopier,writeScriptTempFile,43,4,5,45,0
rundeck,com.dtolabs.rundeck.core.execution.impl.common,BaseFileCopier,appendRemoteFileExtensionForNode,10,2,2,110,0
rundeck,com.dtolabs.rundeck.core.execution.impl.common,BaseFileCopier,getRemoteDirForNode,10,3,1,127,0
rundeck,com.dtolabs.rundeck.core.execution.impl.common,BaseFileCopier,generateRemoteFilepathForNode,5,1,2,147,0
rundeck,com.dtolabs.rundeck.core.execution.impl.common,AntSupport,addAntBuildListener,4,1,2,38,0
rundeck,com.dtolabs.rundeck.core.execution.impl.common,TestBaseFileCopier,setUp,2,1,0,37,0
rundeck,com.dtolabs.rundeck.core.execution.impl.common,TestBaseFileCopier,tearDown,2,1,0,41,0
rundeck,com.dtolabs.rundeck.core.execution.impl.common,TestBaseFileCopier,testRemoteDirForNode,8,1,0,45,0
rundeck,com.dtolabs.rundeck.core.execution.impl.common,TestBaseFileCopier,testAppendFilepath,10,1,0,57,0
rundeck,com.dtolabs.rundeck.core.execution.impl.jsch,JschScpFileCopier,getName,3,1,0,59,0
rundeck,com.dtolabs.rundeck.core.execution.impl.jsch,JschScpFileCopier,getTitle,3,1,0,63,0
rundeck,com.dtolabs.rundeck.core.execution.impl.jsch,JschScpFileCopier,getDescription,3,1,0,67,0
rundeck,com.dtolabs.rundeck.core.execution.impl.jsch,JschScpFileCopier,getProperties,3,1,0,71,0
rundeck,com.dtolabs.rundeck.core.execution.impl.jsch,JschScpFileCopier,getPropertiesMapping,3,1,0,75,0
rundeck,com.dtolabs.rundeck.core.execution.impl.jsch,JschScpFileCopier,getDescription,3,1,0,80,0
rundeck,com.dtolabs.rundeck.core.execution.impl.jsch,JschScpFileCopier,JschScpFileCopier,3,1,1,86,0
rundeck,com.dtolabs.rundeck.core.execution.impl.jsch,JschScpFileCopier,copyFileStream,3,1,3,90,0
rundeck,com.dtolabs.rundeck.core.execution.impl.jsch,JschScpFileCopier,copyFile,3,1,3,96,0
rundeck,com.dtolabs.rundeck.core.execution.impl.jsch,JschScpFileCopier,copyScriptContent,3,1,3,101,0
rundeck,com.dtolabs.rundeck.core.execution.impl.jsch,JschScpFileCopier,copyFile,39,4,5,108,0
rundeck,com.dtolabs.rundeck.core.execution.impl.jsch,JschScpFileCopier,createEcho,9,1,3,165,0
rundeck,com.dtolabs.rundeck.core.execution.impl.jsch,JschScpFileCopier,createEchoVerbose,3,1,2,175,0
rundeck,com.dtolabs.rundeck.core.execution.impl.jsch,JschNodeExecutor,JschNodeExecutor,3,1,1,117,0
rundeck,com.dtolabs.rundeck.core.execution.impl.jsch,JschNodeExecutor,getName,3,1,0,140,0
rundeck,com.dtolabs.rundeck.core.execution.impl.jsch,JschNodeExecutor,getTitle,3,1,0,144,0
rundeck,com.dtolabs.rundeck.core.execution.impl.jsch,JschNodeExecutor,getDescription,3,1,0,148,0
rundeck,com.dtolabs.rundeck.core.execution.impl.jsch,JschNodeExecutor,getProperties,3,1,0,152,0
rundeck,com.dtolabs.rundeck.core.execution.impl.jsch,JschNodeExecutor,getPropertiesMapping,3,1,0,156,0
rundeck,com.dtolabs.rundeck.core.execution.impl.jsch,JschNodeExecutor,getDescription,3,1,0,161,0
rundeck,com.dtolabs.rundeck.core.execution.impl.jsch,JschNodeExecutor,executeCommand,103,13,3,165,0
rundeck,com.dtolabs.rundeck.core.execution.impl.jsch,JschNodeExecutor,getResultCode,3,1,0,269,0
rundeck,com.dtolabs.rundeck.core.execution.impl.jsch,JschNodeExecutor,isSuccess,3,1,0,273,0
rundeck,com.dtolabs.rundeck.core.execution.impl.jsch,JschNodeExecutor,toString,3,1,0,277,0
rundeck,com.dtolabs.rundeck.core.execution.impl.jsch,JschNodeExecutor,NodeSSHConnectionInfo,6,1,3,292,0
rundeck,com.dtolabs.rundeck.core.execution.impl.jsch,JschNodeExecutor,getAuthenticationType,14,4,0,301,0
rundeck,com.dtolabs.rundeck.core.execution.impl.jsch,JschNodeExecutor,getPrivateKeyfilePath,14,4,0,317,0
rundeck,com.dtolabs.rundeck.core.execution.impl.jsch,JschNodeExecutor,getPrivateKeyPassphrase,8,2,0,332,0
rundeck,com.dtolabs.rundeck.core.execution.impl.jsch,JschNodeExecutor,evaluateSecureOption,25,6,2,341,0
rundeck,com.dtolabs.rundeck.core.execution.impl.jsch,JschNodeExecutor,getPassword,8,2,0,367,0
rundeck,com.dtolabs.rundeck.core.execution.impl.jsch,JschNodeExecutor,getSSHTimeout,12,2,0,375,0
rundeck,com.dtolabs.rundeck.core.execution.impl.jsch,JschNodeExecutor,getUsername,15,4,0,387,0
rundeck,com.dtolabs.rundeck.core.execution.impl.jsch,JschNodeExecutor,resolveProperty,14,4,5,404,0
rundeck,com.dtolabs.rundeck.core.execution.impl.jsch,JschNodeExecutor,resolveIntProperty,12,2,5,424,0
rundeck,com.dtolabs.rundeck.core.execution.impl.jsch,JschNodeExecutor,resolveLongProperty,12,2,5,437,0
rundeck,com.dtolabs.rundeck.core.execution.impl.jsch,JschNodeExecutor,resolveBooleanProperty,8,2,5,451,0
rundeck,com.dtolabs.rundeck.core.execution.impl.jsch,JschNodeExecutor,setDisconnectable,3,1,1,490,0
rundeck,com.dtolabs.rundeck.core.execution.impl.jsch,JschNodeExecutor,handleResult,7,3,2,494,0
rundeck,com.dtolabs.rundeck.core.execution.impl.jsch,JschNodeExecutor,SudoResponder,2,1,0,502,0
rundeck,com.dtolabs.rundeck.core.execution.impl.jsch,JschNodeExecutor,create,5,1,3,505,0
rundeck,com.dtolabs.rundeck.core.execution.impl.jsch,JschNodeExecutor,matchesCommandPattern,9,2,1,513,0
rundeck,com.dtolabs.rundeck.core.execution.impl.jsch,JschNodeExecutor,init,21,2,4,522,0
rundeck,com.dtolabs.rundeck.core.execution.impl.jsch,JschNodeExecutor,isSudoEnabled,3,1,0,568,0
rundeck,com.dtolabs.rundeck.core.execution.impl.jsch,JschNodeExecutor,getInputString,3,1,0,575,0
rundeck,com.dtolabs.rundeck.core.execution.impl.jsch,JschNodeExecutor,isFailOnInputLinesThreshold,3,1,0,580,0
rundeck,com.dtolabs.rundeck.core.execution.impl.jsch,JschNodeExecutor,isFailOnInputTimeoutThreshold,3,1,0,584,0
rundeck,com.dtolabs.rundeck.core.execution.impl.jsch,JschNodeExecutor,isFailOnResponseThreshold,3,1,0,588,0
rundeck,com.dtolabs.rundeck.core.execution.impl.jsch,JschNodeExecutor,isSuccessOnInputThreshold,3,1,0,592,0
rundeck,com.dtolabs.rundeck.core.execution.impl.jsch,JschNodeExecutor,getSudoCommandPattern,3,1,0,596,0
rundeck,com.dtolabs.rundeck.core.execution.impl.jsch,JschNodeExecutor,getInputFailurePattern,3,1,0,603,0
rundeck,com.dtolabs.rundeck.core.execution.impl.jsch,JschNodeExecutor,getInputSuccessPattern,3,1,0,607,0
rundeck,com.dtolabs.rundeck.core.execution.impl.jsch,JschNodeExecutor,getResponseSuccessPattern,3,1,0,612,0
rundeck,com.dtolabs.rundeck.core.execution.impl.jsch,JschNodeExecutor,getResponseFailurePattern,3,1,0,616,0
rundeck,com.dtolabs.rundeck.core.execution.impl.jsch,JschNodeExecutor,getInputMaxLines,3,1,0,620,0
rundeck,com.dtolabs.rundeck.core.execution.impl.jsch,JschNodeExecutor,getInputMaxTimeout,3,1,0,624,0
rundeck,com.dtolabs.rundeck.core.execution.impl.jsch,JschNodeExecutor,getResponseMaxLines,3,1,0,629,0
rundeck,com.dtolabs.rundeck.core.execution.impl.jsch,JschNodeExecutor,getResponseMaxTimeout,3,1,0,633,0
rundeck,com.dtolabs.rundeck.core.execution.impl.jsch,JschNodeExecutor,toString,3,1,0,637,0
rundeck,com.dtolabs.rundeck.core.execution.impl.jsch,NodeSSHConnectionInfo,NodeSSHConnectionInfo,6,1,3,292,0
rundeck,com.dtolabs.rundeck.core.execution.impl.jsch,NodeSSHConnectionInfo,getAuthenticationType,14,4,0,301,0
rundeck,com.dtolabs.rundeck.core.execution.impl.jsch,NodeSSHConnectionInfo,getPrivateKeyfilePath,14,4,0,317,0
rundeck,com.dtolabs.rundeck.core.execution.impl.jsch,NodeSSHConnectionInfo,getPrivateKeyPassphrase,8,2,0,332,0
rundeck,com.dtolabs.rundeck.core.execution.impl.jsch,NodeSSHConnectionInfo,evaluateSecureOption,25,6,2,341,0
rundeck,com.dtolabs.rundeck.core.execution.impl.jsch,NodeSSHConnectionInfo,getPassword,8,2,0,367,0
rundeck,com.dtolabs.rundeck.core.execution.impl.jsch,NodeSSHConnectionInfo,getSSHTimeout,12,2,0,375,0
rundeck,com.dtolabs.rundeck.core.execution.impl.jsch,NodeSSHConnectionInfo,getUsername,15,4,0,387,0
rundeck,com.dtolabs.rundeck.core.execution.impl.jsch,SudoResponder,setDisconnectable,3,1,1,490,0
rundeck,com.dtolabs.rundeck.core.execution.impl.jsch,SudoResponder,handleResult,7,3,2,494,0
rundeck,com.dtolabs.rundeck.core.execution.impl.jsch,SudoResponder,SudoResponder,2,1,0,502,0
rundeck,com.dtolabs.rundeck.core.execution.impl.jsch,SudoResponder,create,5,1,3,505,0
rundeck,com.dtolabs.rundeck.core.execution.impl.jsch,SudoResponder,matchesCommandPattern,9,2,1,513,0
rundeck,com.dtolabs.rundeck.core.execution.impl.jsch,SudoResponder,init,21,2,4,522,0
rundeck,com.dtolabs.rundeck.core.execution.impl.jsch,SudoResponder,isSudoEnabled,3,1,0,568,0
rundeck,com.dtolabs.rundeck.core.execution.impl.jsch,SudoResponder,getInputString,3,1,0,575,0
rundeck,com.dtolabs.rundeck.core.execution.impl.jsch,SudoResponder,isFailOnInputLinesThreshold,3,1,0,580,0
rundeck,com.dtolabs.rundeck.core.execution.impl.jsch,SudoResponder,isFailOnInputTimeoutThreshold,3,1,0,584,0
rundeck,com.dtolabs.rundeck.core.execution.impl.jsch,SudoResponder,isFailOnResponseThreshold,3,1,0,588,0
rundeck,com.dtolabs.rundeck.core.execution.impl.jsch,SudoResponder,isSuccessOnInputThreshold,3,1,0,592,0
rundeck,com.dtolabs.rundeck.core.execution.impl.jsch,SudoResponder,getSudoCommandPattern,3,1,0,596,0
rundeck,com.dtolabs.rundeck.core.execution.impl.jsch,SudoResponder,getInputFailurePattern,3,1,0,603,0
rundeck,com.dtolabs.rundeck.core.execution.impl.jsch,SudoResponder,getInputSuccessPattern,3,1,0,607,0
rundeck,com.dtolabs.rundeck.core.execution.impl.jsch,SudoResponder,getResponseSuccessPattern,3,1,0,612,0
rundeck,com.dtolabs.rundeck.core.execution.impl.jsch,SudoResponder,getResponseFailurePattern,3,1,0,616,0
rundeck,com.dtolabs.rundeck.core.execution.impl.jsch,SudoResponder,getInputMaxLines,3,1,0,620,0
rundeck,com.dtolabs.rundeck.core.execution.impl.jsch,SudoResponder,getInputMaxTimeout,3,1,0,624,0
rundeck,com.dtolabs.rundeck.core.execution.impl.jsch,SudoResponder,getResponseMaxLines,3,1,0,629,0
rundeck,com.dtolabs.rundeck.core.execution.impl.jsch,SudoResponder,getResponseMaxTimeout,3,1,0,633,0
rundeck,com.dtolabs.rundeck.core.execution.impl.jsch,SudoResponder,toString,3,1,0,637,0
rundeck,com.dtolabs.rundeck.core.execution.dispatch,NodeDispatcherService,NodeDispatcherService,5,1,1,43,0
rundeck,com.dtolabs.rundeck.core.execution.dispatch,NodeDispatcherService,getNodeDispatcher,30,3,1,49,0
rundeck,com.dtolabs.rundeck.core.execution.dispatch,NodeDispatcherService,getInstanceForFramework,8,2,1,78,0
rundeck,com.dtolabs.rundeck.core.execution.dispatch,NodeDispatcherService,getName,3,1,0,87,0
rundeck,com.dtolabs.rundeck.core.execution.dispatch,DispatcherException,DispatcherException,2,1,0,36,0
rundeck,com.dtolabs.rundeck.core.execution.dispatch,DispatcherException,DispatcherException,3,1,1,39,0
rundeck,com.dtolabs.rundeck.core.execution.dispatch,DispatcherException,DispatcherException,3,1,2,43,0
rundeck,com.dtolabs.rundeck.core.execution.dispatch,DispatcherException,DispatcherException,3,1,1,47,0
rundeck,com.dtolabs.rundeck.core.execution.dispatch,DispatcherException,DispatcherException,3,1,1,51,0
rundeck,com.dtolabs.rundeck.core.execution.dispatch,DispatcherException,DispatcherException,4,1,2,55,0
rundeck,com.dtolabs.rundeck.core.execution.dispatch,DispatcherException,DispatcherException,4,1,3,60,0
rundeck,com.dtolabs.rundeck.core.execution.dispatch,DispatcherException,DispatcherException,4,1,2,65,0
rundeck,com.dtolabs.rundeck.core.execution.dispatch,DispatcherException,getNode,3,1,0,70,0
rundeck,com.dtolabs.rundeck.core.execution.dispatch,DispatcherException,setNode,3,1,1,74,0
rundeck,com.dtolabs.rundeck.core.execution.dispatch,NodeDispatcher,dispatch,0,1,2,37,0
rundeck,com.dtolabs.rundeck.core.execution.dispatch,NodeDispatcher,dispatch,0,1,2,41,0
rundeck,com.dtolabs.rundeck.core.execution.dispatch,DispatcherResult,getResults,0,1,0,37,0
rundeck,com.dtolabs.rundeck.core.execution.dispatch,SequentialNodeDispatcher,SequentialNodeDispatcher,3,1,1,43,0
rundeck,com.dtolabs.rundeck.core.execution.dispatch,SequentialNodeDispatcher,dispatch,3,1,2,47,0
rundeck,com.dtolabs.rundeck.core.execution.dispatch,SequentialNodeDispatcher,dispatch,3,1,2,53,0
rundeck,com.dtolabs.rundeck.core.execution.dispatch,SequentialNodeDispatcher,dispatch,110,17,3,59,0
rundeck,com.dtolabs.rundeck.core.execution.dispatch,SequentialNodeDispatcher,getResults,3,1,0,178,0
rundeck,com.dtolabs.rundeck.core.execution.dispatch,SequentialNodeDispatcher,isSuccess,3,1,0,182,0
rundeck,com.dtolabs.rundeck.core.execution.dispatch,SequentialNodeDispatcher,toString,3,1,0,186,0
rundeck,com.dtolabs.rundeck.core.execution.dispatch,ParallelNodeDispatcher,ParallelNodeDispatcher,3,1,1,56,0
rundeck,com.dtolabs.rundeck.core.execution.dispatch,ParallelNodeDispatcher,dispatch,3,1,2,60,0
rundeck,com.dtolabs.rundeck.core.execution.dispatch,ParallelNodeDispatcher,dispatch,3,1,2,66,0
rundeck,com.dtolabs.rundeck.core.execution.dispatch,ParallelNodeDispatcher,dispatch,81,8,3,72,0
rundeck,com.dtolabs.rundeck.core.execution.dispatch,ParallelNodeDispatcher,getResults,3,1,0,157,0
rundeck,com.dtolabs.rundeck.core.execution.dispatch,ParallelNodeDispatcher,isSuccess,3,1,0,161,0
rundeck,com.dtolabs.rundeck.core.execution.dispatch,ParallelNodeDispatcher,toString,3,1,0,165,0
rundeck,com.dtolabs.rundeck.core.execution.dispatch,ParallelNodeDispatcher,dispatchableCallable,19,2,5,172,0
rundeck,com.dtolabs.rundeck.core.execution.dispatch,ParallelNodeDispatcher,call,14,2,0,176,0
rundeck,com.dtolabs.rundeck.core.execution.dispatch,ParallelNodeDispatcher,execItemCallable,19,2,5,192,0
rundeck,com.dtolabs.rundeck.core.execution.dispatch,ParallelNodeDispatcher,call,14,2,0,196,0
rundeck,com.dtolabs.rundeck.core.execution.dispatch,ParallelNodeDispatcher,configureNodeContextThreadLocalsForProject,10,3,1,213,0
rundeck,com.dtolabs.rundeck.core.execution.dispatch,ParallelNodeDispatcher,getThreadLocalForProject,9,2,2,229,0
rundeck,com.dtolabs.rundeck.core.execution.dispatch,ParallelNodeDispatcher,addNodeContextTasks,10,2,3,247,0
rundeck,com.dtolabs.rundeck.core.execution.dispatch,ParallelNodeDispatcher,genSetThreadLocalRefValue,6,1,2,270,0
rundeck,com.dtolabs.rundeck.core.execution.dispatch,ParallelNodeDispatcher,execute,7,2,0,294,0
rundeck,com.dtolabs.rundeck.core.execution.dispatch,ParallelNodeDispatcher,getValue,3,1,0,303,0
rundeck,com.dtolabs.rundeck.core.execution.dispatch,ParallelNodeDispatcher,setValue,3,1,1,307,0
rundeck,com.dtolabs.rundeck.core.execution.dispatch,ParallelNodeDispatcher,getRefid,3,1,0,311,0
rundeck,com.dtolabs.rundeck.core.execution.dispatch,ParallelNodeDispatcher,setRefid,3,1,1,315,0
rundeck,com.dtolabs.rundeck.core.execution.dispatch,ParallelNodeDispatcher,addNodeContextSuccessReport,8,1,3,320,0
rundeck,com.dtolabs.rundeck.core.execution.dispatch,SetThreadLocalTask,execute,7,2,0,294,0
rundeck,com.dtolabs.rundeck.core.execution.dispatch,SetThreadLocalTask,getValue,3,1,0,303,0
rundeck,com.dtolabs.rundeck.core.execution.dispatch,SetThreadLocalTask,setValue,3,1,1,307,0
rundeck,com.dtolabs.rundeck.core.execution.dispatch,SetThreadLocalTask,getRefid,3,1,0,311,0
rundeck,com.dtolabs.rundeck.core.execution.dispatch,SetThreadLocalTask,setRefid,3,1,1,315,0
rundeck,com.dtolabs.rundeck.core.execution.dispatch,Dispatchable,dispatch,0,1,2,36,0
rundeck,com.dtolabs.rundeck.core.execution.dispatch,INodeEntryComparator,INodeEntryComparator,3,1,1,38,0
rundeck,com.dtolabs.rundeck.core.execution.dispatch,INodeEntryComparator,compare,40,7,2,42,0
rundeck,com.dtolabs.rundeck.core.execution.dispatch,TestINodeEntryComparator,testCompareDefaultProperty,18,1,0,39,0
rundeck,com.dtolabs.rundeck.core.execution.dispatch,TestINodeEntryComparator,testCompareRankProperty,21,1,0,58,0
rundeck,com.dtolabs.rundeck.core.execution.dispatch,TestINodeEntryComparator,testCompareRankPropertyNumeric,29,1,0,82,0
rundeck,com.dtolabs.rundeck.core.execution.dispatch,TestINodeEntryComparator,testCompareRankPropertyNumeric2,25,1,0,119,0
rundeck,com.dtolabs.rundeck.core.execution.dispatch,TestINodeEntryComparator,testCompareRankPropertyNulls,18,1,0,153,0
rundeck,com.dtolabs.rundeck.core.execution.dispatch,TestINodeEntryComparator,testCompareRankPropertyMixedNulls,27,1,0,174,0
rundeck,com.dtolabs.rundeck.core.execution.dispatch,TestNodeDispatcherService,TestNodeDispatcherService,3,1,1,48,0
rundeck,com.dtolabs.rundeck.core.execution.dispatch,TestNodeDispatcherService,setUp,13,1,0,52,0
rundeck,com.dtolabs.rundeck.core.execution.dispatch,TestNodeDispatcherService,tearDown,5,1,0,68,0
rundeck,com.dtolabs.rundeck.core.execution.dispatch,TestNodeDispatcherService,testGetNodeDispatcher,216,1,0,75,0
rundeck,com.dtolabs.rundeck.core.execution.dispatch,TestNodeDispatcherService,getFrameworkProject,3,1,0,85,0
rundeck,com.dtolabs.rundeck.core.execution.dispatch,TestNodeDispatcherService,getFramework,3,1,0,89,0
rundeck,com.dtolabs.rundeck.core.execution.dispatch,TestNodeDispatcherService,getUser,3,1,0,93,0
rundeck,com.dtolabs.rundeck.core.execution.dispatch,TestNodeDispatcherService,getNodeSelector,3,1,0,97,0
rundeck,com.dtolabs.rundeck.core.execution.dispatch,TestNodeDispatcherService,getThreadCount,3,1,0,102,0
rundeck,com.dtolabs.rundeck.core.execution.dispatch,TestNodeDispatcherService,getNodeRankAttribute,3,1,0,106,0
rundeck,com.dtolabs.rundeck.core.execution.dispatch,TestNodeDispatcherService,isNodeRankOrderAscending,3,1,0,110,0
rundeck,com.dtolabs.rundeck.core.execution.dispatch,TestNodeDispatcherService,isKeepgoing,3,1,0,114,0
rundeck,com.dtolabs.rundeck.core.execution.dispatch,TestNodeDispatcherService,getArgs,3,1,0,118,0
rundeck,com.dtolabs.rundeck.core.execution.dispatch,TestNodeDispatcherService,getLoglevel,3,1,0,122,0
rundeck,com.dtolabs.rundeck.core.execution.dispatch,TestNodeDispatcherService,getDataContext,3,1,0,126,0
rundeck,com.dtolabs.rundeck.core.execution.dispatch,TestNodeDispatcherService,getPrivateDataContext,3,1,0,130,0
rundeck,com.dtolabs.rundeck.core.execution.dispatch,TestNodeDispatcherService,getExecutionListener,3,1,0,134,0
rundeck,com.dtolabs.rundeck.core.execution.dispatch,TestNodeDispatcherService,getNodesFile,3,1,0,138,0
rundeck,com.dtolabs.rundeck.core.execution.dispatch,TestNodeDispatcherService,getFrameworkProject,3,1,0,154,0
rundeck,com.dtolabs.rundeck.core.execution.dispatch,TestNodeDispatcherService,getFramework,3,1,0,158,0
rundeck,com.dtolabs.rundeck.core.execution.dispatch,TestNodeDispatcherService,getUser,3,1,0,162,0
rundeck,com.dtolabs.rundeck.core.execution.dispatch,TestNodeDispatcherService,getNodeSelector,3,1,0,166,0
rundeck,com.dtolabs.rundeck.core.execution.dispatch,TestNodeDispatcherService,getThreadCount,3,1,0,171,0
rundeck,com.dtolabs.rundeck.core.execution.dispatch,TestNodeDispatcherService,getNodeRankAttribute,3,1,0,175,0
rundeck,com.dtolabs.rundeck.core.execution.dispatch,TestNodeDispatcherService,isNodeRankOrderAscending,3,1,0,179,0
rundeck,com.dtolabs.rundeck.core.execution.dispatch,TestNodeDispatcherService,isKeepgoing,3,1,0,183,0
rundeck,com.dtolabs.rundeck.core.execution.dispatch,TestNodeDispatcherService,getArgs,3,1,0,187,0
rundeck,com.dtolabs.rundeck.core.execution.dispatch,TestNodeDispatcherService,getLoglevel,3,1,0,191,0
rundeck,com.dtolabs.rundeck.core.execution.dispatch,TestNodeDispatcherService,getDataContext,3,1,0,195,0
rundeck,com.dtolabs.rundeck.core.execution.dispatch,TestNodeDispatcherService,getPrivateDataContext,3,1,0,199,0
rundeck,com.dtolabs.rundeck.core.execution.dispatch,TestNodeDispatcherService,getExecutionListener,3,1,0,203,0
rundeck,com.dtolabs.rundeck.core.execution.dispatch,TestNodeDispatcherService,getNodesFile,3,1,0,207,0
rundeck,com.dtolabs.rundeck.core.execution.dispatch,TestNodeDispatcherService,getFrameworkProject,3,1,0,223,0
rundeck,com.dtolabs.rundeck.core.execution.dispatch,TestNodeDispatcherService,getFramework,3,1,0,227,0
rundeck,com.dtolabs.rundeck.core.execution.dispatch,TestNodeDispatcherService,getUser,3,1,0,231,0
rundeck,com.dtolabs.rundeck.core.execution.dispatch,TestNodeDispatcherService,getNodeSelector,3,1,0,235,0
rundeck,com.dtolabs.rundeck.core.execution.dispatch,TestNodeDispatcherService,getThreadCount,3,1,0,240,0
rundeck,com.dtolabs.rundeck.core.execution.dispatch,TestNodeDispatcherService,getNodeRankAttribute,3,1,0,244,0
rundeck,com.dtolabs.rundeck.core.execution.dispatch,TestNodeDispatcherService,isNodeRankOrderAscending,3,1,0,248,0
rundeck,com.dtolabs.rundeck.core.execution.dispatch,TestNodeDispatcherService,isKeepgoing,3,1,0,252,0
rundeck,com.dtolabs.rundeck.core.execution.dispatch,TestNodeDispatcherService,getArgs,3,1,0,256,0
rundeck,com.dtolabs.rundeck.core.execution.dispatch,TestNodeDispatcherService,getLoglevel,3,1,0,260,0
rundeck,com.dtolabs.rundeck.core.execution.dispatch,TestNodeDispatcherService,getDataContext,3,1,0,264,0
rundeck,com.dtolabs.rundeck.core.execution.dispatch,TestNodeDispatcherService,getPrivateDataContext,3,1,0,268,0
rundeck,com.dtolabs.rundeck.core.execution.dispatch,TestNodeDispatcherService,getExecutionListener,3,1,0,272,0
rundeck,com.dtolabs.rundeck.core.execution.dispatch,TestNodeDispatcherService,getNodesFile,3,1,0,276,0
rundeck,com.dtolabs.rundeck.core.execution.dispatch,TestNodeDispatcherService,getFrameworkProject,3,1,0,292,0
rundeck,com.dtolabs.rundeck.core.execution.dispatch,TestNodeDispatcherService,getFramework,3,1,0,296,0
rundeck,com.dtolabs.rundeck.core.execution.dispatch,TestNodeDispatcherService,getUser,3,1,0,300,0
rundeck,com.dtolabs.rundeck.core.execution.dispatch,TestNodeDispatcherService,getNodeSelector,3,1,0,304,0
rundeck,com.dtolabs.rundeck.core.execution.dispatch,TestNodeDispatcherService,getThreadCount,3,1,0,309,0
rundeck,com.dtolabs.rundeck.core.execution.dispatch,TestNodeDispatcherService,getNodeRankAttribute,3,1,0,313,0
rundeck,com.dtolabs.rundeck.core.execution.dispatch,TestNodeDispatcherService,isNodeRankOrderAscending,3,1,0,317,0
rundeck,com.dtolabs.rundeck.core.execution.dispatch,TestNodeDispatcherService,isKeepgoing,3,1,0,321,0
rundeck,com.dtolabs.rundeck.core.execution.dispatch,TestNodeDispatcherService,getArgs,3,1,0,325,0
rundeck,com.dtolabs.rundeck.core.execution.dispatch,TestNodeDispatcherService,getLoglevel,3,1,0,329,0
rundeck,com.dtolabs.rundeck.core.execution.dispatch,TestNodeDispatcherService,getDataContext,3,1,0,333,0
rundeck,com.dtolabs.rundeck.core.execution.dispatch,TestNodeDispatcherService,getPrivateDataContext,3,1,0,337,0
rundeck,com.dtolabs.rundeck.core.execution.dispatch,TestNodeDispatcherService,getExecutionListener,3,1,0,341,0
rundeck,com.dtolabs.rundeck.core.execution.dispatch,TestNodeDispatcherService,getNodesFile,3,1,0,345,0
rundeck,com.dtolabs.rundeck.core.execution.dispatch,TestNodeDispatcherService,testExtResources,110,1,0,356,0
rundeck,com.dtolabs.rundeck.core.execution.dispatch,TestNodeDispatcherService,getFrameworkProject,3,1,0,369,0
rundeck,com.dtolabs.rundeck.core.execution.dispatch,TestNodeDispatcherService,getFramework,3,1,0,373,0
rundeck,com.dtolabs.rundeck.core.execution.dispatch,TestNodeDispatcherService,getUser,3,1,0,377,0
rundeck,com.dtolabs.rundeck.core.execution.dispatch,TestNodeDispatcherService,getNodeSelector,3,1,0,381,0
rundeck,com.dtolabs.rundeck.core.execution.dispatch,TestNodeDispatcherService,getThreadCount,3,1,0,386,0
rundeck,com.dtolabs.rundeck.core.execution.dispatch,TestNodeDispatcherService,getNodeRankAttribute,3,1,0,390,0
rundeck,com.dtolabs.rundeck.core.execution.dispatch,TestNodeDispatcherService,isNodeRankOrderAscending,3,1,0,394,0
rundeck,com.dtolabs.rundeck.core.execution.dispatch,TestNodeDispatcherService,isKeepgoing,3,1,0,398,0
rundeck,com.dtolabs.rundeck.core.execution.dispatch,TestNodeDispatcherService,getArgs,3,1,0,402,0
rundeck,com.dtolabs.rundeck.core.execution.dispatch,TestNodeDispatcherService,getLoglevel,3,1,0,406,0
rundeck,com.dtolabs.rundeck.core.execution.dispatch,TestNodeDispatcherService,getDataContext,3,1,0,410,0
rundeck,com.dtolabs.rundeck.core.execution.dispatch,TestNodeDispatcherService,getPrivateDataContext,3,1,0,414,0
rundeck,com.dtolabs.rundeck.core.execution.dispatch,TestNodeDispatcherService,getExecutionListener,3,1,0,418,0
rundeck,com.dtolabs.rundeck.core.execution.dispatch,TestNodeDispatcherService,getNodesFile,3,1,0,422,0
rundeck,com.dtolabs.rundeck.core.execution.dispatch,TestNodeDispatcherService,getFrameworkProject,3,1,0,436,0
rundeck,com.dtolabs.rundeck.core.execution.dispatch,TestNodeDispatcherService,getFramework,3,1,0,440,0
rundeck,com.dtolabs.rundeck.core.execution.dispatch,TestNodeDispatcherService,getUser,3,1,0,444,0
rundeck,com.dtolabs.rundeck.core.execution.dispatch,TestNodeDispatcherService,getNodeSelector,3,1,0,448,0
rundeck,com.dtolabs.rundeck.core.execution.dispatch,TestNodeDispatcherService,getThreadCount,3,1,0,453,0
rundeck,com.dtolabs.rundeck.core.execution.dispatch,TestNodeDispatcherService,getNodeRankAttribute,3,1,0,457,0
rundeck,com.dtolabs.rundeck.core.execution.dispatch,TestNodeDispatcherService,isNodeRankOrderAscending,3,1,0,461,0
rundeck,com.dtolabs.rundeck.core.execution.dispatch,TestNodeDispatcherService,isKeepgoing,3,1,0,465,0
rundeck,com.dtolabs.rundeck.core.execution.dispatch,TestNodeDispatcherService,getArgs,3,1,0,469,0
rundeck,com.dtolabs.rundeck.core.execution.dispatch,TestNodeDispatcherService,getLoglevel,3,1,0,473,0
rundeck,com.dtolabs.rundeck.core.execution.dispatch,TestNodeDispatcherService,getDataContext,3,1,0,477,0
rundeck,com.dtolabs.rundeck.core.execution.dispatch,TestNodeDispatcherService,getPrivateDataContext,3,1,0,481,0
rundeck,com.dtolabs.rundeck.core.execution.dispatch,TestNodeDispatcherService,getExecutionListener,3,1,0,485,0
rundeck,com.dtolabs.rundeck.core.execution.dispatch,TestNodeDispatcherService,getNodesFile,3,1,0,489,0
rundeck,com.dtolabs.rundeck.core.execution.commands,ExecCommandInterpreter,ExecCommandInterpreter,3,1,1,50,0
rundeck,com.dtolabs.rundeck.core.execution.commands,ExecCommandInterpreter,interpretCommand,11,1,3,56,0
rundeck,com.dtolabs.rundeck.core.execution.commands,InterpreterException,InterpreterException,3,1,0,32,0
rundeck,com.dtolabs.rundeck.core.execution.commands,InterpreterException,InterpreterException,3,1,1,36,0
rundeck,com.dtolabs.rundeck.core.execution.commands,InterpreterException,InterpreterException,3,1,1,40,0
rundeck,com.dtolabs.rundeck.core.execution.commands,InterpreterException,InterpreterException,3,1,2,44,0
rundeck,com.dtolabs.rundeck.core.execution.commands,ExecCommand,getType,3,1,0,36,0
rundeck,com.dtolabs.rundeck.core.execution.commands,InterpreterResultImpl,InterpreterResultImpl,3,1,1,38,0
rundeck,com.dtolabs.rundeck.core.execution.commands,InterpreterResultImpl,isSuccess,3,1,0,42,0
rundeck,com.dtolabs.rundeck.core.execution.commands,InterpreterResultImpl,getInternalResult,3,1,0,46,0
rundeck,com.dtolabs.rundeck.core.execution.commands,InterpreterResultImpl,toString,3,1,0,50,0
rundeck,com.dtolabs.rundeck.core.execution.commands,ScriptFileCommandInterpreter,ScriptFileCommandInterpreter,3,1,1,47,0
rundeck,com.dtolabs.rundeck.core.execution.commands,ScriptFileCommandInterpreter,interpretCommand,42,6,3,51,0
rundeck,com.dtolabs.rundeck.core.execution.commands,ScriptFileCommandExecutionItem,getScript,0,1,0,37,0
rundeck,com.dtolabs.rundeck.core.execution.commands,ScriptFileCommandExecutionItem,getScriptAsStream,0,1,0,44,0
rundeck,com.dtolabs.rundeck.core.execution.commands,ScriptFileCommandExecutionItem,getServerScriptFilePath,0,1,0,53,0
rundeck,com.dtolabs.rundeck.core.execution.commands,ScriptFileCommandExecutionItem,getArgs,0,1,0,60,0
rundeck,com.dtolabs.rundeck.core.execution.commands,CommandInterpreterService,CommandInterpreterService,4,1,1,39,0
rundeck,com.dtolabs.rundeck.core.execution.commands,CommandInterpreterService,resetDefaultProviders,6,1,0,45,0
rundeck,com.dtolabs.rundeck.core.execution.commands,CommandInterpreterService,getInterpreterForExecutionItem,3,1,1,52,0
rundeck,com.dtolabs.rundeck.core.execution.commands,CommandInterpreterService,getInstanceForFramework,8,2,1,57,0
rundeck,com.dtolabs.rundeck.core.execution.commands,CommandInterpreterService,getName,3,1,0,67,0
rundeck,com.dtolabs.rundeck.core.execution.commands,ScriptFileCommandBase,getScript,3,1,0,35,0
rundeck,com.dtolabs.rundeck.core.execution.commands,ScriptFileCommandBase,getScriptAsStream,3,1,0,39,0
rundeck,com.dtolabs.rundeck.core.execution.commands,ScriptFileCommandBase,getServerScriptFilePath,3,1,0,43,0
rundeck,com.dtolabs.rundeck.core.execution.commands,ScriptFileCommandBase,getArgs,3,1,0,47,0
rundeck,com.dtolabs.rundeck.core.execution.commands,ScriptFileCommand,getType,3,1,0,38,0
rundeck,com.dtolabs.rundeck.core.execution.commands,CommandInterpreter,interpretCommand,0,1,3,37,0
rundeck,com.dtolabs.rundeck.core.execution.commands,ExecCommandBase,getCommand,3,1,0,34,0
rundeck,com.dtolabs.rundeck.core.execution.commands,ExecCommandExecutionItem,getCommand,0,1,0,34,0
rundeck,com.dtolabs.rundeck.core.execution.commands,TestExecCommandInterpreter,TestExecCommandInterpreter,3,1,1,53,0
rundeck,com.dtolabs.rundeck.core.execution.commands,TestExecCommandInterpreter,setUp,12,1,0,57,0
rundeck,com.dtolabs.rundeck.core.execution.commands,TestExecCommandInterpreter,tearDown,5,1,0,74,0
rundeck,com.dtolabs.rundeck.core.execution.commands,TestExecCommandInterpreter,executeCommand,6,1,3,85,0
rundeck,com.dtolabs.rundeck.core.execution.commands,TestExecCommandInterpreter,testInterpretCommand,84,1,0,94,0
rundeck,com.dtolabs.rundeck.core.execution.commands,TestExecCommandInterpreter,getFrameworkProject,3,1,0,106,0
rundeck,com.dtolabs.rundeck.core.execution.commands,TestExecCommandInterpreter,getFramework,3,1,0,110,0
rundeck,com.dtolabs.rundeck.core.execution.commands,TestExecCommandInterpreter,getUser,3,1,0,115,0
rundeck,com.dtolabs.rundeck.core.execution.commands,TestExecCommandInterpreter,getNodeSelector,3,1,0,119,0
rundeck,com.dtolabs.rundeck.core.execution.commands,TestExecCommandInterpreter,getThreadCount,3,1,0,124,0
rundeck,com.dtolabs.rundeck.core.execution.commands,TestExecCommandInterpreter,getNodeRankAttribute,3,1,0,128,0
rundeck,com.dtolabs.rundeck.core.execution.commands,TestExecCommandInterpreter,isNodeRankOrderAscending,3,1,0,132,0
rundeck,com.dtolabs.rundeck.core.execution.commands,TestExecCommandInterpreter,isKeepgoing,3,1,0,136,0
rundeck,com.dtolabs.rundeck.core.execution.commands,TestExecCommandInterpreter,getArgs,3,1,0,140,0
rundeck,com.dtolabs.rundeck.core.execution.commands,TestExecCommandInterpreter,getLoglevel,3,1,0,144,0
rundeck,com.dtolabs.rundeck.core.execution.commands,TestExecCommandInterpreter,getDataContext,3,1,0,148,0
rundeck,com.dtolabs.rundeck.core.execution.commands,TestExecCommandInterpreter,getPrivateDataContext,3,1,0,152,0
rundeck,com.dtolabs.rundeck.core.execution.commands,TestExecCommandInterpreter,getExecutionListener,3,1,0,156,0
rundeck,com.dtolabs.rundeck.core.execution.commands,TestExecCommandInterpreter,getNodesFile,3,1,0,160,0
rundeck,com.dtolabs.rundeck.core.execution.commands,TestExecCommandInterpreter,getCommand,3,1,0,167,0
rundeck,com.dtolabs.rundeck.core.execution.commands,TestExecCommandInterpreter,getResultCode,3,1,0,181,0
rundeck,com.dtolabs.rundeck.core.execution.commands,TestExecCommandInterpreter,isSuccess,3,1,0,185,0
rundeck,com.dtolabs.rundeck.core.execution.commands,TestExecCommandInterpreter,testInterpretCommandRemote,84,1,0,205,0
rundeck,com.dtolabs.rundeck.core.execution.commands,TestExecCommandInterpreter,getFrameworkProject,3,1,0,220,0
rundeck,com.dtolabs.rundeck.core.execution.commands,TestExecCommandInterpreter,getFramework,3,1,0,224,0
rundeck,com.dtolabs.rundeck.core.execution.commands,TestExecCommandInterpreter,getUser,3,1,0,229,0
rundeck,com.dtolabs.rundeck.core.execution.commands,TestExecCommandInterpreter,getNodeSelector,3,1,0,233,0
rundeck,com.dtolabs.rundeck.core.execution.commands,TestExecCommandInterpreter,getThreadCount,3,1,0,238,0
rundeck,com.dtolabs.rundeck.core.execution.commands,TestExecCommandInterpreter,getNodeRankAttribute,3,1,0,242,0
rundeck,com.dtolabs.rundeck.core.execution.commands,TestExecCommandInterpreter,isNodeRankOrderAscending,3,1,0,246,0
rundeck,com.dtolabs.rundeck.core.execution.commands,TestExecCommandInterpreter,isKeepgoing,3,1,0,250,0
rundeck,com.dtolabs.rundeck.core.execution.commands,TestExecCommandInterpreter,getArgs,3,1,0,253,0
rundeck,com.dtolabs.rundeck.core.execution.commands,TestExecCommandInterpreter,getLoglevel,3,1,0,257,0
rundeck,com.dtolabs.rundeck.core.execution.commands,TestExecCommandInterpreter,getDataContext,3,1,0,261,0
rundeck,com.dtolabs.rundeck.core.execution.commands,TestExecCommandInterpreter,getPrivateDataContext,3,1,0,265,0
rundeck,com.dtolabs.rundeck.core.execution.commands,TestExecCommandInterpreter,getExecutionListener,3,1,0,269,0
rundeck,com.dtolabs.rundeck.core.execution.commands,TestExecCommandInterpreter,getNodesFile,3,1,0,273,0
rundeck,com.dtolabs.rundeck.core.execution.commands,TestExecCommandInterpreter,getCommand,3,1,0,280,0
rundeck,com.dtolabs.rundeck.core.execution.commands,TestExecCommandInterpreter,getResultCode,3,1,0,294,0
rundeck,com.dtolabs.rundeck.core.execution.commands,TestExecCommandInterpreter,isSuccess,3,1,0,298,0
rundeck,com.dtolabs.rundeck.core.execution.commands,testNodeExecutor,executeCommand,6,1,3,85,0
rundeck,com.dtolabs.rundeck.core.execution.commands,TestCommandInterpreterService,TestCommandInterpreterService,3,1,1,46,0
rundeck,com.dtolabs.rundeck.core.execution.commands,TestCommandInterpreterService,suite,3,1,0,50,0
rundeck,com.dtolabs.rundeck.core.execution.commands,TestCommandInterpreterService,setUp,3,1,0,54,0
rundeck,com.dtolabs.rundeck.core.execution.commands,TestCommandInterpreterService,tearDown,3,1,0,59,0
rundeck,com.dtolabs.rundeck.core.execution.commands,TestCommandInterpreterService,testResetDefaultProviders,54,1,0,64,0
rundeck,com.dtolabs.rundeck.core.execution.commands,TestCommandInterpreterService,getType,3,1,0,69,0
rundeck,com.dtolabs.rundeck.core.execution.commands,TestCommandInterpreterService,getType,3,1,0,74,0
rundeck,com.dtolabs.rundeck.core.execution.commands,TestCommandInterpreterService,interpretCommand,3,1,3,90,0
rundeck,com.dtolabs.rundeck.core.execution.commands,TestCommandInterpreterService,interpretCommand,3,1,3,97,0
rundeck,com.dtolabs.rundeck.core.execution.commands,TestCommandInterpreterService,testGetInterpreterForExecutionItem,52,1,0,129,0
rundeck,com.dtolabs.rundeck.core.execution.commands,TestCommandInterpreterService,getType,3,1,0,136,0
rundeck,com.dtolabs.rundeck.core.execution.commands,TestCommandInterpreterService,getType,3,1,0,148,0
rundeck,com.dtolabs.rundeck.core.execution.commands,TestCommandInterpreterService,getType,3,1,0,161,0
rundeck,com.dtolabs.rundeck.core.execution.commands,TestCommandInterpreterService,getType,3,1,0,175,0
rundeck,com.dtolabs.rundeck.core.execution.commands,TestCommandInterpreterService,testGetInstanceForFramework,9,1,0,185,0
rundeck,com.dtolabs.rundeck.core.execution.commands,TestCommandInterpreterService,testGetName,4,1,0,196,0
rundeck,com.dtolabs.rundeck.core.execution.commands,TestScriptFileCommandInterpreter,TestScriptFileCommandInterpreter,3,1,1,52,0
rundeck,com.dtolabs.rundeck.core.execution.commands,TestScriptFileCommandInterpreter,setUp,11,1,0,56,0
rundeck,com.dtolabs.rundeck.core.execution.commands,TestScriptFileCommandInterpreter,tearDown,5,1,0,72,0
rundeck,com.dtolabs.rundeck.core.execution.commands,TestScriptFileCommandInterpreter,copyFileStream,9,2,3,85,0
rundeck,com.dtolabs.rundeck.core.execution.commands,TestScriptFileCommandInterpreter,copyFile,9,2,3,98,0
rundeck,com.dtolabs.rundeck.core.execution.commands,TestScriptFileCommandInterpreter,copyScriptContent,9,2,3,110,0
rundeck,com.dtolabs.rundeck.core.execution.commands,TestScriptFileCommandInterpreter,executeCommand,6,1,3,130,0
rundeck,com.dtolabs.rundeck.core.execution.commands,TestScriptFileCommandInterpreter,testInterpretCommandScriptContentLocalUnix,115,1,0,140,0
rundeck,com.dtolabs.rundeck.core.execution.commands,TestScriptFileCommandInterpreter,getFrameworkProject,3,1,0,161,0
rundeck,com.dtolabs.rundeck.core.execution.commands,TestScriptFileCommandInterpreter,getFramework,3,1,0,165,0
rundeck,com.dtolabs.rundeck.core.execution.commands,TestScriptFileCommandInterpreter,getUser,3,1,0,169,0
rundeck,com.dtolabs.rundeck.core.execution.commands,TestScriptFileCommandInterpreter,getNodeSelector,3,1,0,173,0
rundeck,com.dtolabs.rundeck.core.execution.commands,TestScriptFileCommandInterpreter,getThreadCount,3,1,0,178,0
rundeck,com.dtolabs.rundeck.core.execution.commands,TestScriptFileCommandInterpreter,getNodeRankAttribute,3,1,0,182,0
rundeck,com.dtolabs.rundeck.core.execution.commands,TestScriptFileCommandInterpreter,isNodeRankOrderAscending,3,1,0,186,0
rundeck,com.dtolabs.rundeck.core.execution.commands,TestScriptFileCommandInterpreter,isKeepgoing,3,1,0,190,0
rundeck,com.dtolabs.rundeck.core.execution.commands,TestScriptFileCommandInterpreter,getArgs,3,1,0,193,0
rundeck,com.dtolabs.rundeck.core.execution.commands,TestScriptFileCommandInterpreter,getLoglevel,3,1,0,197,0
rundeck,com.dtolabs.rundeck.core.execution.commands,TestScriptFileCommandInterpreter,getDataContext,3,1,0,201,0
rundeck,com.dtolabs.rundeck.core.execution.commands,TestScriptFileCommandInterpreter,getPrivateDataContext,3,1,0,205,0
rundeck,com.dtolabs.rundeck.core.execution.commands,TestScriptFileCommandInterpreter,getExecutionListener,3,1,0,209,0
rundeck,com.dtolabs.rundeck.core.execution.commands,TestScriptFileCommandInterpreter,getNodesFile,3,1,0,213,0
rundeck,com.dtolabs.rundeck.core.execution.commands,TestScriptFileCommandInterpreter,getScript,3,1,0,220,0
rundeck,com.dtolabs.rundeck.core.execution.commands,TestScriptFileCommandInterpreter,getScriptAsStream,3,1,0,224,0
rundeck,com.dtolabs.rundeck.core.execution.commands,TestScriptFileCommandInterpreter,getServerScriptFilePath,3,1,0,228,0
rundeck,com.dtolabs.rundeck.core.execution.commands,TestScriptFileCommandInterpreter,getArgs,3,1,0,232,0
rundeck,com.dtolabs.rundeck.core.execution.commands,TestScriptFileCommandInterpreter,getResultCode,3,1,0,239,0
rundeck,com.dtolabs.rundeck.core.execution.commands,TestScriptFileCommandInterpreter,isSuccess,3,1,0,243,0
rundeck,com.dtolabs.rundeck.core.execution.commands,TestScriptFileCommandInterpreter,getResultCode,3,1,0,248,0
rundeck,com.dtolabs.rundeck.core.execution.commands,TestScriptFileCommandInterpreter,isSuccess,3,1,0,252,0
rundeck,com.dtolabs.rundeck.core.execution.commands,TestScriptFileCommandInterpreter,testInterpretCommandScriptContentWithArgs,117,1,0,289,0
rundeck,com.dtolabs.rundeck.core.execution.commands,TestScriptFileCommandInterpreter,getFrameworkProject,3,1,0,309,0
rundeck,com.dtolabs.rundeck.core.execution.commands,TestScriptFileCommandInterpreter,getFramework,3,1,0,313,0
rundeck,com.dtolabs.rundeck.core.execution.commands,TestScriptFileCommandInterpreter,getUser,3,1,0,317,0
rundeck,com.dtolabs.rundeck.core.execution.commands,TestScriptFileCommandInterpreter,getNodeSelector,3,1,0,321,0
rundeck,com.dtolabs.rundeck.core.execution.commands,TestScriptFileCommandInterpreter,getThreadCount,3,1,0,326,0
rundeck,com.dtolabs.rundeck.core.execution.commands,TestScriptFileCommandInterpreter,getNodeRankAttribute,3,1,0,330,0
rundeck,com.dtolabs.rundeck.core.execution.commands,TestScriptFileCommandInterpreter,isNodeRankOrderAscending,3,1,0,334,0
rundeck,com.dtolabs.rundeck.core.execution.commands,TestScriptFileCommandInterpreter,isKeepgoing,3,1,0,338,0
rundeck,com.dtolabs.rundeck.core.execution.commands,TestScriptFileCommandInterpreter,getArgs,3,1,0,341,0
rundeck,com.dtolabs.rundeck.core.execution.commands,TestScriptFileCommandInterpreter,getLoglevel,3,1,0,345,0
rundeck,com.dtolabs.rundeck.core.execution.commands,TestScriptFileCommandInterpreter,getDataContext,3,1,0,349,0
rundeck,com.dtolabs.rundeck.core.execution.commands,TestScriptFileCommandInterpreter,getPrivateDataContext,3,1,0,353,0
rundeck,com.dtolabs.rundeck.core.execution.commands,TestScriptFileCommandInterpreter,getExecutionListener,3,1,0,357,0
rundeck,com.dtolabs.rundeck.core.execution.commands,TestScriptFileCommandInterpreter,getNodesFile,3,1,0,361,0
rundeck,com.dtolabs.rundeck.core.execution.commands,TestScriptFileCommandInterpreter,getScript,3,1,0,368,0
rundeck,com.dtolabs.rundeck.core.execution.commands,TestScriptFileCommandInterpreter,getScriptAsStream,3,1,0,372,0
rundeck,com.dtolabs.rundeck.core.execution.commands,TestScriptFileCommandInterpreter,getServerScriptFilePath,3,1,0,376,0
rundeck,com.dtolabs.rundeck.core.execution.commands,TestScriptFileCommandInterpreter,getArgs,3,1,0,380,0
rundeck,com.dtolabs.rundeck.core.execution.commands,TestScriptFileCommandInterpreter,getResultCode,3,1,0,387,0
rundeck,com.dtolabs.rundeck.core.execution.commands,TestScriptFileCommandInterpreter,isSuccess,3,1,0,391,0
rundeck,com.dtolabs.rundeck.core.execution.commands,TestScriptFileCommandInterpreter,getResultCode,3,1,0,396,0
rundeck,com.dtolabs.rundeck.core.execution.commands,TestScriptFileCommandInterpreter,isSuccess,3,1,0,400,0
rundeck,com.dtolabs.rundeck.core.execution.commands,TestScriptFileCommandInterpreter,testInterpretCommandScriptContentLocalUnixChmodFailure,101,1,0,439,0
rundeck,com.dtolabs.rundeck.core.execution.commands,TestScriptFileCommandInterpreter,getFrameworkProject,3,1,0,462,0
rundeck,com.dtolabs.rundeck.core.execution.commands,TestScriptFileCommandInterpreter,getFramework,3,1,0,466,0
rundeck,com.dtolabs.rundeck.core.execution.commands,TestScriptFileCommandInterpreter,getUser,3,1,0,471,0
rundeck,com.dtolabs.rundeck.core.execution.commands,TestScriptFileCommandInterpreter,getNodeSelector,3,1,0,475,0
rundeck,com.dtolabs.rundeck.core.execution.commands,TestScriptFileCommandInterpreter,getThreadCount,3,1,0,480,0
rundeck,com.dtolabs.rundeck.core.execution.commands,TestScriptFileCommandInterpreter,getNodeRankAttribute,3,1,0,484,0
rundeck,com.dtolabs.rundeck.core.execution.commands,TestScriptFileCommandInterpreter,isNodeRankOrderAscending,3,1,0,488,0
rundeck,com.dtolabs.rundeck.core.execution.commands,TestScriptFileCommandInterpreter,isKeepgoing,3,1,0,492,0
rundeck,com.dtolabs.rundeck.core.execution.commands,TestScriptFileCommandInterpreter,getArgs,3,1,0,496,0
rundeck,com.dtolabs.rundeck.core.execution.commands,TestScriptFileCommandInterpreter,getLoglevel,3,1,0,500,0
rundeck,com.dtolabs.rundeck.core.execution.commands,TestScriptFileCommandInterpreter,getDataContext,3,1,0,504,0
rundeck,com.dtolabs.rundeck.core.execution.commands,TestScriptFileCommandInterpreter,getPrivateDataContext,3,1,0,508,0
rundeck,com.dtolabs.rundeck.core.execution.commands,TestScriptFileCommandInterpreter,getExecutionListener,3,1,0,512,0
rundeck,com.dtolabs.rundeck.core.execution.commands,TestScriptFileCommandInterpreter,getNodesFile,3,1,0,516,0
rundeck,com.dtolabs.rundeck.core.execution.commands,TestScriptFileCommandInterpreter,getScript,3,1,0,523,0
rundeck,com.dtolabs.rundeck.core.execution.commands,TestScriptFileCommandInterpreter,getScriptAsStream,3,1,0,527,0
rundeck,com.dtolabs.rundeck.core.execution.commands,TestScriptFileCommandInterpreter,getServerScriptFilePath,3,1,0,531,0
rundeck,com.dtolabs.rundeck.core.execution.commands,TestScriptFileCommandInterpreter,getArgs,3,1,0,535,0
rundeck,com.dtolabs.rundeck.core.execution.commands,TestScriptFileCommandInterpreter,getResultCode,3,1,0,542,0
rundeck,com.dtolabs.rundeck.core.execution.commands,TestScriptFileCommandInterpreter,isSuccess,3,1,0,546,0
rundeck,com.dtolabs.rundeck.core.execution.commands,TestScriptFileCommandInterpreter,testInterpretCommandScriptContentLocalWindows,100,1,0,577,0
rundeck,com.dtolabs.rundeck.core.execution.commands,TestScriptFileCommandInterpreter,getFrameworkProject,3,1,0,598,0
rundeck,com.dtolabs.rundeck.core.execution.commands,TestScriptFileCommandInterpreter,getFramework,3,1,0,602,0
rundeck,com.dtolabs.rundeck.core.execution.commands,TestScriptFileCommandInterpreter,getUser,3,1,0,606,0
rundeck,com.dtolabs.rundeck.core.execution.commands,TestScriptFileCommandInterpreter,getNodeSelector,3,1,0,610,0
rundeck,com.dtolabs.rundeck.core.execution.commands,TestScriptFileCommandInterpreter,getThreadCount,3,1,0,615,0
rundeck,com.dtolabs.rundeck.core.execution.commands,TestScriptFileCommandInterpreter,getNodeRankAttribute,3,1,0,619,0
rundeck,com.dtolabs.rundeck.core.execution.commands,TestScriptFileCommandInterpreter,isNodeRankOrderAscending,3,1,0,623,0
rundeck,com.dtolabs.rundeck.core.execution.commands,TestScriptFileCommandInterpreter,isKeepgoing,3,1,0,627,0
rundeck,com.dtolabs.rundeck.core.execution.commands,TestScriptFileCommandInterpreter,getArgs,3,1,0,630,0
rundeck,com.dtolabs.rundeck.core.execution.commands,TestScriptFileCommandInterpreter,getLoglevel,3,1,0,634,0
rundeck,com.dtolabs.rundeck.core.execution.commands,TestScriptFileCommandInterpreter,getDataContext,3,1,0,638,0
rundeck,com.dtolabs.rundeck.core.execution.commands,TestScriptFileCommandInterpreter,getPrivateDataContext,3,1,0,642,0
rundeck,com.dtolabs.rundeck.core.execution.commands,TestScriptFileCommandInterpreter,getExecutionListener,3,1,0,646,0
rundeck,com.dtolabs.rundeck.core.execution.commands,TestScriptFileCommandInterpreter,getNodesFile,3,1,0,651,0
rundeck,com.dtolabs.rundeck.core.execution.commands,TestScriptFileCommandInterpreter,getScript,3,1,0,658,0
rundeck,com.dtolabs.rundeck.core.execution.commands,TestScriptFileCommandInterpreter,getScriptAsStream,3,1,0,662,0
rundeck,com.dtolabs.rundeck.core.execution.commands,TestScriptFileCommandInterpreter,getServerScriptFilePath,3,1,0,666,0
rundeck,com.dtolabs.rundeck.core.execution.commands,TestScriptFileCommandInterpreter,getArgs,3,1,0,670,0
rundeck,com.dtolabs.rundeck.core.execution.commands,TestScriptFileCommandInterpreter,getResultCode,3,1,0,677,0
rundeck,com.dtolabs.rundeck.core.execution.commands,TestScriptFileCommandInterpreter,isSuccess,3,1,0,681,0
rundeck,com.dtolabs.rundeck.core.execution.commands,TestScriptFileCommandInterpreter,testInterpretCommandScriptFileLocal,117,1,0,710,0
rundeck,com.dtolabs.rundeck.core.execution.commands,TestScriptFileCommandInterpreter,getFrameworkProject,3,1,0,730,0
rundeck,com.dtolabs.rundeck.core.execution.commands,TestScriptFileCommandInterpreter,getFramework,3,1,0,734,0
rundeck,com.dtolabs.rundeck.core.execution.commands,TestScriptFileCommandInterpreter,getUser,3,1,0,739,0
rundeck,com.dtolabs.rundeck.core.execution.commands,TestScriptFileCommandInterpreter,getNodeSelector,3,1,0,743,0
rundeck,com.dtolabs.rundeck.core.execution.commands,TestScriptFileCommandInterpreter,getThreadCount,3,1,0,748,0
rundeck,com.dtolabs.rundeck.core.execution.commands,TestScriptFileCommandInterpreter,getNodeRankAttribute,3,1,0,752,0
rundeck,com.dtolabs.rundeck.core.execution.commands,TestScriptFileCommandInterpreter,isNodeRankOrderAscending,3,1,0,756,0
rundeck,com.dtolabs.rundeck.core.execution.commands,TestScriptFileCommandInterpreter,isKeepgoing,3,1,0,760,0
rundeck,com.dtolabs.rundeck.core.execution.commands,TestScriptFileCommandInterpreter,getArgs,3,1,0,764,0
rundeck,com.dtolabs.rundeck.core.execution.commands,TestScriptFileCommandInterpreter,getLoglevel,3,1,0,768,0
rundeck,com.dtolabs.rundeck.core.execution.commands,TestScriptFileCommandInterpreter,getDataContext,3,1,0,772,0
rundeck,com.dtolabs.rundeck.core.execution.commands,TestScriptFileCommandInterpreter,getPrivateDataContext,3,1,0,776,0
rundeck,com.dtolabs.rundeck.core.execution.commands,TestScriptFileCommandInterpreter,getExecutionListener,3,1,0,780,0
rundeck,com.dtolabs.rundeck.core.execution.commands,TestScriptFileCommandInterpreter,getNodesFile,3,1,0,784,0
rundeck,com.dtolabs.rundeck.core.execution.commands,TestScriptFileCommandInterpreter,getScript,3,1,0,792,0
rundeck,com.dtolabs.rundeck.core.execution.commands,TestScriptFileCommandInterpreter,getScriptAsStream,3,1,0,796,0
rundeck,com.dtolabs.rundeck.core.execution.commands,TestScriptFileCommandInterpreter,getServerScriptFilePath,3,1,0,800,0
rundeck,com.dtolabs.rundeck.core.execution.commands,TestScriptFileCommandInterpreter,getArgs,3,1,0,804,0
rundeck,com.dtolabs.rundeck.core.execution.commands,TestScriptFileCommandInterpreter,getResultCode,3,1,0,811,0
rundeck,com.dtolabs.rundeck.core.execution.commands,TestScriptFileCommandInterpreter,isSuccess,3,1,0,815,0
rundeck,com.dtolabs.rundeck.core.execution.commands,TestScriptFileCommandInterpreter,getResultCode,3,1,0,820,0
rundeck,com.dtolabs.rundeck.core.execution.commands,TestScriptFileCommandInterpreter,isSuccess,3,1,0,824,0
rundeck,com.dtolabs.rundeck.core.execution.commands,TestScriptFileCommandInterpreter,testInterpretCommandScriptInputLocal,117,1,0,863,0
rundeck,com.dtolabs.rundeck.core.execution.commands,TestScriptFileCommandInterpreter,getFrameworkProject,3,1,0,883,0
rundeck,com.dtolabs.rundeck.core.execution.commands,TestScriptFileCommandInterpreter,getFramework,3,1,0,887,0
rundeck,com.dtolabs.rundeck.core.execution.commands,TestScriptFileCommandInterpreter,getUser,3,1,0,892,0
rundeck,com.dtolabs.rundeck.core.execution.commands,TestScriptFileCommandInterpreter,getNodeSelector,3,1,0,896,0
rundeck,com.dtolabs.rundeck.core.execution.commands,TestScriptFileCommandInterpreter,getThreadCount,3,1,0,901,0
rundeck,com.dtolabs.rundeck.core.execution.commands,TestScriptFileCommandInterpreter,getNodeRankAttribute,3,1,0,905,0
rundeck,com.dtolabs.rundeck.core.execution.commands,TestScriptFileCommandInterpreter,isNodeRankOrderAscending,3,1,0,909,0
rundeck,com.dtolabs.rundeck.core.execution.commands,TestScriptFileCommandInterpreter,isKeepgoing,3,1,0,913,0
rundeck,com.dtolabs.rundeck.core.execution.commands,TestScriptFileCommandInterpreter,getArgs,3,1,0,917,0
rundeck,com.dtolabs.rundeck.core.execution.commands,TestScriptFileCommandInterpreter,getLoglevel,3,1,0,921,0
rundeck,com.dtolabs.rundeck.core.execution.commands,TestScriptFileCommandInterpreter,getDataContext,3,1,0,925,0
rundeck,com.dtolabs.rundeck.core.execution.commands,TestScriptFileCommandInterpreter,getPrivateDataContext,3,1,0,929,0
rundeck,com.dtolabs.rundeck.core.execution.commands,TestScriptFileCommandInterpreter,getExecutionListener,3,1,0,933,0
rundeck,com.dtolabs.rundeck.core.execution.commands,TestScriptFileCommandInterpreter,getNodesFile,3,1,0,937,0
rundeck,com.dtolabs.rundeck.core.execution.commands,TestScriptFileCommandInterpreter,getScript,3,1,0,945,0
rundeck,com.dtolabs.rundeck.core.execution.commands,TestScriptFileCommandInterpreter,getScriptAsStream,3,1,0,949,0
rundeck,com.dtolabs.rundeck.core.execution.commands,TestScriptFileCommandInterpreter,getServerScriptFilePath,3,1,0,953,0
rundeck,com.dtolabs.rundeck.core.execution.commands,TestScriptFileCommandInterpreter,getArgs,3,1,0,957,0
rundeck,com.dtolabs.rundeck.core.execution.commands,TestScriptFileCommandInterpreter,getResultCode,3,1,0,964,0
rundeck,com.dtolabs.rundeck.core.execution.commands,TestScriptFileCommandInterpreter,isSuccess,3,1,0,968,0
rundeck,com.dtolabs.rundeck.core.execution.commands,TestScriptFileCommandInterpreter,getResultCode,3,1,0,973,0
rundeck,com.dtolabs.rundeck.core.execution.commands,TestScriptFileCommandInterpreter,isSuccess,3,1,0,977,0
rundeck,com.dtolabs.rundeck.core.execution.commands,TestScriptFileCommandInterpreter,testInterpretCommandCopyFailure,106,1,0,1017,0
rundeck,com.dtolabs.rundeck.core.execution.commands,TestScriptFileCommandInterpreter,getFrameworkProject,3,1,0,1034,0
rundeck,com.dtolabs.rundeck.core.execution.commands,TestScriptFileCommandInterpreter,getFramework,3,1,0,1038,0
rundeck,com.dtolabs.rundeck.core.execution.commands,TestScriptFileCommandInterpreter,getUser,3,1,0,1043,0
rundeck,com.dtolabs.rundeck.core.execution.commands,TestScriptFileCommandInterpreter,getNodeSelector,3,1,0,1047,0
rundeck,com.dtolabs.rundeck.core.execution.commands,TestScriptFileCommandInterpreter,getThreadCount,3,1,0,1052,0
rundeck,com.dtolabs.rundeck.core.execution.commands,TestScriptFileCommandInterpreter,getNodeRankAttribute,3,1,0,1056,0
rundeck,com.dtolabs.rundeck.core.execution.commands,TestScriptFileCommandInterpreter,isNodeRankOrderAscending,3,1,0,1060,0
rundeck,com.dtolabs.rundeck.core.execution.commands,TestScriptFileCommandInterpreter,isKeepgoing,3,1,0,1064,0
rundeck,com.dtolabs.rundeck.core.execution.commands,TestScriptFileCommandInterpreter,getArgs,3,1,0,1068,0
rundeck,com.dtolabs.rundeck.core.execution.commands,TestScriptFileCommandInterpreter,getLoglevel,3,1,0,1072,0
rundeck,com.dtolabs.rundeck.core.execution.commands,TestScriptFileCommandInterpreter,getDataContext,3,1,0,1076,0
rundeck,com.dtolabs.rundeck.core.execution.commands,TestScriptFileCommandInterpreter,getPrivateDataContext,3,1,0,1080,0
rundeck,com.dtolabs.rundeck.core.execution.commands,TestScriptFileCommandInterpreter,getExecutionListener,3,1,0,1084,0
rundeck,com.dtolabs.rundeck.core.execution.commands,TestScriptFileCommandInterpreter,getNodesFile,3,1,0,1088,0
rundeck,com.dtolabs.rundeck.core.execution.commands,TestScriptFileCommandInterpreter,getScript,3,1,0,1096,0
rundeck,com.dtolabs.rundeck.core.execution.commands,TestScriptFileCommandInterpreter,getScriptAsStream,3,1,0,1100,0
rundeck,com.dtolabs.rundeck.core.execution.commands,TestScriptFileCommandInterpreter,getServerScriptFilePath,3,1,0,1104,0
rundeck,com.dtolabs.rundeck.core.execution.commands,TestScriptFileCommandInterpreter,getArgs,3,1,0,1108,0
rundeck,com.dtolabs.rundeck.core.execution.commands,TestScriptFileCommandInterpreter,getResultCode,3,1,0,1115,0
rundeck,com.dtolabs.rundeck.core.execution.commands,TestScriptFileCommandInterpreter,isSuccess,3,1,0,1119,0
rundeck,com.dtolabs.rundeck.core.execution.commands,TestScriptFileCommandInterpreter,getResultCode,3,1,0,1124,0
rundeck,com.dtolabs.rundeck.core.execution.commands,TestScriptFileCommandInterpreter,isSuccess,3,1,0,1128,0
rundeck,com.dtolabs.rundeck.core.execution.commands,testFileCopier,copyFileStream,9,2,3,85,0
rundeck,com.dtolabs.rundeck.core.execution.commands,testFileCopier,copyFile,9,2,3,98,0
rundeck,com.dtolabs.rundeck.core.execution.commands,testFileCopier,copyScriptContent,9,2,3,110,0
rundeck,com.dtolabs.rundeck.core.execution.commands,multiTestNodeExecutor,executeCommand,6,1,3,130,0
rundeck,com.dtolabs.rundeck.core.execution.workflow,WorkflowExecutionItemImpl,getType,8,2,0,39,0
rundeck,com.dtolabs.rundeck.core.execution.workflow,WorkflowExecutionItemImpl,WorkflowExecutionItemImpl,3,1,1,47,0
rundeck,com.dtolabs.rundeck.core.execution.workflow,WorkflowExecutionItemImpl,WorkflowExecutionItemImpl,3,1,1,51,0
rundeck,com.dtolabs.rundeck.core.execution.workflow,WorkflowExecutionItemImpl,getWorkflow,3,1,0,56,0
rundeck,com.dtolabs.rundeck.core.execution.workflow,WorkflowExecutionItemImpl,equals,13,4,1,60,0
rundeck,com.dtolabs.rundeck.core.execution.workflow,WorkflowExecutionItemImpl,hashCode,3,1,0,78,0
rundeck,com.dtolabs.rundeck.core.execution.workflow,WorkflowExecutionItemImpl,toString,3,1,0,83,0
rundeck,com.dtolabs.rundeck.core.execution.workflow,WorkflowExecutionResult,getResultSet,0,1,0,41,0
rundeck,com.dtolabs.rundeck.core.execution.workflow,WorkflowExecutionResult,getFailureMessages,0,1,0,45,0
rundeck,com.dtolabs.rundeck.core.execution.workflow,WorkflowExecutionResult,getException,0,1,0,49,0
rundeck,com.dtolabs.rundeck.core.execution.workflow,WorkflowExecutor,executeWorkflow,0,1,2,36,0
rundeck,com.dtolabs.rundeck.core.execution.workflow,IWorkflow,getCommands,0,1,0,37,0
rundeck,com.dtolabs.rundeck.core.execution.workflow,IWorkflow,getThreadcount,0,1,0,38,0
rundeck,com.dtolabs.rundeck.core.execution.workflow,IWorkflow,isKeepgoing,0,1,0,39,0
rundeck,com.dtolabs.rundeck.core.execution.workflow,IWorkflow,getStrategy,0,1,0,40,0
rundeck,com.dtolabs.rundeck.core.execution.workflow,WorkflowExecutionListener,beginWorkflowExecution,0,1,2,40,0
rundeck,com.dtolabs.rundeck.core.execution.workflow,WorkflowExecutionListener,finishWorkflowExecution,0,1,3,42,0
rundeck,com.dtolabs.rundeck.core.execution.workflow,WorkflowExecutionListener,beginWorkflowItem,0,1,2,44,0
rundeck,com.dtolabs.rundeck.core.execution.workflow,WorkflowExecutionListener,finishWorkflowItem,0,1,2,45,0
rundeck,com.dtolabs.rundeck.core.execution.workflow,WorkflowExecutionListenerImpl,WorkflowExecutionListenerImpl,3,1,4,48,0
rundeck,com.dtolabs.rundeck.core.execution.workflow,WorkflowExecutionListenerImpl,beginInterpretCommand,5,1,3,53,0
rundeck,com.dtolabs.rundeck.core.execution.workflow,WorkflowExecutionListenerImpl,finishInterpretCommand,5,1,4,61,0
rundeck,com.dtolabs.rundeck.core.execution.workflow,WorkflowExecutionListenerImpl,getLoggingContext,28,6,0,71,0
rundeck,com.dtolabs.rundeck.core.execution.workflow,WorkflowExecutionListenerImpl,makePrefix,3,1,1,101,0
rundeck,com.dtolabs.rundeck.core.execution.workflow,WorkflowExecutionListenerImpl,beginWorkflowExecution,14,3,2,106,0
rundeck,com.dtolabs.rundeck.core.execution.workflow,WorkflowExecutionListenerImpl,finishWorkflowExecution,14,3,3,123,0
rundeck,com.dtolabs.rundeck.core.execution.workflow,WorkflowExecutionListenerImpl,beginWorkflowItem,4,1,2,140,0
rundeck,com.dtolabs.rundeck.core.execution.workflow,WorkflowExecutionListenerImpl,finishWorkflowItem,4,1,2,147,0
rundeck,com.dtolabs.rundeck.core.execution.workflow,NodeFirstWorkflowStrategy,NodeFirstWorkflowStrategy,3,1,1,50,0
rundeck,com.dtolabs.rundeck.core.execution.workflow,NodeFirstWorkflowStrategy,executeWorkflowImpl,79,12,2,54,0
rundeck,com.dtolabs.rundeck.core.execution.workflow,NodeFirstWorkflowStrategy,dispatch,3,1,2,86,0
rundeck,com.dtolabs.rundeck.core.execution.workflow,NodeFirstWorkflowStrategy,createInnerLoopItem,4,1,1,157,0
rundeck,com.dtolabs.rundeck.core.execution.workflow,WFStepContext,WFStepContext,4,1,2,39,0
rundeck,com.dtolabs.rundeck.core.execution.workflow,WorkflowStepFailureException,WorkflowStepFailureException,5,1,3,39,0
rundeck,com.dtolabs.rundeck.core.execution.workflow,WorkflowStepFailureException,WorkflowStepFailureException,5,1,3,45,0
rundeck,com.dtolabs.rundeck.core.execution.workflow,WorkflowStepFailureException,getExecutionResult,3,1,0,51,0
rundeck,com.dtolabs.rundeck.core.execution.workflow,WorkflowStepFailureException,getWorkflowStep,3,1,0,55,0
rundeck,com.dtolabs.rundeck.core.execution.workflow,WorkflowExecutionItem,getWorkflow,0,1,0,54,0
rundeck,com.dtolabs.rundeck.core.execution.workflow,WorkflowFailureException,WorkflowFailureException,3,1,1,36,0
rundeck,com.dtolabs.rundeck.core.execution.workflow,WorkflowFailureException,WorkflowFailureException,3,1,1,40,0
rundeck,com.dtolabs.rundeck.core.execution.workflow,WorkflowFailureException,WorkflowFailureException,3,1,2,44,0
rundeck,com.dtolabs.rundeck.core.execution.workflow,BaseWorkflowStrategy,BaseWorkflowStrategy,3,1,1,44,0
rundeck,com.dtolabs.rundeck.core.execution.workflow,BaseWorkflowStrategy,WorkflowExecutionResult,6,1,4,55,0
rundeck,com.dtolabs.rundeck.core.execution.workflow,BaseWorkflowStrategy,getResultSet,3,1,0,64,0
rundeck,com.dtolabs.rundeck.core.execution.workflow,BaseWorkflowStrategy,getFailureMessages,3,1,0,68,0
rundeck,com.dtolabs.rundeck.core.execution.workflow,BaseWorkflowStrategy,isSuccess,3,1,0,72,0
rundeck,com.dtolabs.rundeck.core.execution.workflow,BaseWorkflowStrategy,getException,3,1,0,76,0
rundeck,com.dtolabs.rundeck.core.execution.workflow,BaseWorkflowStrategy,toString,3,1,0,80,0
rundeck,com.dtolabs.rundeck.core.execution.workflow,BaseWorkflowStrategy,executeWorkflow,16,3,2,92,0
rundeck,com.dtolabs.rundeck.core.execution.workflow,BaseWorkflowStrategy,getWorkflowListener,8,2,1,110,0
rundeck,com.dtolabs.rundeck.core.execution.workflow,BaseWorkflowStrategy,executeWorkflowImpl,0,1,2,119,0
rundeck,com.dtolabs.rundeck.core.execution.workflow,BaseWorkflowStrategy,executeWFItem,51,9,6,122,0
rundeck,com.dtolabs.rundeck.core.execution.workflow,BaseWorkflowStrategy,executeWorkflowItemsForNodeSet,11,3,5,215,0
rundeck,com.dtolabs.rundeck.core.execution.workflow,BaseWorkflowStrategy,convertResults,15,4,1,233,0
rundeck,com.dtolabs.rundeck.core.execution.workflow,BaseWorkflowStrategy,convertFailures,39,10,1,258,0
rundeck,com.dtolabs.rundeck.core.execution.workflow,WorkflowExecutionResult,WorkflowExecutionResult,6,1,4,55,0
rundeck,com.dtolabs.rundeck.core.execution.workflow,WorkflowExecutionResult,getResultSet,3,1,0,64,0
rundeck,com.dtolabs.rundeck.core.execution.workflow,WorkflowExecutionResult,getFailureMessages,3,1,0,68,0
rundeck,com.dtolabs.rundeck.core.execution.workflow,WorkflowExecutionResult,isSuccess,3,1,0,72,0
rundeck,com.dtolabs.rundeck.core.execution.workflow,WorkflowExecutionResult,getException,3,1,0,76,0
rundeck,com.dtolabs.rundeck.core.execution.workflow,WorkflowExecutionResult,toString,3,1,0,80,0
rundeck,com.dtolabs.rundeck.core.execution.workflow,WorkflowImpl,WorkflowImpl,6,1,4,42,0
rundeck,com.dtolabs.rundeck.core.execution.workflow,WorkflowImpl,getCommands,3,1,0,50,0
rundeck,com.dtolabs.rundeck.core.execution.workflow,WorkflowImpl,setCommands,3,1,1,54,0
rundeck,com.dtolabs.rundeck.core.execution.workflow,WorkflowImpl,getThreadcount,3,1,0,58,0
rundeck,com.dtolabs.rundeck.core.execution.workflow,WorkflowImpl,setThreadcount,3,1,1,62,0
rundeck,com.dtolabs.rundeck.core.execution.workflow,WorkflowImpl,isKeepgoing,3,1,0,66,0
rundeck,com.dtolabs.rundeck.core.execution.workflow,WorkflowImpl,setKeepgoing,3,1,1,70,0
rundeck,com.dtolabs.rundeck.core.execution.workflow,WorkflowImpl,toString,3,1,0,74,0
rundeck,com.dtolabs.rundeck.core.execution.workflow,WorkflowImpl,equals,22,7,1,84,0
rundeck,com.dtolabs.rundeck.core.execution.workflow,WorkflowImpl,hashCode,7,1,0,111,0
rundeck,com.dtolabs.rundeck.core.execution.workflow,WorkflowImpl,getStrategy,3,1,0,120,0
rundeck,com.dtolabs.rundeck.core.execution.workflow,WorkflowImpl,setStrategy,3,1,1,124,0
rundeck,com.dtolabs.rundeck.core.execution.workflow,NodeRecorder,NodeRecorder,5,1,0,40,0
rundeck,com.dtolabs.rundeck.core.execution.workflow,NodeRecorder,nodesFailed,3,1,1,46,0
rundeck,com.dtolabs.rundeck.core.execution.workflow,NodeRecorder,nodesSucceeded,3,1,0,50,0
rundeck,com.dtolabs.rundeck.core.execution.workflow,NodeRecorder,matchedNodes,3,1,1,54,0
rundeck,com.dtolabs.rundeck.core.execution.workflow,NodeRecorder,getSuccessfulNodes,5,1,0,58,0
rundeck,com.dtolabs.rundeck.core.execution.workflow,NodeRecorder,getFailedNodes,3,1,0,68,0
rundeck,com.dtolabs.rundeck.core.execution.workflow,NodeRecorder,isSuccess,3,1,0,76,0
rundeck,com.dtolabs.rundeck.core.execution.workflow,NodeRecorder,getMatchedNodes,3,1,0,84,0
rundeck,com.dtolabs.rundeck.core.execution.workflow,IWorkflowExecutionService,executeWorkflowItem,0,1,4,38,0
rundeck,com.dtolabs.rundeck.core.execution.workflow,WorkflowExecutionService,getName,3,1,0,40,0
rundeck,com.dtolabs.rundeck.core.execution.workflow,WorkflowExecutionService,WorkflowExecutionService,5,1,1,44,0
rundeck,com.dtolabs.rundeck.core.execution.workflow,WorkflowExecutionService,getInstanceForFramework,8,2,1,51,0
rundeck,com.dtolabs.rundeck.core.execution.workflow,WorkflowExecutionService,getExecutorForItem,3,1,1,60,0
rundeck,com.dtolabs.rundeck.core.execution.workflow,StepFirstWorkflowStrategy,StepFirstWorkflowStrategy,3,1,1,45,0
rundeck,com.dtolabs.rundeck.core.execution.workflow,StepFirstWorkflowStrategy,executeWorkflowImpl,34,3,2,49,0
rundeck,com.dtolabs.rundeck.core.execution.workflow,StepFirstWorkflowStrategy,isInnerLoop,3,1,1,87,0
rundeck,com.dtolabs.rundeck.core.execution.workflow,StepFirstWorkflowStrategy,stepFirstWrapper,3,1,1,96,0
rundeck,com.dtolabs.rundeck.core.execution.workflow,StepFirstWorkflowStrategy,getCommands,3,1,0,100,0
rundeck,com.dtolabs.rundeck.core.execution.workflow,StepFirstWorkflowStrategy,getThreadcount,3,1,0,104,0
rundeck,com.dtolabs.rundeck.core.execution.workflow,StepFirstWorkflowStrategy,isKeepgoing,3,1,0,108,0
rundeck,com.dtolabs.rundeck.core.execution.workflow,StepFirstWorkflowStrategy,getStrategy,3,1,0,112,0
rundeck,com.dtolabs.rundeck.core.execution.workflow,StepFirstWorkflowStrategy,equals,13,4,1,116,0
rundeck,com.dtolabs.rundeck.core.execution.workflow,StepFirstWorkflowStrategy,hashCode,3,1,0,134,0
rundeck,com.dtolabs.rundeck.core.execution.workflow,stepFirstWrapper,stepFirstWrapper,3,1,1,96,0
rundeck,com.dtolabs.rundeck.core.execution.workflow,stepFirstWrapper,getCommands,3,1,0,100,0
rundeck,com.dtolabs.rundeck.core.execution.workflow,stepFirstWrapper,getThreadcount,3,1,0,104,0
rundeck,com.dtolabs.rundeck.core.execution.workflow,stepFirstWrapper,isKeepgoing,3,1,0,108,0
rundeck,com.dtolabs.rundeck.core.execution.workflow,stepFirstWrapper,getStrategy,3,1,0,112,0
rundeck,com.dtolabs.rundeck.core.execution.workflow,stepFirstWrapper,equals,13,4,1,116,0
rundeck,com.dtolabs.rundeck.core.execution.workflow,stepFirstWrapper,hashCode,3,1,0,134,0
rundeck,com.dtolabs.rundeck.core.execution.workflow,ContextLogger,log,0,1,2,37,0
rundeck,com.dtolabs.rundeck.core.execution.workflow,ContextLogger,error,0,1,2,44,0
rundeck,com.dtolabs.rundeck.core.execution.workflow,ContextLogger,warn,0,1,2,51,0
rundeck,com.dtolabs.rundeck.core.execution.workflow,ContextLogger,verbose,0,1,2,58,0
rundeck,com.dtolabs.rundeck.core.execution.workflow,ContextLogger,debug,0,1,2,65,0
rundeck,com.dtolabs.rundeck.core.execution.workflow,ContextualExecutionListener,ContextualExecutionListener,6,1,4,49,0
rundeck,com.dtolabs.rundeck.core.execution.workflow,ContextualExecutionListener,log,3,1,2,62,0
rundeck,com.dtolabs.rundeck.core.execution.workflow,ContextualExecutionListener,getLoggingContext,3,1,0,66,0
rundeck,com.dtolabs.rundeck.core.execution.workflow,ContextualExecutionListener,log,20,6,3,73,0
rundeck,com.dtolabs.rundeck.core.execution.workflow,ContextualExecutionListener,beginExecution,2,1,2,89,0
rundeck,com.dtolabs.rundeck.core.execution.workflow,ContextualExecutionListener,finishExecution,2,1,3,92,0
rundeck,com.dtolabs.rundeck.core.execution.workflow,ContextualExecutionListener,beginNodeExecution,2,1,3,95,0
rundeck,com.dtolabs.rundeck.core.execution.workflow,ContextualExecutionListener,finishNodeExecution,2,1,4,98,0
rundeck,com.dtolabs.rundeck.core.execution.workflow,ContextualExecutionListener,beginNodeDispatch,2,1,2,102,0
rundeck,com.dtolabs.rundeck.core.execution.workflow,ContextualExecutionListener,finishNodeDispatch,2,1,3,105,0
rundeck,com.dtolabs.rundeck.core.execution.workflow,ContextualExecutionListener,beginNodeDispatch,2,1,2,108,0
rundeck,com.dtolabs.rundeck.core.execution.workflow,ContextualExecutionListener,finishNodeDispatch,2,1,3,111,0
rundeck,com.dtolabs.rundeck.core.execution.workflow,ContextualExecutionListener,beginFileCopyFileStream,2,1,3,114,0
rundeck,com.dtolabs.rundeck.core.execution.workflow,ContextualExecutionListener,beginFileCopyFile,2,1,3,117,0
rundeck,com.dtolabs.rundeck.core.execution.workflow,ContextualExecutionListener,beginFileCopyScriptContent,2,1,3,120,0
rundeck,com.dtolabs.rundeck.core.execution.workflow,ContextualExecutionListener,finishFileCopy,2,1,3,123,0
rundeck,com.dtolabs.rundeck.core.execution.workflow,ContextualExecutionListener,beginInterpretCommand,2,1,3,126,0
rundeck,com.dtolabs.rundeck.core.execution.workflow,ContextualExecutionListener,finishInterpretCommand,2,1,4,129,0
rundeck,com.dtolabs.rundeck.core.execution.workflow,ContextualExecutionListener,getFailedNodesListener,3,1,0,133,0
rundeck,com.dtolabs.rundeck.core.execution.workflow,ContextualExecutionListener,isTerse,3,1,0,138,0
rundeck,com.dtolabs.rundeck.core.execution.workflow,ContextualExecutionListener,setTerse,3,1,1,142,0
rundeck,com.dtolabs.rundeck.core.execution.workflow,ContextualExecutionListener,getLogFormat,3,1,0,146,0
rundeck,com.dtolabs.rundeck.core.execution.workflow,ContextualExecutionListener,setLogFormat,3,1,1,150,0
rundeck,com.dtolabs.rundeck.core.execution.workflow,TestNodeFirstWorkflowStrategy,TestNodeFirstWorkflowStrategy,3,1,1,63,0
rundeck,com.dtolabs.rundeck.core.execution.workflow,TestNodeFirstWorkflowStrategy,suite,3,1,0,67,0
rundeck,com.dtolabs.rundeck.core.execution.workflow,TestNodeFirstWorkflowStrategy,setUp,15,1,0,71,0
rundeck,com.dtolabs.rundeck.core.execution.workflow,TestNodeFirstWorkflowStrategy,tearDown,5,1,0,89,0
rundeck,com.dtolabs.rundeck.core.execution.workflow,TestNodeFirstWorkflowStrategy,main,3,1,1,96,0
rundeck,com.dtolabs.rundeck.core.execution.workflow,TestNodeFirstWorkflowStrategy,toString,3,1,0,104,0
rundeck,com.dtolabs.rundeck.core.execution.workflow,TestNodeFirstWorkflowStrategy,getType,3,1,0,112,0
rundeck,com.dtolabs.rundeck.core.execution.workflow,TestNodeFirstWorkflowStrategy,isTerse,3,1,0,118,0
rundeck,com.dtolabs.rundeck.core.execution.workflow,TestNodeFirstWorkflowStrategy,getLogFormat,3,1,0,122,0
rundeck,com.dtolabs.rundeck.core.execution.workflow,TestNodeFirstWorkflowStrategy,log,3,1,2,126,0
rundeck,com.dtolabs.rundeck.core.execution.workflow,TestNodeFirstWorkflowStrategy,getFailedNodesListener,3,1,0,130,0
rundeck,com.dtolabs.rundeck.core.execution.workflow,TestNodeFirstWorkflowStrategy,beginExecution,2,1,2,134,0
rundeck,com.dtolabs.rundeck.core.execution.workflow,TestNodeFirstWorkflowStrategy,finishExecution,2,1,3,137,0
rundeck,com.dtolabs.rundeck.core.execution.workflow,TestNodeFirstWorkflowStrategy,beginNodeExecution,2,1,3,140,0
rundeck,com.dtolabs.rundeck.core.execution.workflow,TestNodeFirstWorkflowStrategy,finishNodeExecution,2,1,4,143,0
rundeck,com.dtolabs.rundeck.core.execution.workflow,TestNodeFirstWorkflowStrategy,beginNodeDispatch,2,1,2,147,0
rundeck,com.dtolabs.rundeck.core.execution.workflow,TestNodeFirstWorkflowStrategy,beginNodeDispatch,2,1,2,150,0
rundeck,com.dtolabs.rundeck.core.execution.workflow,TestNodeFirstWorkflowStrategy,finishNodeDispatch,2,1,3,153,0
rundeck,com.dtolabs.rundeck.core.execution.workflow,TestNodeFirstWorkflowStrategy,finishNodeDispatch,2,1,3,156,0
rundeck,com.dtolabs.rundeck.core.execution.workflow,TestNodeFirstWorkflowStrategy,beginFileCopyFileStream,2,1,3,159,0
rundeck,com.dtolabs.rundeck.core.execution.workflow,TestNodeFirstWorkflowStrategy,beginFileCopyFile,2,1,3,162,0
rundeck,com.dtolabs.rundeck.core.execution.workflow,TestNodeFirstWorkflowStrategy,beginFileCopyScriptContent,2,1,3,165,0
rundeck,com.dtolabs.rundeck.core.execution.workflow,TestNodeFirstWorkflowStrategy,finishFileCopy,2,1,3,168,0
rundeck,com.dtolabs.rundeck.core.execution.workflow,TestNodeFirstWorkflowStrategy,beginInterpretCommand,2,1,3,171,0
rundeck,com.dtolabs.rundeck.core.execution.workflow,TestNodeFirstWorkflowStrategy,finishInterpretCommand,2,1,4,174,0
rundeck,com.dtolabs.rundeck.core.execution.workflow,TestNodeFirstWorkflowStrategy,getBuildListener,3,1,0,178,0
rundeck,com.dtolabs.rundeck.core.execution.workflow,TestNodeFirstWorkflowStrategy,interpretCommand,9,2,3,191,0
rundeck,com.dtolabs.rundeck.core.execution.workflow,TestNodeFirstWorkflowStrategy,testResult,4,1,2,208,0
rundeck,com.dtolabs.rundeck.core.execution.workflow,TestNodeFirstWorkflowStrategy,isSuccess,3,1,0,213,0
rundeck,com.dtolabs.rundeck.core.execution.workflow,TestNodeFirstWorkflowStrategy,testMultipleNodes,72,2,0,218,0
rundeck,com.dtolabs.rundeck.core.execution.workflow,TestNodeFirstWorkflowStrategy,isSuccess,3,1,0,254,0
rundeck,com.dtolabs.rundeck.core.execution.workflow,TestNodeFirstWorkflowStrategy,isSuccess,3,1,0,260,0
rundeck,com.dtolabs.rundeck.core.execution.workflow,TestNodeFirstWorkflowStrategy,testMultipleNodesExtFile,92,2,0,311,0
rundeck,com.dtolabs.rundeck.core.execution.workflow,TestNodeFirstWorkflowStrategy,isSuccess,3,1,0,350,0
rundeck,com.dtolabs.rundeck.core.execution.workflow,TestNodeFirstWorkflowStrategy,isSuccess,3,1,0,356,0
rundeck,com.dtolabs.rundeck.core.execution.workflow,TestNodeFirstWorkflowStrategy,isSuccess,3,1,0,362,0
rundeck,com.dtolabs.rundeck.core.execution.workflow,TestNodeFirstWorkflowStrategy,testMultipleNodesRanked,65,1,0,430,0
rundeck,com.dtolabs.rundeck.core.execution.workflow,TestNodeFirstWorkflowStrategy,assertRankedNodeResult,49,5,3,518,0
rundeck,com.dtolabs.rundeck.core.execution.workflow,TestNodeFirstWorkflowStrategy,isSuccess,3,1,0,562,0
rundeck,com.dtolabs.rundeck.core.execution.workflow,TestNodeFirstWorkflowStrategy,testMultipleItemsAndNodes,121,2,0,586,0
rundeck,com.dtolabs.rundeck.core.execution.workflow,TestNodeFirstWorkflowStrategy,isSuccess,3,1,0,628,0
rundeck,com.dtolabs.rundeck.core.execution.workflow,TestNodeFirstWorkflowStrategy,isSuccess,3,1,0,634,0
rundeck,com.dtolabs.rundeck.core.execution.workflow,TestNodeFirstWorkflowStrategy,isSuccess,3,1,0,640,0
rundeck,com.dtolabs.rundeck.core.execution.workflow,TestNodeFirstWorkflowStrategy,isSuccess,3,1,0,646,0
rundeck,com.dtolabs.rundeck.core.execution.workflow,testWorkflowCmdItem,toString,3,1,0,104,0
rundeck,com.dtolabs.rundeck.core.execution.workflow,testWorkflowCmdItem,getType,3,1,0,112,0
rundeck,com.dtolabs.rundeck.core.execution.workflow,testListener,isTerse,3,1,0,118,0
rundeck,com.dtolabs.rundeck.core.execution.workflow,testListener,getLogFormat,3,1,0,122,0
rundeck,com.dtolabs.rundeck.core.execution.workflow,testListener,log,3,1,2,126,0
rundeck,com.dtolabs.rundeck.core.execution.workflow,testListener,getFailedNodesListener,3,1,0,130,0
rundeck,com.dtolabs.rundeck.core.execution.workflow,testListener,beginExecution,2,1,2,134,0
rundeck,com.dtolabs.rundeck.core.execution.workflow,testListener,finishExecution,2,1,3,137,0
rundeck,com.dtolabs.rundeck.core.execution.workflow,testListener,beginNodeExecution,2,1,3,140,0
rundeck,com.dtolabs.rundeck.core.execution.workflow,testListener,finishNodeExecution,2,1,4,143,0
rundeck,com.dtolabs.rundeck.core.execution.workflow,testListener,beginNodeDispatch,2,1,2,147,0
rundeck,com.dtolabs.rundeck.core.execution.workflow,testListener,beginNodeDispatch,2,1,2,150,0
rundeck,com.dtolabs.rundeck.core.execution.workflow,testListener,finishNodeDispatch,2,1,3,153,0
rundeck,com.dtolabs.rundeck.core.execution.workflow,testListener,finishNodeDispatch,2,1,3,156,0
rundeck,com.dtolabs.rundeck.core.execution.workflow,testListener,beginFileCopyFileStream,2,1,3,159,0
rundeck,com.dtolabs.rundeck.core.execution.workflow,testListener,beginFileCopyFile,2,1,3,162,0
rundeck,com.dtolabs.rundeck.core.execution.workflow,testListener,beginFileCopyScriptContent,2,1,3,165,0
rundeck,com.dtolabs.rundeck.core.execution.workflow,testListener,finishFileCopy,2,1,3,168,0
rundeck,com.dtolabs.rundeck.core.execution.workflow,testListener,beginInterpretCommand,2,1,3,171,0
rundeck,com.dtolabs.rundeck.core.execution.workflow,testListener,finishInterpretCommand,2,1,4,174,0
rundeck,com.dtolabs.rundeck.core.execution.workflow,testListener,getBuildListener,3,1,0,178,0
rundeck,com.dtolabs.rundeck.core.execution.workflow,testInterpreter,interpretCommand,9,2,3,191,0
rundeck,com.dtolabs.rundeck.core.execution.workflow,testResult,testResult,4,1,2,208,0
rundeck,com.dtolabs.rundeck.core.execution.workflow,testResult,isSuccess,3,1,0,213,0
rundeck,com.dtolabs.rundeck.core.execution.workflow,TestStepFirstWorkflowStrategy,TestStepFirstWorkflowStrategy,3,1,1,49,0
rundeck,com.dtolabs.rundeck.core.execution.workflow,TestStepFirstWorkflowStrategy,suite,3,1,0,53,0
rundeck,com.dtolabs.rundeck.core.execution.workflow,TestStepFirstWorkflowStrategy,setUp,13,1,0,57,0
rundeck,com.dtolabs.rundeck.core.execution.workflow,TestStepFirstWorkflowStrategy,tearDown,5,1,0,73,0
rundeck,com.dtolabs.rundeck.core.execution.workflow,TestStepFirstWorkflowStrategy,main,3,1,1,80,0
rundeck,com.dtolabs.rundeck.core.execution.workflow,TestStepFirstWorkflowStrategy,toString,3,1,0,88,0
rundeck,com.dtolabs.rundeck.core.execution.workflow,TestStepFirstWorkflowStrategy,getType,3,1,0,96,0
rundeck,com.dtolabs.rundeck.core.execution.workflow,TestStepFirstWorkflowStrategy,isTerse,3,1,0,110,0
rundeck,com.dtolabs.rundeck.core.execution.workflow,TestStepFirstWorkflowStrategy,getLogFormat,3,1,0,114,0
rundeck,com.dtolabs.rundeck.core.execution.workflow,TestStepFirstWorkflowStrategy,log,3,1,2,118,0
rundeck,com.dtolabs.rundeck.core.execution.workflow,TestStepFirstWorkflowStrategy,getFailedNodesListener,3,1,0,122,0
rundeck,com.dtolabs.rundeck.core.execution.workflow,TestStepFirstWorkflowStrategy,beginExecution,2,1,2,126,0
rundeck,com.dtolabs.rundeck.core.execution.workflow,TestStepFirstWorkflowStrategy,finishExecution,2,1,3,129,0
rundeck,com.dtolabs.rundeck.core.execution.workflow,TestStepFirstWorkflowStrategy,beginNodeExecution,2,1,3,132,0
rundeck,com.dtolabs.rundeck.core.execution.workflow,TestStepFirstWorkflowStrategy,finishNodeExecution,2,1,4,135,0
rundeck,com.dtolabs.rundeck.core.execution.workflow,TestStepFirstWorkflowStrategy,beginNodeDispatch,2,1,2,139,0
rundeck,com.dtolabs.rundeck.core.execution.workflow,TestStepFirstWorkflowStrategy,beginNodeDispatch,2,1,2,142,0
rundeck,com.dtolabs.rundeck.core.execution.workflow,TestStepFirstWorkflowStrategy,finishNodeDispatch,2,1,3,145,0
rundeck,com.dtolabs.rundeck.core.execution.workflow,TestStepFirstWorkflowStrategy,finishNodeDispatch,2,1,3,148,0
rundeck,com.dtolabs.rundeck.core.execution.workflow,TestStepFirstWorkflowStrategy,beginFileCopyFileStream,2,1,3,151,0
rundeck,com.dtolabs.rundeck.core.execution.workflow,TestStepFirstWorkflowStrategy,beginFileCopyFile,2,1,3,154,0
rundeck,com.dtolabs.rundeck.core.execution.workflow,TestStepFirstWorkflowStrategy,beginFileCopyScriptContent,2,1,3,157,0
rundeck,com.dtolabs.rundeck.core.execution.workflow,TestStepFirstWorkflowStrategy,finishFileCopy,2,1,3,160,0
rundeck,com.dtolabs.rundeck.core.execution.workflow,TestStepFirstWorkflowStrategy,beginInterpretCommand,2,1,3,163,0
rundeck,com.dtolabs.rundeck.core.execution.workflow,TestStepFirstWorkflowStrategy,finishInterpretCommand,2,1,4,166,0
rundeck,com.dtolabs.rundeck.core.execution.workflow,TestStepFirstWorkflowStrategy,getBuildListener,3,1,0,170,0
rundeck,com.dtolabs.rundeck.core.execution.workflow,TestStepFirstWorkflowStrategy,interpretCommand,9,2,3,183,0
rundeck,com.dtolabs.rundeck.core.execution.workflow,TestStepFirstWorkflowStrategy,testResult,4,1,2,199,0
rundeck,com.dtolabs.rundeck.core.execution.workflow,TestStepFirstWorkflowStrategy,isSuccess,3,1,0,204,0
rundeck,com.dtolabs.rundeck.core.execution.workflow,TestStepFirstWorkflowStrategy,testExecuteWorkflow,374,12,0,209,0
rundeck,com.dtolabs.rundeck.core.execution.workflow,TestStepFirstWorkflowStrategy,getScript,3,1,0,304,0
rundeck,com.dtolabs.rundeck.core.execution.workflow,TestStepFirstWorkflowStrategy,isSuccess,3,1,0,337,0
rundeck,com.dtolabs.rundeck.core.execution.workflow,TestStepFirstWorkflowStrategy,getCommand,3,1,0,373,0
rundeck,com.dtolabs.rundeck.core.execution.workflow,TestStepFirstWorkflowStrategy,isSuccess,3,1,0,407,0
rundeck,com.dtolabs.rundeck.core.execution.workflow,TestStepFirstWorkflowStrategy,getCommand,3,1,0,444,0
rundeck,com.dtolabs.rundeck.core.execution.workflow,TestStepFirstWorkflowStrategy,getScript,3,1,0,453,0
rundeck,com.dtolabs.rundeck.core.execution.workflow,TestStepFirstWorkflowStrategy,getArgs,3,1,0,458,0
rundeck,com.dtolabs.rundeck.core.execution.workflow,TestStepFirstWorkflowStrategy,getServerScriptFilePath,3,1,0,467,0
rundeck,com.dtolabs.rundeck.core.execution.workflow,TestStepFirstWorkflowStrategy,getArgs,3,1,0,472,0
rundeck,com.dtolabs.rundeck.core.execution.workflow,TestStepFirstWorkflowStrategy,getCommand,3,1,0,585,0
rundeck,com.dtolabs.rundeck.core.execution.workflow,TestStepFirstWorkflowStrategy,getScript,3,1,0,594,0
rundeck,com.dtolabs.rundeck.core.execution.workflow,TestStepFirstWorkflowStrategy,getArgs,3,1,0,599,0
rundeck,com.dtolabs.rundeck.core.execution.workflow,TestStepFirstWorkflowStrategy,getServerScriptFilePath,3,1,0,608,0
rundeck,com.dtolabs.rundeck.core.execution.workflow,TestStepFirstWorkflowStrategy,getArgs,3,1,0,613,0
rundeck,com.dtolabs.rundeck.core.execution.workflow,TestStepFirstWorkflowStrategy,testGenericItem,49,2,0,728,0
rundeck,com.dtolabs.rundeck.core.execution.workflow,TestStepFirstWorkflowStrategy,isSuccess,3,1,0,764,0
rundeck,com.dtolabs.rundeck.core.execution.workflow,TestStepFirstWorkflowStrategy,testMultipleNodes,72,2,0,795,0
rundeck,com.dtolabs.rundeck.core.execution.workflow,TestStepFirstWorkflowStrategy,isSuccess,3,1,0,832,0
rundeck,com.dtolabs.rundeck.core.execution.workflow,TestStepFirstWorkflowStrategy,isSuccess,3,1,0,838,0
rundeck,com.dtolabs.rundeck.core.execution.workflow,TestStepFirstWorkflowStrategy,testMultipleItemsAndNodes,121,2,0,888,0
rundeck,com.dtolabs.rundeck.core.execution.workflow,TestStepFirstWorkflowStrategy,isSuccess,3,1,0,930,0
rundeck,com.dtolabs.rundeck.core.execution.workflow,TestStepFirstWorkflowStrategy,isSuccess,3,1,0,936,0
rundeck,com.dtolabs.rundeck.core.execution.workflow,TestStepFirstWorkflowStrategy,isSuccess,3,1,0,942,0
rundeck,com.dtolabs.rundeck.core.execution.workflow,TestStepFirstWorkflowStrategy,isSuccess,3,1,0,948,0
rundeck,com.dtolabs.rundeck.core.execution.workflow,testWorkflowCmdItem,toString,3,1,0,88,0
rundeck,com.dtolabs.rundeck.core.execution.workflow,testWorkflowCmdItem,getType,3,1,0,96,0
rundeck,com.dtolabs.rundeck.core.execution.workflow,testListener,isTerse,3,1,0,110,0
rundeck,com.dtolabs.rundeck.core.execution.workflow,testListener,getLogFormat,3,1,0,114,0
rundeck,com.dtolabs.rundeck.core.execution.workflow,testListener,log,3,1,2,118,0
rundeck,com.dtolabs.rundeck.core.execution.workflow,testListener,getFailedNodesListener,3,1,0,122,0
rundeck,com.dtolabs.rundeck.core.execution.workflow,testListener,beginExecution,2,1,2,126,0
rundeck,com.dtolabs.rundeck.core.execution.workflow,testListener,finishExecution,2,1,3,129,0
rundeck,com.dtolabs.rundeck.core.execution.workflow,testListener,beginNodeExecution,2,1,3,132,0
rundeck,com.dtolabs.rundeck.core.execution.workflow,testListener,finishNodeExecution,2,1,4,135,0
rundeck,com.dtolabs.rundeck.core.execution.workflow,testListener,beginNodeDispatch,2,1,2,139,0
rundeck,com.dtolabs.rundeck.core.execution.workflow,testListener,beginNodeDispatch,2,1,2,142,0
rundeck,com.dtolabs.rundeck.core.execution.workflow,testListener,finishNodeDispatch,2,1,3,145,0
rundeck,com.dtolabs.rundeck.core.execution.workflow,testListener,finishNodeDispatch,2,1,3,148,0
rundeck,com.dtolabs.rundeck.core.execution.workflow,testListener,beginFileCopyFileStream,2,1,3,151,0
rundeck,com.dtolabs.rundeck.core.execution.workflow,testListener,beginFileCopyFile,2,1,3,154,0
rundeck,com.dtolabs.rundeck.core.execution.workflow,testListener,beginFileCopyScriptContent,2,1,3,157,0
rundeck,com.dtolabs.rundeck.core.execution.workflow,testListener,finishFileCopy,2,1,3,160,0
rundeck,com.dtolabs.rundeck.core.execution.workflow,testListener,beginInterpretCommand,2,1,3,163,0
rundeck,com.dtolabs.rundeck.core.execution.workflow,testListener,finishInterpretCommand,2,1,4,166,0
rundeck,com.dtolabs.rundeck.core.execution.workflow,testListener,getBuildListener,3,1,0,170,0
rundeck,com.dtolabs.rundeck.core.execution.workflow,testInterpreter,interpretCommand,9,2,3,183,0
rundeck,com.dtolabs.rundeck.core.execution.workflow,testResult,testResult,4,1,2,199,0
rundeck,com.dtolabs.rundeck.core.execution.workflow,testResult,isSuccess,3,1,0,204,0
rundeck,com.dtolabs.rundeck.core.execution.utils,Responder,getInputSuccessPattern,0,1,0,49,0
rundeck,com.dtolabs.rundeck.core.execution.utils,Responder,getInputFailurePattern,0,1,0,54,0
rundeck,com.dtolabs.rundeck.core.execution.utils,Responder,getInputMaxLines,0,1,0,59,0
rundeck,com.dtolabs.rundeck.core.execution.utils,Responder,getInputMaxTimeout,0,1,0,64,0
rundeck,com.dtolabs.rundeck.core.execution.utils,Responder,isFailOnInputLinesThreshold,0,1,0,69,0
rundeck,com.dtolabs.rundeck.core.execution.utils,Responder,isFailOnInputTimeoutThreshold,0,1,0,74,0
rundeck,com.dtolabs.rundeck.core.execution.utils,Responder,getResponseSuccessPattern,0,1,0,79,0
rundeck,com.dtolabs.rundeck.core.execution.utils,Responder,getResponseFailurePattern,0,1,0,84,0
rundeck,com.dtolabs.rundeck.core.execution.utils,Responder,getResponseMaxLines,0,1,0,89,0
rundeck,com.dtolabs.rundeck.core.execution.utils,Responder,getResponseMaxTimeout,0,1,0,94,0
rundeck,com.dtolabs.rundeck.core.execution.utils,Responder,isFailOnResponseThreshold,0,1,0,99,0
rundeck,com.dtolabs.rundeck.core.execution.utils,Responder,getInputString,0,1,0,104,0
rundeck,com.dtolabs.rundeck.core.execution.utils,Responder,isSuccessOnInputThreshold,0,1,0,109,0
rundeck,com.dtolabs.rundeck.core.execution.utils,LeadPipeOutputStream,write,15,3,1,42,0
rundeck,com.dtolabs.rundeck.core.execution.utils,LeadPipeOutputStream,write,15,3,3,60,0
rundeck,com.dtolabs.rundeck.core.execution.utils,LeadPipeOutputStream,write,15,3,1,78,0
rundeck,com.dtolabs.rundeck.core.execution.utils,ResponderThread,ResponderThread,6,1,4,64,0
rundeck,com.dtolabs.rundeck.core.execution.utils,ResponderThread,run,7,2,0,78,0
rundeck,com.dtolabs.rundeck.core.execution.utils,ResponderThread,stopResponder,4,1,0,86,0
rundeck,com.dtolabs.rundeck.core.execution.utils,ResponderThread,isResponderStopped,3,1,0,91,0
rundeck,com.dtolabs.rundeck.core.execution.utils,ResponderThread,runResponder,73,12,0,95,0
rundeck,com.dtolabs.rundeck.core.execution.utils,ResponderThread,fail,5,1,2,177,0
rundeck,com.dtolabs.rundeck.core.execution.utils,ResponderThread,reason,3,1,1,184,0
rundeck,com.dtolabs.rundeck.core.execution.utils,ResponderThread,isFailed,3,1,0,189,0
rundeck,com.dtolabs.rundeck.core.execution.utils,ResponderThread,handleResult,0,1,2,197,0
rundeck,com.dtolabs.rundeck.core.execution.utils,ResponderThread,detect,82,18,7,206,0
rundeck,com.dtolabs.rundeck.core.execution.utils,ResponderThread,ThreshholdException,4,1,2,304,0
rundeck,com.dtolabs.rundeck.core.execution.utils,ResponderThread,ThreshholdException,5,1,3,309,0
rundeck,com.dtolabs.rundeck.core.execution.utils,ResponderThread,getValue,3,1,0,315,0
rundeck,com.dtolabs.rundeck.core.execution.utils,ResponderThread,getType,3,1,0,319,0
rundeck,com.dtolabs.rundeck.core.execution.utils,ResponderThread,isSuccess,3,1,0,324,0
rundeck,com.dtolabs.rundeck.core.execution.utils,ResponderThread,getFailureReason,3,1,0,328,0
rundeck,com.dtolabs.rundeck.core.execution.utils,ResultHandler,handleResult,0,1,2,197,0
rundeck,com.dtolabs.rundeck.core.execution.utils,ThreshholdException,ThreshholdException,4,1,2,304,0
rundeck,com.dtolabs.rundeck.core.execution.utils,ThreshholdException,ThreshholdException,5,1,3,309,0
rundeck,com.dtolabs.rundeck.core.execution.utils,ThreshholdException,getValue,3,1,0,315,0
rundeck,com.dtolabs.rundeck.core.execution.utils,ThreshholdException,getType,3,1,0,319,0
rundeck,com.dtolabs.rundeck.core.execution.utils,ResponderStopper,isResponderStopped,0,1,0,34,0
rundeck,com.dtolabs.rundeck.core.execution.utils,ResponderStopper,stopResponder,0,1,0,35,0
rundeck,com.dtolabs.rundeck.core.execution.utils,TestResponderThread,testDetectSuccess,12,1,0,40,0
rundeck,com.dtolabs.rundeck.core.execution.utils,TestResponderThread,isResponderStopped,3,1,0,44,0
rundeck,com.dtolabs.rundeck.core.execution.utils,TestResponderThread,stopResponder,2,1,0,48,0
rundeck,com.dtolabs.rundeck.core.execution.utils,TestResponderThread,testDetectFail,12,1,0,54,0
rundeck,com.dtolabs.rundeck.core.execution.utils,TestResponderThread,isResponderStopped,3,1,0,58,0
rundeck,com.dtolabs.rundeck.core.execution.utils,TestResponderThread,stopResponder,2,1,0,62,0
rundeck,com.dtolabs.rundeck.core.execution.utils,TestResponderThread,testDetectSuccessPartial,12,1,0,68,0
rundeck,com.dtolabs.rundeck.core.execution.utils,TestResponderThread,isResponderStopped,3,1,0,72,0
rundeck,com.dtolabs.rundeck.core.execution.utils,TestResponderThread,stopResponder,2,1,0,76,0
rundeck,com.dtolabs.rundeck.core.execution.utils,TestResponderThread,testDetectFailPartial,12,1,0,82,0
rundeck,com.dtolabs.rundeck.core.execution.utils,TestResponderThread,isResponderStopped,3,1,0,86,0
rundeck,com.dtolabs.rundeck.core.execution.utils,TestResponderThread,stopResponder,2,1,0,90,0
rundeck,com.dtolabs.rundeck.core.execution.utils,TestResponderThread,testDetectSuccessPartial2,12,1,0,96,0
rundeck,com.dtolabs.rundeck.core.execution.utils,TestResponderThread,isResponderStopped,3,1,0,100,0
rundeck,com.dtolabs.rundeck.core.execution.utils,TestResponderThread,stopResponder,2,1,0,104,0
rundeck,com.dtolabs.rundeck.core.execution.utils,TestResponderThread,testDetectFailPartial2,12,1,0,110,0
rundeck,com.dtolabs.rundeck.core.execution.utils,TestResponderThread,isResponderStopped,3,1,0,114,0
rundeck,com.dtolabs.rundeck.core.execution.utils,TestResponderThread,stopResponder,2,1,0,118,0
rundeck,com.dtolabs.rundeck.core.execution.utils,TestResponderThread,testDetectSuccessPartial3,12,1,0,124,0
rundeck,com.dtolabs.rundeck.core.execution.utils,TestResponderThread,isResponderStopped,3,1,0,128,0
rundeck,com.dtolabs.rundeck.core.execution.utils,TestResponderThread,stopResponder,2,1,0,132,0
rundeck,com.dtolabs.rundeck.core.execution.utils,TestResponderThread,testDetectFailPartial3,12,1,0,138,0
rundeck,com.dtolabs.rundeck.core.execution.utils,TestResponderThread,isResponderStopped,3,1,0,142,0
rundeck,com.dtolabs.rundeck.core.execution.utils,TestResponderThread,stopResponder,2,1,0,146,0
rundeck,com.dtolabs.rundeck.core.execution.utils,TestResponderThread,testDetectBoth,12,1,0,152,0
rundeck,com.dtolabs.rundeck.core.execution.utils,TestResponderThread,isResponderStopped,3,1,0,156,0
rundeck,com.dtolabs.rundeck.core.execution.utils,TestResponderThread,stopResponder,2,1,0,160,0
rundeck,com.dtolabs.rundeck.core.execution.utils,TestResponderThread,testDetectBothOrderSuccessFirst,12,1,0,166,0
rundeck,com.dtolabs.rundeck.core.execution.utils,TestResponderThread,isResponderStopped,3,1,0,170,0
rundeck,com.dtolabs.rundeck.core.execution.utils,TestResponderThread,stopResponder,2,1,0,174,0
rundeck,com.dtolabs.rundeck.core.execution.utils,TestResponderThread,testDetectBothOrderFailureFirst,12,1,0,180,0
rundeck,com.dtolabs.rundeck.core.execution.utils,TestResponderThread,isResponderStopped,3,1,0,184,0
rundeck,com.dtolabs.rundeck.core.execution.utils,TestResponderThread,stopResponder,2,1,0,188,0
rundeck,com.dtolabs.rundeck.core.execution.utils,TestResponderThread,testDetectMaxLines,19,1,0,194,0
rundeck,com.dtolabs.rundeck.core.execution.utils,TestResponderThread,isResponderStopped,3,1,0,200,0
rundeck,com.dtolabs.rundeck.core.execution.utils,TestResponderThread,stopResponder,2,1,0,204,0
rundeck,com.dtolabs.rundeck.core.execution.utils,TestResponderThread,testDetectMaxLinesOK,12,1,0,215,0
rundeck,com.dtolabs.rundeck.core.execution.utils,TestResponderThread,isResponderStopped,3,1,0,220,0
rundeck,com.dtolabs.rundeck.core.execution.utils,TestResponderThread,stopResponder,2,1,0,224,0
rundeck,com.dtolabs.rundeck.core.execution.utils,TestResponderThread,testDetectMaxTimeout,19,1,0,230,0
rundeck,com.dtolabs.rundeck.core.execution.utils,TestResponderThread,isResponderStopped,3,1,0,236,0
rundeck,com.dtolabs.rundeck.core.execution.utils,TestResponderThread,stopResponder,2,1,0,240,0
rundeck,com.dtolabs.rundeck.core.execution.utils,TestResponderThread,testDetectStopped,12,1,0,251,0
rundeck,com.dtolabs.rundeck.core.execution.utils,TestResponderThread,isResponderStopped,3,1,0,256,0
rundeck,com.dtolabs.rundeck.core.execution.utils,TestResponderThread,stopResponder,2,1,0,260,0
rundeck,com.dtolabs.rundeck.core.execution.utils,TestResponderThread,getInputSuccessPattern,3,1,0,281,0
rundeck,com.dtolabs.rundeck.core.execution.utils,TestResponderThread,getInputFailurePattern,3,1,0,285,0
rundeck,com.dtolabs.rundeck.core.execution.utils,TestResponderThread,getResponseSuccessPattern,3,1,0,289,0
rundeck,com.dtolabs.rundeck.core.execution.utils,TestResponderThread,getResponseFailurePattern,3,1,0,293,0
rundeck,com.dtolabs.rundeck.core.execution.utils,TestResponderThread,getInputMaxLines,3,1,0,297,0
rundeck,com.dtolabs.rundeck.core.execution.utils,TestResponderThread,getInputMaxTimeout,3,1,0,301,0
rundeck,com.dtolabs.rundeck.core.execution.utils,TestResponderThread,isFailOnInputLinesThreshold,3,1,0,305,0
rundeck,com.dtolabs.rundeck.core.execution.utils,TestResponderThread,getResponseMaxLines,3,1,0,309,0
rundeck,com.dtolabs.rundeck.core.execution.utils,TestResponderThread,getResponseMaxTimeout,3,1,0,313,0
rundeck,com.dtolabs.rundeck.core.execution.utils,TestResponderThread,isFailOnResponseThreshold,3,1,0,317,0
rundeck,com.dtolabs.rundeck.core.execution.utils,TestResponderThread,getInputString,3,1,0,321,0
rundeck,com.dtolabs.rundeck.core.execution.utils,TestResponderThread,isSuccessOnInputThreshold,3,1,0,325,0
rundeck,com.dtolabs.rundeck.core.execution.utils,TestResponderThread,isFailOnInputTimeoutThreshold,3,1,0,329,0
rundeck,com.dtolabs.rundeck.core.execution.utils,TestResponderThread,testRunResponderDefault,12,1,0,333,0
rundeck,com.dtolabs.rundeck.core.execution.utils,TestResponderThread,testRunResponderInputSuccess,15,1,0,346,0
rundeck,com.dtolabs.rundeck.core.execution.utils,TestResponderThread,testRunResponderInputSuccessMiss,17,1,0,363,0
rundeck,com.dtolabs.rundeck.core.execution.utils,TestResponderThread,testRunResponderInputSuccessMissTimeout,17,1,0,381,0
rundeck,com.dtolabs.rundeck.core.execution.utils,TestResponderThread,testRunResponderInputSuccessMissNofail,19,1,0,400,0
rundeck,com.dtolabs.rundeck.core.execution.utils,TestResponderThread,testRunResponderInputSuccessOnInputThreshold,20,1,0,421,0
rundeck,com.dtolabs.rundeck.core.execution.utils,TestResponderThread,testRunResponderInputFailure,16,1,0,445,0
rundeck,com.dtolabs.rundeck.core.execution.utils,TestResponderThread,testRunResponderInputFailureMiss,16,1,0,463,0
rundeck,com.dtolabs.rundeck.core.execution.utils,TestResponderThread,testRunResponderInputFailureMissNoFail,16,1,0,481,0
rundeck,com.dtolabs.rundeck.core.execution.utils,TestResponderThread,testRunResponderResponseSuccess,19,1,0,499,0
rundeck,com.dtolabs.rundeck.core.execution.utils,TestResponderThread,testRunResponderResponseSuccessMiss,19,1,0,521,0
rundeck,com.dtolabs.rundeck.core.execution.utils,TestResponderThread,testRunResponderResponseSuccessMissNoFail,19,1,0,544,0
rundeck,com.dtolabs.rundeck.core.execution.utils,TestResponderThread,testRunResponderResponseFailure,19,1,0,566,0
rundeck,com.dtolabs.rundeck.core.execution.utils,TestResponderThread,testRunResponderResponseFailureMiss,19,1,0,589,0
rundeck,com.dtolabs.rundeck.core.execution.utils,TestResponderThread,testRunResponderResponseFailureMissNoFail,19,1,0,612,0
rundeck,com.dtolabs.rundeck.core.execution.utils,TestResponderThread,testRunResponderWrite,21,1,0,634,0
rundeck,com.dtolabs.rundeck.core.execution.utils,TestResponderThread,testRunResponderWriteOnSuccess,21,1,0,658,0
rundeck,com.dtolabs.rundeck.core.execution.utils,TestResponderThread,testRunResponderNoWriteOnFailure,21,1,0,682,0
rundeck,com.dtolabs.rundeck.core.execution.utils,TestResponderThread,testRunResponderWriteAndResponseSuccess,21,1,0,707,0
rundeck,com.dtolabs.rundeck.core.execution.utils,TestResponderThread,testRunResponderWriteAndResponseFailure,21,1,0,732,0
rundeck,com.dtolabs.rundeck.core.execution.utils,TestResponderThread,testResultHandlerSuccess,32,1,0,756,0
rundeck,com.dtolabs.rundeck.core.execution.utils,TestResponderThread,handleResult,4,1,2,775,0
rundeck,com.dtolabs.rundeck.core.execution.utils,TestResponderThread,testResultHandlerInputFailure,32,1,0,790,0
rundeck,com.dtolabs.rundeck.core.execution.utils,TestResponderThread,handleResult,4,1,2,809,0
rundeck,com.dtolabs.rundeck.core.execution.utils,testResponder,getInputSuccessPattern,3,1,0,281,0
rundeck,com.dtolabs.rundeck.core.execution.utils,testResponder,getInputFailurePattern,3,1,0,285,0
rundeck,com.dtolabs.rundeck.core.execution.utils,testResponder,getResponseSuccessPattern,3,1,0,289,0
rundeck,com.dtolabs.rundeck.core.execution.utils,testResponder,getResponseFailurePattern,3,1,0,293,0
rundeck,com.dtolabs.rundeck.core.execution.utils,testResponder,getInputMaxLines,3,1,0,297,0
rundeck,com.dtolabs.rundeck.core.execution.utils,testResponder,getInputMaxTimeout,3,1,0,301,0
rundeck,com.dtolabs.rundeck.core.execution.utils,testResponder,isFailOnInputLinesThreshold,3,1,0,305,0
rundeck,com.dtolabs.rundeck.core.execution.utils,testResponder,getResponseMaxLines,3,1,0,309,0
rundeck,com.dtolabs.rundeck.core.execution.utils,testResponder,getResponseMaxTimeout,3,1,0,313,0
rundeck,com.dtolabs.rundeck.core.execution.utils,testResponder,isFailOnResponseThreshold,3,1,0,317,0
rundeck,com.dtolabs.rundeck.core.execution.utils,testResponder,getInputString,3,1,0,321,0
rundeck,com.dtolabs.rundeck.core.execution.utils,testResponder,isSuccessOnInputThreshold,3,1,0,325,0
rundeck,com.dtolabs.rundeck.core.execution.utils,testResponder,isFailOnInputTimeoutThreshold,3,1,0,329,0
rundeck,com.dtolabs.rundeck.core.authentication,AuthenticationMgrFactory,AuthenticationMgrFactory,4,2,2,35,0
rundeck,com.dtolabs.rundeck.core.authentication,AuthenticationMgrFactory,create,3,1,2,40,0
rundeck,com.dtolabs.rundeck.core.authentication,AuthenticationMgrFactory,getAuthenticationMgr,3,1,0,45,0
rundeck,com.dtolabs.rundeck.core.authentication,AuthenticationMgrFactory,createAuthenticationMgr,25,2,2,49,0
rundeck,com.dtolabs.rundeck.core.authentication,UserInfoException,UserInfoException,3,1,0,33,0
rundeck,com.dtolabs.rundeck.core.authentication,UserInfoException,UserInfoException,3,1,1,37,0
rundeck,com.dtolabs.rundeck.core.authentication,UserInfoException,UserInfoException,3,1,1,41,0
rundeck,com.dtolabs.rundeck.core.authentication,UserInfoException,UserInfoException,3,1,2,45,0
rundeck,com.dtolabs.rundeck.core.authentication,UserInfoListener,userLoggedIn,0,1,1,33,0
rundeck,com.dtolabs.rundeck.core.authentication,NoAuthentication,NoAuthentication,2,1,1,28,0
rundeck,com.dtolabs.rundeck.core.authentication,NoAuthentication,getAuthenticator,3,1,1,30,0
rundeck,com.dtolabs.rundeck.core.authentication,NoAuthentication,getUserInfoWithoutPrompt,3,1,0,39,0
rundeck,com.dtolabs.rundeck.core.authentication,NoAuthentication,getUserInfo,9,1,0,49,0
rundeck,com.dtolabs.rundeck.core.authentication,NoAuthentication,getUsername,3,1,0,60,0
rundeck,com.dtolabs.rundeck.core.authentication,NoAuthentication,getSubject,5,1,0,66,0
rundeck,com.dtolabs.rundeck.core.authentication,IUserInfo,getUsername,0,1,0,33,0
rundeck,com.dtolabs.rundeck.core.authentication,UserInfoPrompter,prompt,0,1,1,40,0
rundeck,com.dtolabs.rundeck.core.authentication,Username,Username,4,1,1,30,0
rundeck,com.dtolabs.rundeck.core.authentication,Username,getName,3,1,0,37,0
rundeck,com.dtolabs.rundeck.core.authentication,Username,toString,3,1,0,44,0
rundeck,com.dtolabs.rundeck.core.authentication,Group,Group,4,1,1,30,0
rundeck,com.dtolabs.rundeck.core.authentication,Group,getName,3,1,0,37,0
rundeck,com.dtolabs.rundeck.core.authentication,Group,toString,3,1,0,44,0
rundeck,com.dtolabs.rundeck.core.authentication,LdapGroup,LdapGroup,3,1,1,30,0
rundeck,com.dtolabs.rundeck.core.authentication,Authenticator,getUserInfo,0,1,0,31,0
rundeck,com.dtolabs.rundeck.core.authentication,Authenticator,getSubject,0,1,0,40,0
rundeck,com.dtolabs.rundeck.core.authentication,PromptCancelledException,PromptCancelledException,3,1,0,33,0
rundeck,com.dtolabs.rundeck.core.authentication,PromptCancelledException,PromptCancelledException,3,1,1,37,0
rundeck,com.dtolabs.rundeck.core.authentication,PromptCancelledException,PromptCancelledException,3,1,1,41,0
rundeck,com.dtolabs.rundeck.core.authentication,PromptCancelledException,PromptCancelledException,3,1,2,45,0
rundeck,com.dtolabs.rundeck.core.utils,PairImpl,PairImpl,10,3,2,35,0
rundeck,com.dtolabs.rundeck.core.utils,PairImpl,getFirst,3,1,0,46,0
rundeck,com.dtolabs.rundeck.core.utils,PairImpl,setFirst,6,2,1,50,0
rundeck,com.dtolabs.rundeck.core.utils,PairImpl,getSecond,3,1,0,60,0
rundeck,com.dtolabs.rundeck.core.utils,PairImpl,setSecond,6,2,1,64,0
rundeck,com.dtolabs.rundeck.core.utils,PairImpl,equals,16,5,1,74,0
rundeck,com.dtolabs.rundeck.core.utils,PairImpl,hashCode,5,1,0,95,0
rundeck,com.dtolabs.rundeck.core.utils,PropertyUtil,expand,11,2,1,33,0
rundeck,com.dtolabs.rundeck.core.utils,PropertyUtil,expand,3,1,2,53,0
rundeck,com.dtolabs.rundeck.core.utils,PropertyUtil,expand,7,2,2,61,0
rundeck,com.dtolabs.rundeck.core.utils,PropertyUtil,expand,3,1,2,75,0
rundeck,com.dtolabs.rundeck.core.utils,PropertyUtil,lineExpand,87,24,2,85,0
rundeck,com.dtolabs.rundeck.core.utils,PropertyUtil,resolvesToLiteral,6,2,1,243,0
rundeck,com.dtolabs.rundeck.core.utils,PropertyUtil,PropertyUtilException,3,1,1,261,0
rundeck,com.dtolabs.rundeck.core.utils,PropertyUtilException,PropertyUtilException,3,1,1,261,0
rundeck,com.dtolabs.rundeck.core.utils,ConfigWriter,ConfigWriter,6,1,4,39,0
rundeck,com.dtolabs.rundeck.core.utils,ConfigWriter,create,3,1,4,45,0
rundeck,com.dtolabs.rundeck.core.utils,ConfigWriter,write,22,1,1,57,0
rundeck,com.dtolabs.rundeck.core.utils,Base64,Base64,2,1,0,37,0
rundeck,com.dtolabs.rundeck.core.utils,Base64,isBase64,3,1,1,40,0
rundeck,com.dtolabs.rundeck.core.utils,Base64,isBase64,21,11,1,48,0
rundeck,com.dtolabs.rundeck.core.utils,Base64,encode,3,1,1,88,0
rundeck,com.dtolabs.rundeck.core.utils,Base64,hex,3,1,1,95,0
rundeck,com.dtolabs.rundeck.core.utils,Base64,encode,26,4,1,99,0
rundeck,com.dtolabs.rundeck.core.utils,Base64,decode,3,1,1,164,0
rundeck,com.dtolabs.rundeck.core.utils,Base64,decode,23,8,1,171,0
rundeck,com.dtolabs.rundeck.core.utils,Base64,ndx,4,3,1,215,0
rundeck,com.dtolabs.rundeck.core.utils,Base64,ndx,5,2,1,222,0
rundeck,com.dtolabs.rundeck.core.utils,Pair,getFirst,0,1,0,33,0
rundeck,com.dtolabs.rundeck.core.utils,Pair,getSecond,0,1,0,38,0
rundeck,com.dtolabs.rundeck.core.utils,ThreadBoundPrintStream,ThreadBoundPrintStream,4,1,1,37,0
rundeck,com.dtolabs.rundeck.core.utils,ThreadBoundPrintStream,getThreadBoundOutputStream,3,1,0,42,0
rundeck,com.dtolabs.rundeck.core.utils,IPropertyLookup,getProperty,0,1,1,25,0
rundeck,com.dtolabs.rundeck.core.utils,IPropertyLookup,hasProperty,0,1,1,33,0
rundeck,com.dtolabs.rundeck.core.utils,IPropertyLookup,getPropertiesMap,0,1,0,41,0
rundeck,com.dtolabs.rundeck.core.utils,OptsUtil,burst,20,5,1,39,0
rundeck,com.dtolabs.rundeck.core.utils,MapGenerator,getMap,0,1,0,35,0
rundeck,com.dtolabs.rundeck.core.utils,JARVerifier,JARVerifier,3,1,1,55,0
rundeck,com.dtolabs.rundeck.core.utils,JARVerifier,create,30,5,3,64,0
rundeck,com.dtolabs.rundeck.core.utils,JARVerifier,VerifierException,3,1,1,116,0
rundeck,com.dtolabs.rundeck.core.utils,JARVerifier,VerifierException,3,1,2,120,0
rundeck,com.dtolabs.rundeck.core.utils,JARVerifier,VerifierException,3,1,1,124,0
rundeck,com.dtolabs.rundeck.core.utils,JARVerifier,VerifierException,3,1,0,128,0
rundeck,com.dtolabs.rundeck.core.utils,JARVerifier,verifySingleJarFile,45,11,1,133,0
rundeck,com.dtolabs.rundeck.core.utils,JARVerifier,isTrusted,20,6,2,209,0
rundeck,com.dtolabs.rundeck.core.utils,JARVerifier,getChainRoots,12,3,1,248,0
rundeck,com.dtolabs.rundeck.core.utils,VerifierException,VerifierException,3,1,1,116,0
rundeck,com.dtolabs.rundeck.core.utils,VerifierException,VerifierException,3,1,2,120,0
rundeck,com.dtolabs.rundeck.core.utils,VerifierException,VerifierException,3,1,1,124,0
rundeck,com.dtolabs.rundeck.core.utils,VerifierException,VerifierException,3,1,0,128,0
rundeck,com.dtolabs.rundeck.core.utils,PropertyLookup,PropertyLookup,3,1,1,35,0
rundeck,com.dtolabs.rundeck.core.utils,PropertyLookup,create,3,1,1,39,0
rundeck,com.dtolabs.rundeck.core.utils,PropertyLookup,create,3,1,1,44,0
rundeck,com.dtolabs.rundeck.core.utils,PropertyLookup,PropertyLookup,4,1,2,49,0
rundeck,com.dtolabs.rundeck.core.utils,PropertyLookup,PropertyLookup,3,1,2,61,0
rundeck,com.dtolabs.rundeck.core.utils,PropertyLookup,PropertyLookup,4,1,3,72,0
rundeck,com.dtolabs.rundeck.core.utils,PropertyLookup,create,3,1,1,84,0
rundeck,com.dtolabs.rundeck.core.utils,PropertyLookup,create,3,1,2,94,0
rundeck,com.dtolabs.rundeck.core.utils,PropertyLookup,create,3,1,3,105,0
rundeck,com.dtolabs.rundeck.core.utils,PropertyLookup,getProperty,8,2,1,116,0
rundeck,com.dtolabs.rundeck.core.utils,PropertyLookup,hasProperty,3,1,1,131,0
rundeck,com.dtolabs.rundeck.core.utils,PropertyLookup,fetchProperties,18,2,1,142,0
rundeck,com.dtolabs.rundeck.core.utils,PropertyLookup,getPropertiesMap,3,1,0,167,0
rundeck,com.dtolabs.rundeck.core.utils,PropertyLookup,expand,9,1,0,178,0
rundeck,com.dtolabs.rundeck.core.utils,PropertyLookup,difference,12,3,1,190,0
rundeck,com.dtolabs.rundeck.core.utils,PropertyLookup,countProperties,3,1,0,210,0
rundeck,com.dtolabs.rundeck.core.utils,PropertyLookup,hasProperty,25,5,2,219,0
rundeck,com.dtolabs.rundeck.core.utils,ToStringFormatter,ToStringFormatter,4,1,2,37,0
rundeck,com.dtolabs.rundeck.core.utils,ToStringFormatter,create,3,1,2,42,0
rundeck,com.dtolabs.rundeck.core.utils,ToStringFormatter,toString,3,1,0,53,0
rundeck,com.dtolabs.rundeck.core.utils,ToStringFormatter,toString,16,3,1,62,0
rundeck,com.dtolabs.rundeck.core.utils,ToStringFormatter,appendKeyValue,10,2,3,85,0
rundeck,com.dtolabs.rundeck.core.utils,ZipUtil,extractZip,3,1,2,37,0
rundeck,com.dtolabs.rundeck.core.utils,ZipUtil,extractZip,3,1,3,49,0
rundeck,com.dtolabs.rundeck.core.utils,ZipUtil,extractZipFile,12,2,3,61,0
rundeck,com.dtolabs.rundeck.core.utils,ZipUtil,accept,3,1,2,74,0
rundeck,com.dtolabs.rundeck.core.utils,ZipUtil,extractZip,3,1,4,82,0
rundeck,com.dtolabs.rundeck.core.utils,ZipUtil,extractZip,3,1,5,97,0
rundeck,com.dtolabs.rundeck.core.utils,ZipUtil,extractZip,12,2,5,112,0
rundeck,com.dtolabs.rundeck.core.utils,ZipUtil,accept,3,1,2,128,0
rundeck,com.dtolabs.rundeck.core.utils,ZipUtil,extractZip,37,11,5,137,0
rundeck,com.dtolabs.rundeck.core.utils,ZipUtil,rename,0,1,1,190,0
rundeck,com.dtolabs.rundeck.core.utils,ZipUtil,PrefixStripper,3,1,1,199,0
rundeck,com.dtolabs.rundeck.core.utils,ZipUtil,rename,6,2,1,203,0
rundeck,com.dtolabs.rundeck.core.utils,ZipUtil,copyStream,0,1,2,215,0
rundeck,com.dtolabs.rundeck.core.utils,ZipUtil,copyStream,3,1,2,222,0
rundeck,com.dtolabs.rundeck.core.utils,ZipUtil,copyStream,7,2,2,228,0
rundeck,com.dtolabs.rundeck.core.utils,renamer,rename,0,1,1,190,0
rundeck,com.dtolabs.rundeck.core.utils,PrefixStripper,PrefixStripper,3,1,1,199,0
rundeck,com.dtolabs.rundeck.core.utils,PrefixStripper,rename,6,2,1,203,0
rundeck,com.dtolabs.rundeck.core.utils,streamCopier,copyStream,0,1,2,215,0
rundeck,com.dtolabs.rundeck.core.utils,CopyStreamCopier,copyStream,3,1,2,222,0
rundeck,com.dtolabs.rundeck.core.utils,FileUtils,fileCopy,19,2,3,30,0
rundeck,com.dtolabs.rundeck.core.utils,FileUtils,copyFileStreams,25,4,2,59,0
rundeck,com.dtolabs.rundeck.core.utils,FileUtils,deleteDir,12,4,1,93,0
rundeck,com.dtolabs.rundeck.core.utils,FileUtils,fileRename,38,6,3,114,0
rundeck,com.dtolabs.rundeck.core.utils,FileUtils,fileRename,3,1,2,166,0
rundeck,com.dtolabs.rundeck.core.utils,FileUtils,copyDirectory,28,6,2,178,0
rundeck,com.dtolabs.rundeck.core.utils,ThreadBoundOutputStream,ThreadBoundOutputStream,4,1,1,71,0
rundeck,com.dtolabs.rundeck.core.utils,ThreadBoundOutputStream,installThreadStream,6,2,1,82,0
rundeck,com.dtolabs.rundeck.core.utils,ThreadBoundOutputStream,removeThreadStream,5,1,0,94,0
rundeck,com.dtolabs.rundeck.core.utils,ThreadBoundOutputStream,getThreadStream,9,2,0,105,0
rundeck,com.dtolabs.rundeck.core.utils,ThreadBoundOutputStream,getThreadLocalOutputStream,3,1,0,113,0
rundeck,com.dtolabs.rundeck.core.utils,ThreadBoundOutputStream,write,9,2,1,118,0
rundeck,com.dtolabs.rundeck.core.utils,ThreadBoundOutputStream,bindSystemOut,12,2,0,130,0
rundeck,com.dtolabs.rundeck.core.utils,ThreadBoundOutputStream,unbindSystemOut,5,2,0,148,0
rundeck,com.dtolabs.rundeck.core.utils,ThreadBoundOutputStream,bindSystemErr,12,2,0,163,0
rundeck,com.dtolabs.rundeck.core.utils,ThreadBoundOutputStream,unbindSystemErr,5,2,0,181,0
rundeck,com.dtolabs.rundeck.core.utils,ThreadBoundOutputStream,getSink,3,1,0,193,0
rundeck,com.dtolabs.rundeck.core.utils,StringArrayUtil,merge,9,3,2,26,0
rundeck,com.dtolabs.rundeck.core.utils,StringArrayUtil,subtract,5,1,2,42,0
rundeck,com.dtolabs.rundeck.core.utils,StringArrayUtil,asString,10,3,2,56,0
rundeck,com.dtolabs.rundeck.core.utils,StringArrayUtil,asString,10,3,2,73,0
rundeck,com.dtolabs.rundeck.core.utils,StringArrayUtil,difference,16,5,2,89,0
rundeck,com.dtolabs.rundeck.core.utils,StringArrayUtil,contains,4,1,2,113,0
rundeck,com.dtolabs.rundeck.core.utils,PropertyLookupException,PropertyLookupException,3,1,2,25,0
rundeck,com.dtolabs.rundeck.core.utils,PropertyLookupException,PropertyLookupException,3,1,1,35,0
rundeck,com.dtolabs.rundeck.core.utils,PartialLineBuffer,appendString,42,8,2,38,0
rundeck,com.dtolabs.rundeck.core.utils,PartialLineBuffer,read,7,2,1,77,0
rundeck,com.dtolabs.rundeck.core.utils,PartialLineBuffer,addData,37,9,3,94,0
rundeck,com.dtolabs.rundeck.core.utils,PartialLineBuffer,getPartialLine,3,1,0,139,0
rundeck,com.dtolabs.rundeck.core.utils,PartialLineBuffer,getPartialLine,18,5,1,146,0
rundeck,com.dtolabs.rundeck.core.utils,PartialLineBuffer,readLine,8,2,0,167,0
rundeck,com.dtolabs.rundeck.core.utils,PartialLineBuffer,getLines,3,1,0,178,0
rundeck,com.dtolabs.rundeck.core.utils,NodeSet,NodeSet,2,1,0,46,0
rundeck,com.dtolabs.rundeck.core.utils,NodeSet,NodeSet,3,1,1,52,0
rundeck,com.dtolabs.rundeck.core.utils,NodeSet,NodeSet,3,1,1,59,0
rundeck,com.dtolabs.rundeck.core.utils,NodeSet,getSingleNodeName,3,1,0,84,0
rundeck,com.dtolabs.rundeck.core.utils,NodeSet,setSingleNodeName,3,1,1,88,0
rundeck,com.dtolabs.rundeck.core.utils,NodeSet,acceptNode,3,1,1,92,0
rundeck,com.dtolabs.rundeck.core.utils,NodeSet,nodeSelectorWithDefault,9,1,1,95,0
rundeck,com.dtolabs.rundeck.core.utils,NodeSet,acceptNode,3,1,1,102,0
rundeck,com.dtolabs.rundeck.core.utils,NodeSet,nodeSelectorWithDefaultAll,8,1,0,107,0
rundeck,com.dtolabs.rundeck.core.utils,NodeSet,acceptNode,3,1,1,113,0
rundeck,com.dtolabs.rundeck.core.utils,NodeSet,value,3,1,1,127,0
rundeck,com.dtolabs.rundeck.core.utils,NodeSet,value,3,1,1,128,0
rundeck,com.dtolabs.rundeck.core.utils,NodeSet,value,3,1,1,129,0
rundeck,com.dtolabs.rundeck.core.utils,NodeSet,value,3,1,1,130,0
rundeck,com.dtolabs.rundeck.core.utils,NodeSet,value,3,1,1,131,0
rundeck,com.dtolabs.rundeck.core.utils,NodeSet,value,3,1,1,132,0
rundeck,com.dtolabs.rundeck.core.utils,NodeSet,value,3,1,1,133,0
rundeck,com.dtolabs.rundeck.core.utils,NodeSet,FILTER_ENUM,3,1,1,136,0
rundeck,com.dtolabs.rundeck.core.utils,NodeSet,getName,3,1,0,139,0
rundeck,com.dtolabs.rundeck.core.utils,NodeSet,value,0,1,1,143,0
rundeck,com.dtolabs.rundeck.core.utils,NodeSet,isBlank,3,1,0,162,0
rundeck,com.dtolabs.rundeck.core.utils,NodeSet,createInclude,7,2,0,169,0
rundeck,com.dtolabs.rundeck.core.utils,NodeSet,createExclude,7,2,0,177,0
rundeck,com.dtolabs.rundeck.core.utils,NodeSet,getInclude,3,1,0,185,0
rundeck,com.dtolabs.rundeck.core.utils,NodeSet,getExclude,3,1,0,189,0
rundeck,com.dtolabs.rundeck.core.utils,NodeSet,shouldExclude,19,5,1,193,0
rundeck,com.dtolabs.rundeck.core.utils,NodeSet,getThreadCount,3,1,0,217,0
rundeck,com.dtolabs.rundeck.core.utils,NodeSet,setThreadCount,3,1,1,221,0
rundeck,com.dtolabs.rundeck.core.utils,NodeSet,isKeepgoing,3,1,0,225,0
rundeck,com.dtolabs.rundeck.core.utils,NodeSet,setKeepgoing,3,1,1,229,0
rundeck,com.dtolabs.rundeck.core.utils,NodeSet,validate,5,2,0,233,0
rundeck,com.dtolabs.rundeck.core.utils,NodeSet,matchesInput,10,3,2,242,0
rundeck,com.dtolabs.rundeck.core.utils,NodeSet,matchesInput,15,5,3,261,0
rundeck,com.dtolabs.rundeck.core.utils,NodeSet,matchesInputSet,50,13,2,285,0
rundeck,com.dtolabs.rundeck.core.utils,NodeSet,matchRegexOrEquals,14,2,2,348,0
rundeck,com.dtolabs.rundeck.core.utils,NodeSet,createExclude,5,1,1,377,0
rundeck,com.dtolabs.rundeck.core.utils,NodeSet,createInclude,5,1,1,388,0
rundeck,com.dtolabs.rundeck.core.utils,NodeSet,populateSetSelector,34,9,2,400,0
rundeck,com.dtolabs.rundeck.core.utils,NodeSet,equals,25,8,1,436,0
rundeck,com.dtolabs.rundeck.core.utils,NodeSet,hashCode,8,1,0,466,0
rundeck,com.dtolabs.rundeck.core.utils,NodeSet,toString,15,4,0,476,0
rundeck,com.dtolabs.rundeck.core.utils,NodeSet,getFailedNodesfile,3,1,0,492,0
rundeck,com.dtolabs.rundeck.core.utils,NodeSet,setFailedNodesfile,3,1,1,496,0
rundeck,com.dtolabs.rundeck.core.utils,NodeSet,setHostname,4,1,1,516,0
rundeck,com.dtolabs.rundeck.core.utils,NodeSet,getHostname,3,1,0,521,0
rundeck,com.dtolabs.rundeck.core.utils,NodeSet,toString,37,11,0,525,0
rundeck,com.dtolabs.rundeck.core.utils,NodeSet,isBlank,3,1,1,564,0
rundeck,com.dtolabs.rundeck.core.utils,NodeSet,isBlank,3,1,0,567,0
rundeck,com.dtolabs.rundeck.core.utils,NodeSet,isBlank,3,1,1,579,0
rundeck,com.dtolabs.rundeck.core.utils,NodeSet,matchOrBlank,3,1,2,582,0
rundeck,com.dtolabs.rundeck.core.utils,NodeSet,matchOrBlank,3,1,2,585,0
rundeck,com.dtolabs.rundeck.core.utils,NodeSet,matchOrBlank,3,1,2,589,0
rundeck,com.dtolabs.rundeck.core.utils,NodeSet,matches,3,1,1,593,0
rundeck,com.dtolabs.rundeck.core.utils,NodeSet,getOsfamily,3,1,0,607,0
rundeck,com.dtolabs.rundeck.core.utils,NodeSet,setOsfamily,3,1,1,611,0
rundeck,com.dtolabs.rundeck.core.utils,NodeSet,getOsarch,3,1,0,615,0
rundeck,com.dtolabs.rundeck.core.utils,NodeSet,setOsarch,3,1,1,619,0
rundeck,com.dtolabs.rundeck.core.utils,NodeSet,getOsname,3,1,0,623,0
rundeck,com.dtolabs.rundeck.core.utils,NodeSet,setOsname,3,1,1,627,0
rundeck,com.dtolabs.rundeck.core.utils,NodeSet,getTags,3,1,0,631,0
rundeck,com.dtolabs.rundeck.core.utils,NodeSet,setTags,3,1,1,635,0
rundeck,com.dtolabs.rundeck.core.utils,NodeSet,getOsversion,3,1,0,639,0
rundeck,com.dtolabs.rundeck.core.utils,NodeSet,setOsversion,3,1,1,643,0
rundeck,com.dtolabs.rundeck.core.utils,NodeSet,getName,3,1,0,647,0
rundeck,com.dtolabs.rundeck.core.utils,NodeSet,setName,3,1,1,651,0
rundeck,com.dtolabs.rundeck.core.utils,NodeSet,isDominant,3,1,0,655,0
rundeck,com.dtolabs.rundeck.core.utils,NodeSet,setDominant,3,1,1,659,0
rundeck,com.dtolabs.rundeck.core.utils,NodeSet,createAttribute,8,2,0,663,0
rundeck,com.dtolabs.rundeck.core.utils,NodeSet,getAttributes,3,1,0,676,0
rundeck,com.dtolabs.rundeck.core.utils,NodeSet,setAttributes,3,1,1,684,0
rundeck,com.dtolabs.rundeck.core.utils,NodeSet,getAttributesMap,25,8,0,692,0
rundeck,com.dtolabs.rundeck.core.utils,NodeSet,createAttributeSet,4,1,0,720,0
rundeck,com.dtolabs.rundeck.core.utils,NodeSet,getAttributeSet,3,1,0,724,0
rundeck,com.dtolabs.rundeck.core.utils,NodeSet,setAttributesMap,3,1,1,728,0
rundeck,com.dtolabs.rundeck.core.utils,NodeSet,equals,37,12,1,732,0
rundeck,com.dtolabs.rundeck.core.utils,NodeSet,hashCode,12,1,0,774,0
rundeck,com.dtolabs.rundeck.core.utils,NodeSet,getName,3,1,0,799,0
rundeck,com.dtolabs.rundeck.core.utils,NodeSet,setName,3,1,1,803,0
rundeck,com.dtolabs.rundeck.core.utils,NodeSet,getValue,3,1,0,807,0
rundeck,com.dtolabs.rundeck.core.utils,NodeSet,setValue,3,1,1,811,0
rundeck,com.dtolabs.rundeck.core.utils,NodeSet,toString,3,1,0,815,0
rundeck,com.dtolabs.rundeck.core.utils,NodeSet,getPrefix,3,1,0,825,0
rundeck,com.dtolabs.rundeck.core.utils,NodeSet,setPrefix,3,1,1,829,0
rundeck,com.dtolabs.rundeck.core.utils,NodeSet,toString,3,1,0,833,0
rundeck,com.dtolabs.rundeck.core.utils,FILTER_ENUM,value,3,1,1,127,0
rundeck,com.dtolabs.rundeck.core.utils,FILTER_ENUM,value,3,1,1,128,0
rundeck,com.dtolabs.rundeck.core.utils,FILTER_ENUM,value,3,1,1,129,0
rundeck,com.dtolabs.rundeck.core.utils,FILTER_ENUM,value,3,1,1,130,0
rundeck,com.dtolabs.rundeck.core.utils,FILTER_ENUM,value,3,1,1,131,0
rundeck,com.dtolabs.rundeck.core.utils,FILTER_ENUM,value,3,1,1,132,0
rundeck,com.dtolabs.rundeck.core.utils,FILTER_ENUM,value,3,1,1,133,0
rundeck,com.dtolabs.rundeck.core.utils,FILTER_ENUM,FILTER_ENUM,3,1,1,136,0
rundeck,com.dtolabs.rundeck.core.utils,FILTER_ENUM,getName,3,1,0,139,0
rundeck,com.dtolabs.rundeck.core.utils,FILTER_ENUM,value,0,1,1,143,0
rundeck,com.dtolabs.rundeck.core.utils,SetSelector,setHostname,4,1,1,516,0
rundeck,com.dtolabs.rundeck.core.utils,SetSelector,getHostname,3,1,0,521,0
rundeck,com.dtolabs.rundeck.core.utils,SetSelector,toString,37,11,0,525,0
rundeck,com.dtolabs.rundeck.core.utils,SetSelector,isBlank,3,1,1,564,0
rundeck,com.dtolabs.rundeck.core.utils,SetSelector,isBlank,3,1,0,567,0
rundeck,com.dtolabs.rundeck.core.utils,SetSelector,isBlank,3,1,1,579,0
rundeck,com.dtolabs.rundeck.core.utils,SetSelector,matchOrBlank,3,1,2,582,0
rundeck,com.dtolabs.rundeck.core.utils,SetSelector,matchOrBlank,3,1,2,585,0
rundeck,com.dtolabs.rundeck.core.utils,SetSelector,matchOrBlank,3,1,2,589,0
rundeck,com.dtolabs.rundeck.core.utils,SetSelector,matches,3,1,1,593,0
rundeck,com.dtolabs.rundeck.core.utils,SetSelector,getOsfamily,3,1,0,607,0
rundeck,com.dtolabs.rundeck.core.utils,SetSelector,setOsfamily,3,1,1,611,0
rundeck,com.dtolabs.rundeck.core.utils,SetSelector,getOsarch,3,1,0,615,0
rundeck,com.dtolabs.rundeck.core.utils,SetSelector,setOsarch,3,1,1,619,0
rundeck,com.dtolabs.rundeck.core.utils,SetSelector,getOsname,3,1,0,623,0
rundeck,com.dtolabs.rundeck.core.utils,SetSelector,setOsname,3,1,1,627,0
rundeck,com.dtolabs.rundeck.core.utils,SetSelector,getTags,3,1,0,631,0
rundeck,com.dtolabs.rundeck.core.utils,SetSelector,setTags,3,1,1,635,0
rundeck,com.dtolabs.rundeck.core.utils,SetSelector,getOsversion,3,1,0,639,0
rundeck,com.dtolabs.rundeck.core.utils,SetSelector,setOsversion,3,1,1,643,0
rundeck,com.dtolabs.rundeck.core.utils,SetSelector,getName,3,1,0,647,0
rundeck,com.dtolabs.rundeck.core.utils,SetSelector,setName,3,1,1,651,0
rundeck,com.dtolabs.rundeck.core.utils,SetSelector,isDominant,3,1,0,655,0
rundeck,com.dtolabs.rundeck.core.utils,SetSelector,setDominant,3,1,1,659,0
rundeck,com.dtolabs.rundeck.core.utils,SetSelector,createAttribute,8,2,0,663,0
rundeck,com.dtolabs.rundeck.core.utils,SetSelector,getAttributes,3,1,0,676,0
rundeck,com.dtolabs.rundeck.core.utils,SetSelector,setAttributes,3,1,1,684,0
rundeck,com.dtolabs.rundeck.core.utils,SetSelector,getAttributesMap,25,8,0,692,0
rundeck,com.dtolabs.rundeck.core.utils,SetSelector,createAttributeSet,4,1,0,720,0
rundeck,com.dtolabs.rundeck.core.utils,SetSelector,getAttributeSet,3,1,0,724,0
rundeck,com.dtolabs.rundeck.core.utils,SetSelector,setAttributesMap,3,1,1,728,0
rundeck,com.dtolabs.rundeck.core.utils,SetSelector,equals,37,12,1,732,0
rundeck,com.dtolabs.rundeck.core.utils,SetSelector,hashCode,12,1,0,774,0
rundeck,com.dtolabs.rundeck.core.utils,Attribute,getName,3,1,0,799,0
rundeck,com.dtolabs.rundeck.core.utils,Attribute,setName,3,1,1,803,0
rundeck,com.dtolabs.rundeck.core.utils,Attribute,getValue,3,1,0,807,0
rundeck,com.dtolabs.rundeck.core.utils,Attribute,setValue,3,1,1,811,0
rundeck,com.dtolabs.rundeck.core.utils,Attribute,toString,3,1,0,815,0
rundeck,com.dtolabs.rundeck.core.utils,AttributeSet,getPrefix,3,1,0,825,0
rundeck,com.dtolabs.rundeck.core.utils,AttributeSet,setPrefix,3,1,1,829,0
rundeck,com.dtolabs.rundeck.core.utils,AttributeSet,toString,3,1,0,833,0
rundeck,com.dtolabs.rundeck.core.utils,ExecToolCommandLogger,ExecToolCommandLogger,3,1,1,41,0
rundeck,com.dtolabs.rundeck.core.utils,ExecToolCommandLogger,messageLogged,13,3,1,45,0
rundeck,com.dtolabs.rundeck.core.utils,ExecToolCommandLogger,expandMessage,18,4,2,68,0
rundeck,com.dtolabs.rundeck.core.utils,ExecToolCommandLogger,retrieveModuleName,3,1,1,97,0
rundeck,com.dtolabs.rundeck.core.utils,ExecToolCommandLogger,retrieveNodeName,3,1,1,108,0
rundeck,com.dtolabs.rundeck.core.utils,ExecToolCommandLogger,retrieveUserName,3,1,1,120,0
rundeck,com.dtolabs.rundeck.core.utils,ExecToolCommandLogger,logLevelToString,0,6,1,131,0
rundeck,com.dtolabs.rundeck.core.utils,ExecToolCommandLogger,getLevel,3,1,0,164,0
rundeck,com.dtolabs.rundeck.core.utils,LogReformatter,LogReformatter,11,2,1,47,0
rundeck,com.dtolabs.rundeck.core.utils,LogReformatter,LogReformatter,4,1,2,59,0
rundeck,com.dtolabs.rundeck.core.utils,LogReformatter,LogReformatter,4,1,2,70,0
rundeck,com.dtolabs.rundeck.core.utils,LogReformatter,reformat,16,4,2,81,0
rundeck,com.dtolabs.rundeck.core.utils,Reformatter,reformat,0,1,2,35,0
rundeck,com.dtolabs.rundeck.core.utils,Converter,convert,0,1,1,32,0
rundeck,com.dtolabs.rundeck.core.utils,FormattedOutputStream,FormattedOutputStream,7,1,2,45,0
rundeck,com.dtolabs.rundeck.core.utils,FormattedOutputStream,formatMessage,8,2,1,59,0
rundeck,com.dtolabs.rundeck.core.utils,FormattedOutputStream,write,8,2,1,72,0
rundeck,com.dtolabs.rundeck.core.utils,FormattedOutputStream,writeBufferedData,7,2,0,87,0
rundeck,com.dtolabs.rundeck.core.utils,FormattedOutputStream,close,4,1,0,99,0
rundeck,com.dtolabs.rundeck.core.utils,FormattedOutputStream,getContext,3,1,0,108,0
rundeck,com.dtolabs.rundeck.core.utils,FormattedOutputStream,setContext,3,1,2,116,0
rundeck,com.dtolabs.rundeck.core.utils,FormattedOutputStream,getOriginalSink,3,1,0,125,0
rundeck,com.dtolabs.rundeck.core.utils,TestFormattedOutputStream,TestFormattedOutputStream,3,1,1,37,0
rundeck,com.dtolabs.rundeck.core.utils,TestFormattedOutputStream,suite,3,1,0,41,0
rundeck,com.dtolabs.rundeck.core.utils,TestFormattedOutputStream,setUp,2,1,0,45,0
rundeck,com.dtolabs.rundeck.core.utils,TestFormattedOutputStream,tearDown,2,1,0,48,0
rundeck,com.dtolabs.rundeck.core.utils,TestFormattedOutputStream,main,3,1,1,51,0
rundeck,com.dtolabs.rundeck.core.utils,TestFormattedOutputStream,testWrite,42,1,0,56,0
rundeck,com.dtolabs.rundeck.core.utils,TestFileUtils,TestFileUtils,3,1,1,32,0
rundeck,com.dtolabs.rundeck.core.utils,TestFileUtils,suite,3,1,0,36,0
rundeck,com.dtolabs.rundeck.core.utils,TestFileUtils,setUp,4,1,0,40,0
rundeck,com.dtolabs.rundeck.core.utils,TestFileUtils,tearDown,3,1,0,46,0
rundeck,com.dtolabs.rundeck.core.utils,TestFileUtils,createTextfile,9,1,1,51,0
rundeck,com.dtolabs.rundeck.core.utils,TestFileUtils,testFileRename,20,1,0,61,0
rundeck,com.dtolabs.rundeck.core.utils,TestPartialLineBuffer,testPartialLineBuffer,20,1,0,36,0
rundeck,com.dtolabs.rundeck.core.utils,TestPartialLineBuffer,testSplit,10,1,0,63,0
rundeck,com.dtolabs.rundeck.core.utils,TestPartialLineBuffer,testSplitLine,12,1,0,74,0
rundeck,com.dtolabs.rundeck.core.utils,TestPartialLineBuffer,testPartialLineBufferMultiSplit,23,1,0,91,0
rundeck,com.dtolabs.rundeck.core.utils,TestPartialLineBuffer,testPartialLineBufferMulti,21,1,0,123,0
rundeck,com.dtolabs.rundeck.core.utils,TestPartialLineBuffer,testPartialLineBufferLeftoverCR,16,1,0,151,0
rundeck,com.dtolabs.rundeck.core.utils,TestPartialLineBuffer,testPartialLineBufferLeftoverCRPartial,15,1,0,173,0
rundeck,com.dtolabs.rundeck.core.utils,TestPartialLineBuffer,testPartialLineBufferLeftoverCRNL,15,1,0,194,0
rundeck,com.dtolabs.rundeck.core.utils,TestPartialLineBuffer,testPartialLineBufferLeftoverCRNLPartialNL,15,1,0,215,0
rundeck,com.dtolabs.rundeck.core.utils,TestPartialLineBuffer,testPartialLineBufferLeftoverCRNLPartial,15,1,0,236,0
rundeck,com.dtolabs.rundeck.core.utils,TestPartialLineBuffer,testPartialLineBufferFull,12,1,0,257,0
rundeck,com.dtolabs.rundeck.core.utils,TestPartialLineBuffer,testPartialLineBufferFull2,12,1,0,274,0
rundeck,com.dtolabs.rundeck.core.utils,TestPartialLineBuffer,testPartialLineBufferFull3,12,1,0,290,0
rundeck,com.dtolabs.rundeck.core.utils,TestPartialLineBuffer,testPartialLineBufferEmptyLine,19,1,0,306,0
rundeck,com.dtolabs.rundeck.core.utils,TestPropertyLookup,TestPropertyLookup,9,1,1,36,0
rundeck,com.dtolabs.rundeck.core.utils,TestPropertyLookup,suite,3,1,0,46,0
rundeck,com.dtolabs.rundeck.core.utils,TestPropertyLookup,testConstruction,4,1,0,51,0
rundeck,com.dtolabs.rundeck.core.utils,TestPropertyLookup,testLookup,7,1,0,56,0
rundeck,com.dtolabs.rundeck.core.utils,TestPropertyLookup,testFetchProperties,4,1,0,64,0
rundeck,com.dtolabs.rundeck.core.utils,TestPropertyLookup,testExpand,11,1,0,69,0
rundeck,com.dtolabs.rundeck.core.utils,TestPropertyLookup,testConstructionWithDefaults,11,1,0,81,0
rundeck,com.dtolabs.rundeck.core.utils,TestPropertyLookup,testDifference,8,1,0,97,0
rundeck,com.dtolabs.rundeck.core.utils,TestPropertyUtil,TestPropertyUtil,10,1,1,36,0
rundeck,com.dtolabs.rundeck.core.utils,TestPropertyUtil,suite,3,1,0,47,0
rundeck,com.dtolabs.rundeck.core.utils,TestPropertyUtil,testExpand,23,1,0,52,0
rundeck,com.dtolabs.rundeck.core.utils,TestNodeSet,TestNodeSet,3,1,1,45,0
rundeck,com.dtolabs.rundeck.core.utils,TestNodeSet,suite,3,1,0,49,0
rundeck,com.dtolabs.rundeck.core.utils,TestNodeSet,setUp,37,1,0,53,0
rundeck,com.dtolabs.rundeck.core.utils,TestNodeSet,tearDown,2,1,0,93,0
rundeck,com.dtolabs.rundeck.core.utils,TestNodeSet,main,3,1,1,96,0
rundeck,com.dtolabs.rundeck.core.utils,TestNodeSet,testNodeSet,25,1,0,101,0
rundeck,com.dtolabs.rundeck.core.utils,TestNodeSet,testSetSelectorValues,131,1,0,131,0
rundeck,com.dtolabs.rundeck.core.utils,TestNodeSet,testMatchesInputMap,56,1,0,278,0
rundeck,com.dtolabs.rundeck.core.utils,TestNodeSet,testMatchesInput,18,1,0,362,0
rundeck,com.dtolabs.rundeck.core.utils,TestNodeSet,testMatchesInputSet,58,1,0,387,0
rundeck,com.dtolabs.rundeck.core.utils,TestNodeSet,testShouldExclude,506,1,0,456,0
rundeck,com.dtolabs.rundeck.core.utils,TestNodeSet,testShouldExcludeMulti,80,1,0,1087,0
rundeck,com.dtolabs.rundeck.core.utils,TestNodeSet,testMatchRegexOrEquals,51,1,0,1173,0
rundeck,com.dtolabs.rundeck.core.utils,TestLogReformatter,TestLogReformatter,3,1,1,36,0
rundeck,com.dtolabs.rundeck.core.utils,TestLogReformatter,suite,3,1,0,40,0
rundeck,com.dtolabs.rundeck.core.utils,TestLogReformatter,setUp,2,1,0,44,0
rundeck,com.dtolabs.rundeck.core.utils,TestLogReformatter,tearDown,2,1,0,47,0
rundeck,com.dtolabs.rundeck.core.utils,TestLogReformatter,main,3,1,1,50,0
rundeck,com.dtolabs.rundeck.core.utils,TestLogReformatter,testReformat,76,1,0,55,0
rundeck,com.dtolabs.rundeck.core.utils,TestLogReformatter,getMap,3,1,0,135,0
rundeck,com.dtolabs.rundeck.core.utils,TestOptsUtil,TestOptsUtil,3,1,1,28,0
rundeck,com.dtolabs.rundeck.core.utils,TestOptsUtil,suite,3,1,0,32,0
rundeck,com.dtolabs.rundeck.core.utils,TestOptsUtil,testBurst,21,1,0,36,0
rundeck,com.dtolabs.rundeck.core.utils,TestStringArrayUtil,TestStringArrayUtil,3,1,1,44,0
rundeck,com.dtolabs.rundeck.core.utils,TestStringArrayUtil,suite,3,1,0,48,0
rundeck,com.dtolabs.rundeck.core.utils,TestStringArrayUtil,setUp,5,1,0,52,0
rundeck,com.dtolabs.rundeck.core.utils,TestStringArrayUtil,initAssert,14,1,0,58,0
rundeck,com.dtolabs.rundeck.core.utils,TestStringArrayUtil,tearDown,5,1,0,75,0
rundeck,com.dtolabs.rundeck.core.utils,TestStringArrayUtil,main,3,1,1,81,0
rundeck,com.dtolabs.rundeck.core.utils,TestStringArrayUtil,assertContainsAll,4,1,3,85,0
rundeck,com.dtolabs.rundeck.core.utils,TestStringArrayUtil,assertContainsAll,7,2,2,90,0
rundeck,com.dtolabs.rundeck.core.utils,TestStringArrayUtil,assertContainsNone,7,2,2,99,0
rundeck,com.dtolabs.rundeck.core.utils,TestStringArrayUtil,assertContainsNone,4,1,3,107,0
rundeck,com.dtolabs.rundeck.core.utils,TestStringArrayUtil,testMerge,21,1,0,111,0
rundeck,com.dtolabs.rundeck.core.utils,TestStringArrayUtil,testSubtract,21,1,0,156,0
rundeck,com.dtolabs.rundeck.core.utils,TestStringArrayUtil,testDifference,55,1,0,204,0
rundeck,com.dtolabs.rundeck.core.utils,TestStringArrayUtil,testContains,24,1,0,283,0
rundeck,com.dtolabs.rundeck.core.utils,Utility,seekBack,54,10,3,41,0
rundeck,com.dtolabs.rundeck.core.utils,GrailsServiceInjectorJobListener,GrailsServiceInjectorJobListener,6,1,3,48,0
rundeck,com.dtolabs.rundeck.core.utils,GrailsServiceInjectorJobListener,getName,3,1,0,56,0
rundeck,com.dtolabs.rundeck.core.utils,GrailsServiceInjectorJobListener,setName,3,1,1,60,0
rundeck,com.dtolabs.rundeck.core.utils,GrailsServiceInjectorJobListener,jobToBeExecuted,4,1,1,64,0
rundeck,com.dtolabs.rundeck.core.utils,GrailsServiceInjectorJobListener,jobWasExecuted,2,1,2,69,0
rundeck,com.dtolabs.rundeck.core.utils,GrailsServiceInjectorJobListener,getServices,3,1,0,73,0
rundeck,com.dtolabs.rundeck.core.utils,GrailsServiceInjectorJobListener,setServices,3,1,1,77,0
rundeck,com.dtolabs.rundeck.core.utils,SingleUserAclsAuthorization,SingleUserAclsAuthorization,5,1,4,44,0
rundeck,com.dtolabs.rundeck.core.utils,SingleUserAclsAuthorization,determineUserRoles,8,2,1,51,0
rundeck,com.dtolabs.rundeck.core.utils,SingleUserAuthentication,SingleUserAuthentication,4,1,2,44,0
rundeck,com.dtolabs.rundeck.core.utils,SingleUserAuthentication,getUserInfo,8,1,0,49,0
rundeck,com.dtolabs.rundeck.core.utils,SingleUserAuthentication,getUsername,3,1,0,51,0
rundeck,com.dtolabs.rundeck.core.utils,SingleUserAuthentication,getSubject,3,1,0,58,0
rundeck,com.dtolabs.rundeck.core.utils,CancelUserInfoPrompter,prompt,3,1,1,40,0
rundeck,com.dtolabs.rundeck.core.utils,UserSubjectAuthorization,UserSubjectAuthorization,5,1,4,47,0
rundeck,com.dtolabs.rundeck.core.utils,UserSubjectAuthorization,determineUserRoles,17,4,1,56,0
rundeck,com.dtolabs.rundeck.core.utils.cache,FileCache,FileCache,3,1,0,41,0
rundeck,com.dtolabs.rundeck.core.utils.cache,FileCache,FileCache,3,1,1,48,0
rundeck,com.dtolabs.rundeck.core.utils.cache,FileCache,remove,9,2,1,55,0
rundeck,com.dtolabs.rundeck.core.utils.cache,FileCache,get,31,6,2,69,0
rundeck,com.dtolabs.rundeck.core.utils.cache,FileCache,createCacheItemForFile,0,1,1,114,0
rundeck,com.dtolabs.rundeck.core.utils.cache,FileCache,isExpired,0,1,3,124,0
rundeck,com.dtolabs.rundeck.core.utils.cache,FileCache,isExpired,3,1,3,141,0
rundeck,com.dtolabs.rundeck.core.utils.cache,FileCache,expire,0,1,0,156,0
rundeck,com.dtolabs.rundeck.core.utils.cache,ItemCreator,createCacheItemForFile,0,1,1,114,0
rundeck,com.dtolabs.rundeck.core.utils.cache,Expiration,isExpired,0,1,3,124,0
rundeck,com.dtolabs.rundeck.core.utils.cache,LastModifiedExpiration,isExpired,3,1,3,141,0
rundeck,com.dtolabs.rundeck.core.utils.cache,Expireable,expire,0,1,0,156,0
rundeck,com.dtolabs.client.services,StoredJobImpl,StoredJobImpl,7,1,5,42,0
rundeck,com.dtolabs.client.services,StoredJobImpl,StoredJobImpl,8,1,6,50,0
rundeck,com.dtolabs.client.services,StoredJobImpl,create,3,1,5,60,0
rundeck,com.dtolabs.client.services,StoredJobImpl,create,3,1,6,64,0
rundeck,com.dtolabs.client.services,StoredJobImpl,getJobId,3,1,0,69,0
rundeck,com.dtolabs.client.services,StoredJobImpl,setJobId,3,1,1,73,0
rundeck,com.dtolabs.client.services,StoredJobImpl,getName,3,1,0,77,0
rundeck,com.dtolabs.client.services,StoredJobImpl,setName,3,1,1,81,0
rundeck,com.dtolabs.client.services,StoredJobImpl,getUrl,3,1,0,85,0
rundeck,com.dtolabs.client.services,StoredJobImpl,setUrl,3,1,1,89,0
rundeck,com.dtolabs.client.services,StoredJobImpl,getGroup,3,1,0,93,0
rundeck,com.dtolabs.client.services,StoredJobImpl,setGroup,3,1,1,97,0
rundeck,com.dtolabs.client.services,StoredJobImpl,getDescription,3,1,0,101,0
rundeck,com.dtolabs.client.services,StoredJobImpl,setDescription,3,1,1,105,0
rundeck,com.dtolabs.client.services,StoredJobImpl,getProject,3,1,0,109,0
rundeck,com.dtolabs.client.services,StoredJobImpl,setProject,3,1,1,113,0
rundeck,com.dtolabs.client.services,StoredJobLoadResultImpl,StoredJobLoadResultImpl,6,1,8,40,0
rundeck,com.dtolabs.client.services,StoredJobLoadResultImpl,StoredJobLoadResultImpl,6,1,9,49,0
rundeck,com.dtolabs.client.services,StoredJobLoadResultImpl,createLoadResult,3,1,8,58,0
rundeck,com.dtolabs.client.services,StoredJobLoadResultImpl,createLoadResult,3,1,9,79,0
rundeck,com.dtolabs.client.services,StoredJobLoadResultImpl,isSuccessful,3,1,0,103,0
rundeck,com.dtolabs.client.services,StoredJobLoadResultImpl,isSkippedJob,3,1,0,107,0
rundeck,com.dtolabs.client.services,StoredJobLoadResultImpl,getMessage,3,1,0,111,0
rundeck,com.dtolabs.client.services,CentralDispatcherFailureResponseException,CentralDispatcherFailureResponseException,3,1,1,36,0
rundeck,com.dtolabs.client.services,CentralDispatcherFailureResponseException,CentralDispatcherFailureResponseException,3,1,1,40,0
rundeck,com.dtolabs.client.services,CentralDispatcherFailureResponseException,CentralDispatcherFailureResponseException,3,1,2,44,0
rundeck,com.dtolabs.client.services,CentralDispatcherServerRequestException,CentralDispatcherServerRequestException,3,1,1,36,0
rundeck,com.dtolabs.client.services,CentralDispatcherServerRequestException,CentralDispatcherServerRequestException,3,1,1,40,0
rundeck,com.dtolabs.client.services,CentralDispatcherServerRequestException,CentralDispatcherServerRequestException,3,1,2,44,0
rundeck,com.dtolabs.client.services,JobDefinitionSerializer,serialize,12,2,1,46,0
rundeck,com.dtolabs.client.services,JobDefinitionSerializer,addJobBasic,8,1,3,72,0
rundeck,com.dtolabs.client.services,JobDefinitionSerializer,addScriptDispatch,41,8,2,81,0
rundeck,com.dtolabs.client.services,JobDefinitionSerializer,addNodefilters,31,8,2,134,0
rundeck,com.dtolabs.client.services,JobDefinitionSerializer,serializeToFile,4,1,2,177,0
rundeck,com.dtolabs.client.services,JobDefinitionSerializer,copyReader,11,3,3,191,0
rundeck,com.dtolabs.client.services,JobDefinitionSerializer,serializeDocToFile,6,1,2,212,0
rundeck,com.dtolabs.client.services,QueuedItemResultImpl,successful,3,1,4,40,0
rundeck,com.dtolabs.client.services,QueuedItemResultImpl,failed,3,1,1,55,0
rundeck,com.dtolabs.client.services,QueuedItemResultImpl,QueuedItemResultImpl,4,1,1,66,0
rundeck,com.dtolabs.client.services,QueuedItemResultImpl,QueuedItemResultImpl,5,1,4,76,0
rundeck,com.dtolabs.client.services,QueuedItemResultImpl,isSuccessful,3,1,0,90,0
rundeck,com.dtolabs.client.services,QueuedItemResultImpl,setSuccessful,3,1,1,94,0
rundeck,com.dtolabs.client.services,QueuedItemResultImpl,getMessage,3,1,0,102,0
rundeck,com.dtolabs.client.services,QueuedItemResultImpl,setMessage,3,1,1,106,0
rundeck,com.dtolabs.client.services,QueuedItemResultImpl,getItem,3,1,0,114,0
rundeck,com.dtolabs.client.services,QueuedItemResultImpl,createQueuedItem,3,1,3,119,0
rundeck,com.dtolabs.client.services,QueuedItemResultImpl,QueuedItemImpl,5,1,3,140,0
rundeck,com.dtolabs.client.services,QueuedItemResultImpl,getId,3,1,0,146,0
rundeck,com.dtolabs.client.services,QueuedItemResultImpl,setId,3,1,1,150,0
rundeck,com.dtolabs.client.services,QueuedItemResultImpl,getUrl,3,1,0,154,0
rundeck,com.dtolabs.client.services,QueuedItemResultImpl,setUrl,3,1,1,159,0
rundeck,com.dtolabs.client.services,QueuedItemResultImpl,getName,3,1,0,163,0
rundeck,com.dtolabs.client.services,QueuedItemResultImpl,setName,3,1,1,167,0
rundeck,com.dtolabs.client.services,QueuedItemImpl,QueuedItemImpl,5,1,3,140,0
rundeck,com.dtolabs.client.services,QueuedItemImpl,getId,3,1,0,146,0
rundeck,com.dtolabs.client.services,QueuedItemImpl,setId,3,1,1,150,0
rundeck,com.dtolabs.client.services,QueuedItemImpl,getUrl,3,1,0,154,0
rundeck,com.dtolabs.client.services,QueuedItemImpl,setUrl,3,1,1,159,0
rundeck,com.dtolabs.client.services,QueuedItemImpl,getName,3,1,0,163,0
rundeck,com.dtolabs.client.services,QueuedItemImpl,setName,3,1,1,167,0
rundeck,com.dtolabs.client.services,RundeckCentralDispatcher,RundeckCentralDispatcher,3,1,1,110,0
rundeck,com.dtolabs.client.services,RundeckCentralDispatcher,reportExecutionStatus,29,5,10,119,0
rundeck,com.dtolabs.client.services,RundeckCentralDispatcher,queueDispatcherScript,15,2,1,168,0
rundeck,com.dtolabs.client.services,RundeckCentralDispatcher,submitQueueRequest,63,6,3,185,0
rundeck,com.dtolabs.client.services,RundeckCentralDispatcher,listDispatcherQueue,3,1,0,277,0
rundeck,com.dtolabs.client.services,RundeckCentralDispatcher,listDispatcherQueue,31,4,1,280,0
rundeck,com.dtolabs.client.services,RundeckCentralDispatcher,makeAbsoluteURL,13,2,1,321,0
rundeck,com.dtolabs.client.services,RundeckCentralDispatcher,makeContextAbsoluteURL,12,2,1,343,0
rundeck,com.dtolabs.client.services,RundeckCentralDispatcher,validateJobsResponse,21,5,1,364,0
rundeck,com.dtolabs.client.services,RundeckCentralDispatcher,validateResponse,43,9,1,398,0
rundeck,com.dtolabs.client.services,RundeckCentralDispatcher,killDispatcherExecution,24,1,1,453,0
rundeck,com.dtolabs.client.services,RundeckCentralDispatcher,isSuccessful,3,1,0,471,0
rundeck,com.dtolabs.client.services,RundeckCentralDispatcher,getMessage,3,1,0,475,0
rundeck,com.dtolabs.client.services,RundeckCentralDispatcher,createJobURL,3,1,1,481,0
rundeck,com.dtolabs.client.services,RundeckCentralDispatcher,listStoredJobs,97,16,3,493,0
rundeck,com.dtolabs.client.services,RundeckCentralDispatcher,validateJobsResponseYAML,36,8,1,608,0
rundeck,com.dtolabs.client.services,RundeckCentralDispatcher,queueDispatcherJob,23,6,1,658,0
rundeck,com.dtolabs.client.services,RundeckCentralDispatcher,addLoglevelParams,21,6,3,686,0
rundeck,com.dtolabs.client.services,RundeckCentralDispatcher,addNodeSetParams,51,13,4,726,0
rundeck,com.dtolabs.client.services,RundeckCentralDispatcher,loadJobs,72,11,3,783,0
rundeck,com.dtolabs.client.services,RundeckCentralDispatcher,parseStoredJobResult,12,1,4,877,0
rundeck,com.dtolabs.client.services,RundeckCentralDispatcher,serialize,9,1,1,896,0
rundeck,com.dtolabs.client.services,RundeckCentralDispatcher,Envelope,3,1,1,922,0
rundeck,com.dtolabs.client.services,RundeckCentralDispatcher,isErrorResult,4,1,0,926,0
rundeck,com.dtolabs.client.services,RundeckCentralDispatcher,isSuccessResult,4,1,0,931,0
rundeck,com.dtolabs.client.services,RundeckCentralDispatcher,successMessages,3,1,0,936,0
rundeck,com.dtolabs.client.services,RundeckCentralDispatcher,errorMessages,3,1,0,940,0
rundeck,com.dtolabs.client.services,RundeckCentralDispatcher,readMessages,15,4,1,944,0
rundeck,com.dtolabs.client.services,Envelope,Envelope,3,1,1,922,0
rundeck,com.dtolabs.client.services,Envelope,isErrorResult,4,1,0,926,0
rundeck,com.dtolabs.client.services,Envelope,isSuccessResult,4,1,0,931,0
rundeck,com.dtolabs.client.services,Envelope,successMessages,3,1,0,936,0
rundeck,com.dtolabs.client.services,Envelope,errorMessages,3,1,0,940,0
rundeck,com.dtolabs.client.services,Envelope,readMessages,15,4,1,944,0
rundeck,com.dtolabs.client.services,ServerService,ServerService,14,1,1,48,0
rundeck,com.dtolabs.client.services,ServerService,getPassword,3,1,0,56,0
rundeck,com.dtolabs.client.services,ServerService,getUsername,3,1,0,60,0
rundeck,com.dtolabs.client.services,ServerService,getServerUrl,3,1,0,64,0
rundeck,com.dtolabs.client.services,ServerService,ServerService,3,1,1,71,0
rundeck,com.dtolabs.client.services,ServerService,makeRundeckRequest,3,1,4,80,0
rundeck,com.dtolabs.client.services,ServerService,makeRundeckRequest,3,1,3,99,0
rundeck,com.dtolabs.client.services,ServerService,makeRundeckRequest,3,1,5,117,0
rundeck,com.dtolabs.client.services,ServerService,makeRundeckRequest,27,4,6,136,0
rundeck,com.dtolabs.client.services,ServerService,getConnParams,3,1,0,192,0
rundeck,com.dtolabs.client.services,ServerService,setConnParams,3,1,1,200,0
rundeck,com.dtolabs.client.services,ServerService,getPassword,0,1,0,212,0
rundeck,com.dtolabs.client.services,ServerService,getUsername,0,1,0,219,0
rundeck,com.dtolabs.client.services,ServerService,getServerUrl,0,1,0,226,0
rundeck,com.dtolabs.client.services,WebConnectionParameters,getPassword,0,1,0,212,0
rundeck,com.dtolabs.client.services,WebConnectionParameters,getUsername,0,1,0,219,0
rundeck,com.dtolabs.client.services,WebConnectionParameters,getServerUrl,0,1,0,226,0
rundeck,com.dtolabs.client.services,RundeckAPICentralDispatcher,RundeckAPICentralDispatcher,3,1,1,126,0
rundeck,com.dtolabs.client.services,RundeckAPICentralDispatcher,reportExecutionStatus,29,5,10,135,0
rundeck,com.dtolabs.client.services,RundeckAPICentralDispatcher,queueDispatcherScript,59,8,1,189,0
rundeck,com.dtolabs.client.services,RundeckAPICentralDispatcher,submitExecutionRequest,22,3,3,260,0
rundeck,com.dtolabs.client.services,RundeckAPICentralDispatcher,submitRunRequest,25,3,3,303,0
rundeck,com.dtolabs.client.services,RundeckAPICentralDispatcher,listDispatcherQueue,3,1,0,348,0
rundeck,com.dtolabs.client.services,RundeckAPICentralDispatcher,listDispatcherQueue,16,2,1,361,0
rundeck,com.dtolabs.client.services,RundeckAPICentralDispatcher,parseExecutionListResult,26,4,1,395,0
rundeck,com.dtolabs.client.services,RundeckAPICentralDispatcher,makeAbsoluteURL,13,2,1,422,0
rundeck,com.dtolabs.client.services,RundeckAPICentralDispatcher,makeContextAbsoluteURL,12,2,1,444,0
rundeck,com.dtolabs.client.services,RundeckAPICentralDispatcher,validateJobsResponse,21,5,1,465,0
rundeck,com.dtolabs.client.services,RundeckAPICentralDispatcher,validateResponse,43,9,1,500,0
rundeck,com.dtolabs.client.services,RundeckAPICentralDispatcher,checkErrorResponse,42,9,1,559,0
rundeck,com.dtolabs.client.services,RundeckAPICentralDispatcher,killDispatcherExecution,25,1,1,611,0
rundeck,com.dtolabs.client.services,RundeckAPICentralDispatcher,isSuccessful,3,1,0,630,0
rundeck,com.dtolabs.client.services,RundeckAPICentralDispatcher,getMessage,3,1,0,634,0
rundeck,com.dtolabs.client.services,RundeckAPICentralDispatcher,substitutePathVariable,10,1,3,640,0
rundeck,com.dtolabs.client.services,RundeckAPICentralDispatcher,createJobURL,3,1,1,657,0
rundeck,com.dtolabs.client.services,RundeckAPICentralDispatcher,createExecutionURL,3,1,1,667,0
rundeck,com.dtolabs.client.services,RundeckAPICentralDispatcher,listStoredJobs,105,16,3,678,0
rundeck,com.dtolabs.client.services,RundeckAPICentralDispatcher,reallistStoredJobs,44,7,1,800,0
rundeck,com.dtolabs.client.services,RundeckAPICentralDispatcher,validateJobsResponseYAML,36,8,1,852,0
rundeck,com.dtolabs.client.services,RundeckAPICentralDispatcher,queueDispatcherJob,47,10,1,902,0
rundeck,com.dtolabs.client.services,RundeckAPICentralDispatcher,addLoglevelParams,21,6,2,960,0
rundeck,com.dtolabs.client.services,RundeckAPICentralDispatcher,addAPINodeSetParams,50,13,3,984,0
rundeck,com.dtolabs.client.services,RundeckAPICentralDispatcher,loadJobs,71,11,3,1043,0
rundeck,com.dtolabs.client.services,RundeckAPICentralDispatcher,parseAPIJobResult,12,1,4,1136,0
rundeck,com.dtolabs.client.services,RundeckAPICentralDispatcher,serialize,9,1,1,1153,0
rundeck,com.dtolabs.client.services,RundeckAPICentralDispatcher,Envelope,3,1,1,1179,0
rundeck,com.dtolabs.client.services,RundeckAPICentralDispatcher,isErrorResult,4,1,0,1183,0
rundeck,com.dtolabs.client.services,RundeckAPICentralDispatcher,isSuccessResult,4,1,0,1188,0
rundeck,com.dtolabs.client.services,RundeckAPICentralDispatcher,successMessages,3,1,0,1193,0
rundeck,com.dtolabs.client.services,RundeckAPICentralDispatcher,errorMessages,3,1,0,1197,0
rundeck,com.dtolabs.client.services,RundeckAPICentralDispatcher,readMessages,15,4,1,1201,0
rundeck,com.dtolabs.client.services,Envelope,Envelope,3,1,1,1179,0
rundeck,com.dtolabs.client.services,Envelope,isErrorResult,4,1,0,1183,0
rundeck,com.dtolabs.client.services,Envelope,isSuccessResult,4,1,0,1188,0
rundeck,com.dtolabs.client.services,Envelope,successMessages,3,1,0,1193,0
rundeck,com.dtolabs.client.services,Envelope,errorMessages,3,1,0,1197,0
rundeck,com.dtolabs.client.services,Envelope,readMessages,15,4,1,1201,0
rundeck,com.dtolabs.client.services,TestRundeckCentralDispatcher,TestRundeckCentralDispatcher,3,1,1,37,0
rundeck,com.dtolabs.client.services,TestRundeckCentralDispatcher,suite,3,1,0,41,0
rundeck,com.dtolabs.client.services,TestRundeckCentralDispatcher,setUp,2,1,0,45,0
rundeck,com.dtolabs.client.services,TestRundeckCentralDispatcher,tearDown,2,1,0,48,0
rundeck,com.dtolabs.client.services,TestRundeckCentralDispatcher,main,3,1,1,51,0
rundeck,com.dtolabs.client.services,TestRundeckCentralDispatcher,testAddNodeSetParams,156,1,0,56,0
rundeck,com.dtolabs.client.services,JobDefinitionSerializerTest,JobDefinitionSerializerTest,3,1,1,48,0
rundeck,com.dtolabs.client.services,JobDefinitionSerializerTest,suite,3,1,0,52,0
rundeck,com.dtolabs.client.services,JobDefinitionSerializerTest,setUp,2,1,0,56,0
rundeck,com.dtolabs.client.services,JobDefinitionSerializerTest,tearDown,2,1,0,59,0
rundeck,com.dtolabs.client.services,JobDefinitionSerializerTest,main,3,1,1,62,0
rundeck,com.dtolabs.client.services,JobDefinitionSerializerTest,getOptions,3,1,0,66,0
rundeck,com.dtolabs.client.services,JobDefinitionSerializerTest,getNodeSet,3,1,0,70,0
rundeck,com.dtolabs.client.services,JobDefinitionSerializerTest,getFrameworkProject,3,1,0,74,0
rundeck,com.dtolabs.client.services,JobDefinitionSerializerTest,hasScript,3,1,0,78,0
rundeck,com.dtolabs.client.services,JobDefinitionSerializerTest,getScript,3,1,0,82,0
rundeck,com.dtolabs.client.services,JobDefinitionSerializerTest,getScriptAsStream,3,1,0,86,0
rundeck,com.dtolabs.client.services,JobDefinitionSerializerTest,getServerScriptFilePath,3,1,0,90,0
rundeck,com.dtolabs.client.services,JobDefinitionSerializerTest,getArgs,3,1,0,94,0
rundeck,com.dtolabs.client.services,JobDefinitionSerializerTest,getLoglevel,3,1,0,98,0
rundeck,com.dtolabs.client.services,JobDefinitionSerializerTest,getDataContext,3,1,0,102,0
rundeck,com.dtolabs.client.services,JobDefinitionSerializerTest,testSerializeScript,212,2,0,107,0
rundeck,com.dtolabs.client.services,JobDefinitionSerializerTest,getArgs,3,1,0,112,0
rundeck,com.dtolabs.client.services,JobDefinitionSerializerTest,getFrameworkProject,3,1,0,132,0
rundeck,com.dtolabs.client.services,JobDefinitionSerializerTest,getArgs,3,1,0,136,0
rundeck,com.dtolabs.client.services,JobDefinitionSerializerTest,getFrameworkProject,3,1,0,157,0
rundeck,com.dtolabs.client.services,JobDefinitionSerializerTest,getArgs,3,1,0,161,0
rundeck,com.dtolabs.client.services,JobDefinitionSerializerTest,getNodeSet,8,2,0,204,0
rundeck,com.dtolabs.client.services,JobDefinitionSerializerTest,getFrameworkProject,3,1,0,213,0
rundeck,com.dtolabs.client.services,JobDefinitionSerializerTest,getArgs,3,1,0,216,0
rundeck,com.dtolabs.client.services,JobDefinitionSerializerTest,getFrameworkProject,3,1,0,255,0
rundeck,com.dtolabs.client.services,JobDefinitionSerializerTest,getScript,3,1,0,259,0
rundeck,com.dtolabs.client.services,JobDefinitionSerializerTest,getArgs,3,1,0,266,0
rundeck,com.dtolabs.client.services,JobDefinitionSerializerTest,getFrameworkProject,3,1,0,293,0
rundeck,com.dtolabs.client.services,JobDefinitionSerializerTest,getScript,3,1,0,297,0
rundeck,com.dtolabs.client.services,JobDefinitionSerializerTest,getArgs,3,1,0,304,0
rundeck,com.dtolabs.client.services,JobDefinitionSerializerTest,getFrameworkProject,3,1,0,332,0
rundeck,com.dtolabs.client.services,JobDefinitionSerializerTest,getServerScriptFilePath,3,1,0,336,0
rundeck,com.dtolabs.client.services,JobDefinitionSerializerTest,getArgs,3,1,0,340,0
rundeck,com.dtolabs.client.services,JobDefinitionSerializerTest,getFrameworkProject,3,1,0,364,0
rundeck,com.dtolabs.client.services,JobDefinitionSerializerTest,getServerScriptFilePath,3,1,0,368,0
rundeck,com.dtolabs.client.services,JobDefinitionSerializerTest,getArgs,3,1,0,372,0
rundeck,com.dtolabs.client.services,JobDefinitionSerializerTest,p,6,1,1,398,0
rundeck,com.dtolabs.client.services,testScript,getOptions,3,1,0,66,0
rundeck,com.dtolabs.client.services,testScript,getNodeSet,3,1,0,70,0
rundeck,com.dtolabs.client.services,testScript,getFrameworkProject,3,1,0,74,0
rundeck,com.dtolabs.client.services,testScript,hasScript,3,1,0,78,0
rundeck,com.dtolabs.client.services,testScript,getScript,3,1,0,82,0
rundeck,com.dtolabs.client.services,testScript,getScriptAsStream,3,1,0,86,0
rundeck,com.dtolabs.client.services,testScript,getServerScriptFilePath,3,1,0,90,0
rundeck,com.dtolabs.client.services,testScript,getArgs,3,1,0,94,0
rundeck,com.dtolabs.client.services,testScript,getLoglevel,3,1,0,98,0
rundeck,com.dtolabs.client.services,testScript,getDataContext,3,1,0,102,0
rundeck,com.dtolabs.client.services,TestRundeckAPICentralDispatcher,TestRundeckAPICentralDispatcher,3,1,1,38,0
rundeck,com.dtolabs.client.services,TestRundeckAPICentralDispatcher,suite,3,1,0,42,0
rundeck,com.dtolabs.client.services,TestRundeckAPICentralDispatcher,setUp,2,1,0,46,0
rundeck,com.dtolabs.client.services,TestRundeckAPICentralDispatcher,tearDown,2,1,0,49,0
rundeck,com.dtolabs.client.services,TestRundeckAPICentralDispatcher,main,3,1,1,52,0
rundeck,com.dtolabs.client.services,TestRundeckAPICentralDispatcher,testAddNodeSetParams,142,1,0,57,0
rundeck,com.dtolabs.client.utils,WebserviceHttpClientFactory,getWebserviceHttpClient,3,1,5,51,0
rundeck,com.dtolabs.client.utils,WebserviceHttpClientFactory,getWebserviceHttpClient,3,1,7,63,0
rundeck,com.dtolabs.client.utils,WebserviceHttpClientFactory,getWebserviceHttpClient,3,1,9,78,0
rundeck,com.dtolabs.client.utils,WebserviceHttpClientFactory,getWebserviceHttpClient,3,1,6,98,0
rundeck,com.dtolabs.client.utils,WebserviceHttpClientFactory,getWebserviceHttpClient,3,1,7,112,0
rundeck,com.dtolabs.client.utils,WebserviceHttpClientFactory,getInstance,6,2,0,130,0
rundeck,com.dtolabs.client.utils,WebserviceHttpClientFactory,setInstance,3,1,1,142,0
rundeck,com.dtolabs.client.utils,WebserviceHttpClientFactory,getWebserviceHttpClient,0,1,5,151,0
rundeck,com.dtolabs.client.utils,WebserviceHttpClientFactory,getWebserviceHttpClient,0,1,7,170,0
rundeck,com.dtolabs.client.utils,WebserviceHttpClientFactory,getWebserviceHttpClient,0,1,9,191,0
rundeck,com.dtolabs.client.utils,WebserviceHttpClientFactory,getWebserviceHttpClient,0,1,7,217,0
rundeck,com.dtolabs.client.utils,WebserviceHttpClientFactory,getWebserviceHttpClient,0,1,6,239,0
rundeck,com.dtolabs.client.utils,Default,getWebserviceHttpClient,3,1,5,51,0
rundeck,com.dtolabs.client.utils,Default,getWebserviceHttpClient,3,1,7,63,0
rundeck,com.dtolabs.client.utils,Default,getWebserviceHttpClient,3,1,9,78,0
rundeck,com.dtolabs.client.utils,Default,getWebserviceHttpClient,3,1,6,98,0
rundeck,com.dtolabs.client.utils,Default,getWebserviceHttpClient,3,1,7,112,0
rundeck,com.dtolabs.client.utils,AuthorizationFailureException,AuthorizationFailureException,3,1,2,37,0
rundeck,com.dtolabs.client.utils,AuthorizationFailureException,AuthorizationFailureException,3,1,1,41,0
rundeck,com.dtolabs.client.utils,AuthorizationFailureException,AuthorizationFailureException,3,1,1,45,0
rundeck,com.dtolabs.client.utils,AuthorizationFailureException,AuthorizationFailureException,3,1,0,49,0
rundeck,com.dtolabs.client.utils,BaseHttpClient,setRequestHeader,0,1,2,40,0
rundeck,com.dtolabs.client.utils,BaseHttpClient,makeRequest,0,1,0,45,0
rundeck,com.dtolabs.client.utils,BaseHttpClient,getRequestMethod,0,1,0,52,0
rundeck,com.dtolabs.client.utils,BaseHttpClient,getContentLengthRetrieved,0,1,0,58,0
rundeck,com.dtolabs.client.utils,BaseHttpClient,setMethodType,0,1,1,64,0
rundeck,com.dtolabs.client.utils,WebserviceFormAuthenticator,WebserviceFormAuthenticator,3,1,2,45,0
rundeck,com.dtolabs.client.utils,WebserviceFormAuthenticator,WebserviceFormAuthenticator,3,1,3,55,0
rundeck,com.dtolabs.client.utils,WebserviceFormAuthenticator,getInitialPath,3,1,0,66,0
rundeck,com.dtolabs.client.utils,WebserviceFormAuthenticator,isValidLoginRedirect,8,2,1,70,0
rundeck,com.dtolabs.client.utils,WebserviceFormAuthenticator,isLoginError,8,2,1,79,0
rundeck,com.dtolabs.client.utils,WebserviceFormAuthenticator,isFollowLoginRedirect,3,1,0,89,0
rundeck,com.dtolabs.client.utils,WebserviceHttpClientChannel,WebserviceHttpClientChannel,3,1,3,69,0
rundeck,com.dtolabs.client.utils,WebserviceHttpClientChannel,WebserviceHttpClientChannel,5,1,5,87,0
rundeck,com.dtolabs.client.utils,WebserviceHttpClientChannel,WebserviceHttpClientChannel,4,1,4,109,0
rundeck,com.dtolabs.client.utils,WebserviceHttpClientChannel,WebserviceHttpClientChannel,3,1,5,130,0
rundeck,com.dtolabs.client.utils,WebserviceHttpClientChannel,WebserviceHttpClientChannel,5,1,7,151,0
rundeck,com.dtolabs.client.utils,WebserviceHttpClientChannel,getRequestEntity,15,2,1,177,0
rundeck,com.dtolabs.client.utils,WebserviceHttpClientChannel,getRequestBody,12,3,1,200,0
rundeck,com.dtolabs.client.utils,WebserviceHttpClientChannel,isPostMethod,3,1,0,213,0
rundeck,com.dtolabs.client.utils,WebserviceHttpClientChannel,getResponseMessage,3,1,0,217,0
rundeck,com.dtolabs.client.utils,WebserviceHttpClientChannel,isErrorResponse,3,1,0,224,0
rundeck,com.dtolabs.client.utils,WebserviceHttpClientChannel,hasResultDoc,6,2,0,231,0
rundeck,com.dtolabs.client.utils,WebserviceHttpClientChannel,getResultDoc,3,1,0,241,0
rundeck,com.dtolabs.client.utils,WebserviceHttpClientChannel,isValidResponse,3,1,0,248,0
rundeck,com.dtolabs.client.utils,WebserviceHttpClientChannel,postMakeRequest,20,3,0,256,0
rundeck,com.dtolabs.client.utils,WebserviceHttpClientChannel,setUploadFile,6,2,1,282,0
rundeck,com.dtolabs.client.utils,WebserviceHttpClientChannel,getFileparam,3,1,0,289,0
rundeck,com.dtolabs.client.utils,WebserviceHttpClientChannel,setFileparam,3,1,1,293,0
rundeck,com.dtolabs.client.utils,WebserviceHttpClientChannel,setResultDoc,3,1,1,297,0
rundeck,com.dtolabs.client.utils,WebserviceHttpClientChannel,getFormData,3,1,0,301,0
rundeck,com.dtolabs.client.utils,WebserviceHttpClientChannel,setFormData,3,1,1,305,0
rundeck,com.dtolabs.client.utils,BasicAuthenticator,BasicAuthenticator,4,1,2,49,0
rundeck,com.dtolabs.client.utils,BasicAuthenticator,authenticate,9,2,2,54,0
rundeck,com.dtolabs.client.utils,BasicAuthenticator,getUsername,3,1,0,64,0
rundeck,com.dtolabs.client.utils,BasicAuthenticator,needsReAuthentication,7,2,2,68,0
rundeck,com.dtolabs.client.utils,BasicAuthenticator,getPassword,3,1,0,76,0
rundeck,com.dtolabs.client.utils,HttpClientException,HttpClientException,3,1,0,33,0
rundeck,com.dtolabs.client.utils,HttpClientException,HttpClientException,3,1,1,37,0
rundeck,com.dtolabs.client.utils,HttpClientException,HttpClientException,3,1,1,41,0
rundeck,com.dtolabs.client.utils,HttpClientException,HttpClientException,3,1,2,45,0
rundeck,com.dtolabs.client.utils,PropertyMap,PropertyMap,9,2,1,32,0
rundeck,com.dtolabs.client.utils,PropertyMap,toMap,3,1,0,43,0
rundeck,com.dtolabs.client.utils,PropertyMap,get,3,1,1,50,0
rundeck,com.dtolabs.client.utils,WebserviceResponse,isErrorResponse,0,1,0,36,0
rundeck,com.dtolabs.client.utils,WebserviceResponse,hasResultDoc,0,1,0,43,0
rundeck,com.dtolabs.client.utils,WebserviceResponse,getResultDoc,0,1,0,50,0
rundeck,com.dtolabs.client.utils,WebserviceResponse,isValidResponse,0,1,0,57,0
rundeck,com.dtolabs.client.utils,WebserviceResponse,getResponseMessage,0,1,0,64,0
rundeck,com.dtolabs.client.utils,HttpAuthenticator,authenticate,0,1,2,40,0
rundeck,com.dtolabs.client.utils,HttpAuthenticator,getUsername,0,1,0,52,0
rundeck,com.dtolabs.client.utils,HttpAuthenticator,needsReAuthentication,0,1,2,58,0
rundeck,com.dtolabs.client.utils,BaseHttpClientChannel,BaseHttpClientChannel,4,1,3,49,0
rundeck,com.dtolabs.client.utils,BaseHttpClientChannel,BaseHttpClientChannel,4,1,4,64,0
rundeck,com.dtolabs.client.utils,BaseHttpClientChannel,BaseHttpClientChannel,4,1,5,79,0
rundeck,com.dtolabs.client.utils,BaseHttpClientChannel,postMakeRequest,2,1,0,95,0
rundeck,com.dtolabs.client.utils,BaseHttpClientChannel,getRequestEntity,3,1,1,101,0
rundeck,com.dtolabs.client.utils,BaseHttpClientChannel,getRequestBody,3,1,1,109,0
rundeck,com.dtolabs.client.utils,BaseHttpClientChannel,isPostMethod,3,1,0,114,0
rundeck,com.dtolabs.client.utils,BaseHttpClientChannel,doAuthentication,12,2,1,118,0
rundeck,com.dtolabs.client.utils,BaseHttpClientChannel,needsReAuthentication,3,1,2,136,0
rundeck,com.dtolabs.client.utils,HttpClientChannel,HttpClientChannel,3,1,2,58,0
rundeck,com.dtolabs.client.utils,HttpClientChannel,HttpClientChannel,4,1,3,68,0
rundeck,com.dtolabs.client.utils,HttpClientChannel,HttpClientChannel,4,1,4,79,0
rundeck,com.dtolabs.client.utils,HttpClientChannel,init,22,2,2,90,0
rundeck,com.dtolabs.client.utils,HttpClientChannel,setMethodType,6,2,1,126,0
rundeck,com.dtolabs.client.utils,HttpClientChannel,initMethod,25,7,0,132,0
rundeck,com.dtolabs.client.utils,HttpClientChannel,constructURLQuery,26,5,2,157,0
rundeck,com.dtolabs.client.utils,HttpClientChannel,setRequestHeader,3,1,2,188,0
rundeck,com.dtolabs.client.utils,HttpClientChannel,setHeaders,8,2,1,195,0
rundeck,com.dtolabs.client.utils,HttpClientChannel,getRequestEntity,0,1,1,208,0
rundeck,com.dtolabs.client.utils,HttpClientChannel,getRequestBody,0,1,1,214,0
rundeck,com.dtolabs.client.utils,HttpClientChannel,isPostMethod,0,1,0,220,0
rundeck,com.dtolabs.client.utils,HttpClientChannel,postMakeRequest,0,1,0,226,0
rundeck,com.dtolabs.client.utils,HttpClientChannel,preMakeRequest,3,1,1,232,0
rundeck,com.dtolabs.client.utils,HttpClientChannel,doAuthentication,3,1,1,240,0
rundeck,com.dtolabs.client.utils,HttpClientChannel,needsReAuthentication,3,1,2,248,0
rundeck,com.dtolabs.client.utils,HttpClientChannel,getHttpClient,3,1,0,258,0
rundeck,com.dtolabs.client.utils,HttpClientChannel,getRequestMethod,3,1,0,267,0
rundeck,com.dtolabs.client.utils,HttpClientChannel,getResponseHeader,3,1,1,270,0
rundeck,com.dtolabs.client.utils,HttpClientChannel,getResponseBody,4,2,0,281,0
rundeck,com.dtolabs.client.utils,HttpClientChannel,makeRequest,102,19,0,293,0
rundeck,com.dtolabs.client.utils,HttpClientChannel,checkFollowRedirect,18,3,2,410,0
rundeck,com.dtolabs.client.utils,HttpClientChannel,getResults,3,1,0,434,0
rundeck,com.dtolabs.client.utils,HttpClientChannel,getResultContentType,3,1,0,441,0
rundeck,com.dtolabs.client.utils,HttpClientChannel,getResultCode,3,1,0,448,0
rundeck,com.dtolabs.client.utils,HttpClientChannel,getRequestURL,3,1,0,456,0
rundeck,com.dtolabs.client.utils,HttpClientChannel,getContentLengthRetrieved,3,1,0,464,0
rundeck,com.dtolabs.client.utils,HttpClientChannel,getExpectedContentType,3,1,0,468,0
rundeck,com.dtolabs.client.utils,HttpClientChannel,getMethodType,3,1,0,472,0
rundeck,com.dtolabs.client.utils,HttpClientChannel,getReasonCode,3,1,0,476,0
rundeck,com.dtolabs.client.utils,BaseFormAuthenticator,BaseFormAuthenticator,5,1,3,92,0
rundeck,com.dtolabs.client.utils,BaseFormAuthenticator,getInitialPath,0,1,0,105,0
rundeck,com.dtolabs.client.utils,BaseFormAuthenticator,isValidLoginRedirect,0,1,1,112,0
rundeck,com.dtolabs.client.utils,BaseFormAuthenticator,isLoginError,0,1,1,121,0
rundeck,com.dtolabs.client.utils,BaseFormAuthenticator,isFollowLoginRedirect,0,1,0,130,0
rundeck,com.dtolabs.client.utils,BaseFormAuthenticator,authenticate,101,18,2,137,0
rundeck,com.dtolabs.client.utils,BaseFormAuthenticator,hasSessionCookie,18,4,3,288,0
rundeck,com.dtolabs.client.utils,BaseFormAuthenticator,needsReAuthentication,21,5,2,322,0
rundeck,com.dtolabs.client.utils,BaseFormAuthenticator,getUsername,3,1,0,355,0
rundeck,com.dtolabs.client.utils,BaseFormAuthenticator,getPassword,3,1,0,359,0
rundeck,com.dtolabs.client.utils,BaseFormAuthenticator,getBasePath,3,1,0,363,0
rundeck,com.dtolabs.client.utils,BaseFormAuthenticator,getCookieId,3,1,0,367,0
rundeck,com.dtolabs.client.utils,BaseFormAuthenticator,setCookieId,3,1,1,371,0
rundeck,com.dtolabs.client.utils,ServerResponse,getResults,0,1,0,35,0
rundeck,com.dtolabs.client.utils,ServerResponse,getResultContentType,0,1,0,41,0
rundeck,com.dtolabs.client.utils,ServerResponse,getResponseBody,0,1,0,47,0
rundeck,com.dtolabs.client.utils,ClientState,ClientState,2,1,0,40,0
rundeck,com.dtolabs.client.utils,ClientState,getHttpState,3,1,0,46,0
rundeck,com.dtolabs.client.utils,ClientState,resetHttpState,4,1,0,53,0
rundeck,com.dtolabs.client.utils,ClientState,getState,10,2,1,61,0
rundeck,com.dtolabs.client.utils,ClientState,setState,3,1,2,71,0
rundeck,com.dtolabs.client.utils,TestHttpClientChannel,setUp,3,1,0,36,0
rundeck,com.dtolabs.client.utils,TestHttpClientChannel,testconstructURLQuery,11,1,0,40,0
rundeck,com.dtolabs.utils,XmlEncoder,encode,10,1,1,34,0
rundeck,com.dtolabs.utils,XmlEncoder,decode,10,1,1,52,0
rundeck,com.dtolabs.utils,XmlEncoder,replace,12,2,3,69,0
rundeck,com.dtolabs.utils,PropertiesUtil,stringFromProperties,7,1,1,45,0
rundeck,com.dtolabs.utils,PropertiesUtil,propertiesFromString,6,1,1,64,0
rundeck,com.dtolabs.utils,PropertiesUtil,addProperty,0,1,2,91,0
rundeck,com.dtolabs.utils,PropertiesUtil,addProperties,0,1,1,98,0
rundeck,com.dtolabs.utils,PropertiesUtil,readProperties,0,1,0,113,0
rundeck,com.dtolabs.utils,PropertiesUtil,listPropertiesWithPrefix,10,3,2,120,0
rundeck,com.dtolabs.utils,PropertiesUtil,PrefixProducer,4,1,2,144,0
rundeck,com.dtolabs.utils,PropertiesUtil,readProperties,11,3,0,149,0
rundeck,com.dtolabs.utils,PropertiesUtil,PrefixAdder,4,1,2,171,0
rundeck,com.dtolabs.utils,PropertiesUtil,addProperty,3,1,2,176,0
rundeck,com.dtolabs.utils,PropertiesUtil,addProperties,7,2,1,180,0
rundeck,com.dtolabs.utils,PropertiesUtil,withPrefix,3,1,1,188,0
rundeck,com.dtolabs.utils,Adder,addProperty,0,1,2,91,0
rundeck,com.dtolabs.utils,Adder,addProperties,0,1,1,98,0
rundeck,com.dtolabs.utils,Producer,readProperties,0,1,0,113,0
rundeck,com.dtolabs.utils,PrefixProducer,PrefixProducer,4,1,2,144,0
rundeck,com.dtolabs.utils,PrefixProducer,readProperties,11,3,0,149,0
rundeck,com.dtolabs.utils,PrefixAdder,PrefixAdder,4,1,2,171,0
rundeck,com.dtolabs.utils,PrefixAdder,addProperty,3,1,2,176,0
rundeck,com.dtolabs.utils,PrefixAdder,addProperties,7,2,1,180,0
rundeck,com.dtolabs.utils,PrefixAdder,withPrefix,3,1,1,188,0
rundeck,com.dtolabs.utils,Mapper,comparator,3,1,1,62,0
rundeck,com.dtolabs.utils,Mapper,comparator,8,1,2,74,0
rundeck,com.dtolabs.utils,Mapper,compare,3,1,2,81,0
rundeck,com.dtolabs.utils,Mapper,concat,3,1,1,87,0
rundeck,com.dtolabs.utils,Mapper,ConcatMapper,3,1,1,97,0
rundeck,com.dtolabs.utils,Mapper,map,17,6,1,101,0
rundeck,com.dtolabs.utils,Mapper,concat,11,2,1,126,0
rundeck,com.dtolabs.utils,Mapper,concat,3,1,1,138,0
rundeck,com.dtolabs.utils,Mapper,concat,3,1,2,148,0
rundeck,com.dtolabs.utils,Mapper,zip,3,1,2,157,0
rundeck,com.dtolabs.utils,Mapper,zip,13,3,3,168,0
rundeck,com.dtolabs.utils,Mapper,zip,3,1,2,193,0
rundeck,com.dtolabs.utils,Mapper,zip,3,1,3,204,0
rundeck,com.dtolabs.utils,Mapper,zip,3,1,2,218,0
rundeck,com.dtolabs.utils,Mapper,zip,11,3,3,229,0
rundeck,com.dtolabs.utils,Mapper,map,3,1,2,251,0
rundeck,com.dtolabs.utils,Mapper,map,3,1,2,263,0
rundeck,com.dtolabs.utils,Mapper,apply,3,1,1,275,0
rundeck,com.dtolabs.utils,Mapper,map,3,1,3,279,0
rundeck,com.dtolabs.utils,Mapper,map,3,1,2,293,0
rundeck,com.dtolabs.utils,Mapper,apply,3,1,1,305,0
rundeck,com.dtolabs.utils,Mapper,map,3,1,3,309,0
rundeck,com.dtolabs.utils,Mapper,map,3,1,2,322,0
rundeck,com.dtolabs.utils,Mapper,apply,3,1,1,334,0
rundeck,com.dtolabs.utils,Mapper,map,10,3,3,338,0
rundeck,com.dtolabs.utils,Mapper,mapKeys,3,1,2,359,0
rundeck,com.dtolabs.utils,Mapper,applyToKeys,3,1,1,371,0
rundeck,com.dtolabs.utils,Mapper,mapKeys,11,3,3,374,0
rundeck,com.dtolabs.utils,Mapper,mapValues,3,1,2,395,0
rundeck,com.dtolabs.utils,Mapper,applyToValues,3,1,1,407,0
rundeck,com.dtolabs.utils,Mapper,mapValues,12,3,3,411,0
rundeck,com.dtolabs.utils,Mapper,mapEntries,3,1,2,433,0
rundeck,com.dtolabs.utils,Mapper,applyToEntries,3,1,1,445,0
rundeck,com.dtolabs.utils,Mapper,mapEntries,14,3,3,448,0
rundeck,com.dtolabs.utils,Mapper,makeMap,3,1,2,471,0
rundeck,com.dtolabs.utils,Mapper,makeMap,3,1,1,484,0
rundeck,com.dtolabs.utils,Mapper,makeMap,3,1,3,489,0
rundeck,com.dtolabs.utils,Mapper,makeMap,3,1,2,501,0
rundeck,com.dtolabs.utils,Mapper,makeMap,3,1,1,514,0
rundeck,com.dtolabs.utils,Mapper,makeMap,3,1,3,517,0
rundeck,com.dtolabs.utils,Mapper,makeMap,3,1,2,529,0
rundeck,com.dtolabs.utils,Mapper,makeMap,3,1,1,542,0
rundeck,com.dtolabs.utils,Mapper,makeMap,11,3,3,545,0
rundeck,com.dtolabs.utils,Mapper,makeMap,3,1,2,565,0
rundeck,com.dtolabs.utils,Mapper,makeMap,3,1,1,578,0
rundeck,com.dtolabs.utils,Mapper,makeMap,11,3,3,581,0
rundeck,com.dtolabs.utils,Mapper,map,3,1,2,601,0
rundeck,com.dtolabs.utils,Mapper,apply,3,1,1,613,0
rundeck,com.dtolabs.utils,Mapper,map,10,3,3,616,0
rundeck,com.dtolabs.utils,Mapper,beanMap,3,1,2,637,0
rundeck,com.dtolabs.utils,Mapper,beanMap,3,1,2,651,0
rundeck,com.dtolabs.utils,Mapper,beanMap,3,1,3,665,0
rundeck,com.dtolabs.utils,Mapper,beanMap,3,1,2,680,0
rundeck,com.dtolabs.utils,Mapper,beanMapper,13,1,1,694,0
rundeck,com.dtolabs.utils,Mapper,map,8,1,1,701,0
rundeck,com.dtolabs.utils,Mapper,beanMap,3,1,3,710,0
rundeck,com.dtolabs.utils,Mapper,filterMapper,8,1,1,725,0
rundeck,com.dtolabs.utils,Mapper,map,3,1,1,733,0
rundeck,com.dtolabs.utils,Mapper,uniqueMapper,13,2,0,739,0
rundeck,com.dtolabs.utils,Mapper,map,7,2,1,746,0
rundeck,com.dtolabs.utils,Mapper,mapMapper,8,1,1,756,0
rundeck,com.dtolabs.utils,Mapper,map,3,1,1,763,0
rundeck,com.dtolabs.utils,Mapper,map,3,1,1,774,0
rundeck,com.dtolabs.utils,Mapper,map,3,1,1,783,0
rundeck,com.dtolabs.utils,Mapper,map,0,1,1,788,0
rundeck,com.dtolabs.utils,ConcatMapper,ConcatMapper,3,1,1,97,0
rundeck,com.dtolabs.utils,ConcatMapper,map,17,6,1,101,0
rundeck,com.dtolabs.utils,ConcatMapper,concat,11,2,1,126,0
rundeck,com.dtolabs.utils,Streams,copyStream,11,3,2,38,0
rundeck,com.dtolabs.utils,Streams,StreamCopyThread,4,1,2,67,0
rundeck,com.dtolabs.utils,Streams,run,8,1,0,72,0
rundeck,com.dtolabs.utils,Streams,getException,3,1,0,81,0
rundeck,com.dtolabs.utils,Streams,copyStreamThread,3,1,2,86,0
rundeck,com.dtolabs.utils,Streams,copyStreamWithFilterSet,12,2,3,98,0
rundeck,com.dtolabs.utils,StreamCopyThread,StreamCopyThread,4,1,2,67,0
rundeck,com.dtolabs.utils,StreamCopyThread,run,8,1,0,72,0
rundeck,com.dtolabs.utils,StreamCopyThread,getException,3,1,0,81,0
rundeck,com.dtolabs.utils,XMLChar,isSupplemental,3,1,1,754,0
rundeck,com.dtolabs.utils,XMLChar,supplemental,3,1,2,763,0
rundeck,com.dtolabs.utils,XMLChar,highSurrogate,3,1,1,774,0
rundeck,com.dtolabs.utils,XMLChar,lowSurrogate,3,1,1,783,0
rundeck,com.dtolabs.utils,XMLChar,isHighSurrogate,3,1,1,792,0
rundeck,com.dtolabs.utils,XMLChar,isLowSurrogate,3,1,1,801,0
rundeck,com.dtolabs.utils,XMLChar,isValid,3,1,1,811,0
rundeck,com.dtolabs.utils,XMLChar,isInvalid,3,1,1,826,0
rundeck,com.dtolabs.utils,XMLChar,isContent,3,1,1,835,0
rundeck,com.dtolabs.utils,XMLChar,isMarkup,3,1,1,845,0
rundeck,com.dtolabs.utils,XMLChar,isSpace,3,1,1,855,0
rundeck,com.dtolabs.utils,XMLChar,isNameStart,3,1,1,865,0
rundeck,com.dtolabs.utils,XMLChar,isName,3,1,1,876,0
rundeck,com.dtolabs.utils,XMLChar,isNCNameStart,3,1,1,887,0
rundeck,com.dtolabs.utils,XMLChar,isNCName,3,1,1,898,0
rundeck,com.dtolabs.utils,XMLChar,isPubid,3,1,1,909,0
rundeck,com.dtolabs.utils,XMLChar,isValidName,17,5,1,923,0
rundeck,com.dtolabs.utils,XMLChar,isValidNCName,17,5,1,952,0
rundeck,com.dtolabs.utils,XMLChar,isValidNmtoken,13,4,1,980,0
rundeck,com.dtolabs.utils,XMLChar,isValidIANAEncoding,18,6,1,1007,0
rundeck,com.dtolabs.utils,XMLChar,isValidJavaEncoding,15,5,1,1036,0
rundeck,com.dtolabs.utils,XMLChar,trim,22,7,1,1064,0
rundeck,com.dtolabs.rundeck.core.tools,AbstractBaseTest,getHomeDir,3,1,0,61,0
rundeck,com.dtolabs.rundeck.core.tools,AbstractBaseTest,getBaseDir,3,1,0,67,0
rundeck,com.dtolabs.rundeck.core.tools,AbstractBaseTest,getFrameworkProjectsBase,3,1,0,73,0
rundeck,com.dtolabs.rundeck.core.tools,AbstractBaseTest,AbstractBaseTest,3,1,1,77,0
rundeck,com.dtolabs.rundeck.core.tools,AbstractBaseTest,getExistingFilePath,18,5,2,81,0
rundeck,com.dtolabs.rundeck.core.tools,AbstractBaseTest,getFrameworkInstance,6,2,0,102,0
rundeck,com.dtolabs.rundeck.core.tools,AbstractBaseTest,configureFramework,30,2,0,109,0
rundeck,com.dtolabs.rundeck.core.tools,AbstractBaseTest,setUp,3,1,0,148,0
rundeck,com.dtolabs.rundeck.core.utils.snakeyaml,ForceMultilineLiteralOptions,calculateScalarStyle,6,2,2,36,0
rundeck,com.dtolabs.rundeck.execution,IWorkflowCmdItem,getReturnProperty,0,1,0,34,0
rundeck,com.dtolabs.rundeck.execution,IWorkflowCmdItem,getIfString,0,1,0,35,0
rundeck,com.dtolabs.rundeck.execution,IWorkflowCmdItem,getUnlessString,0,1,0,36,0
rundeck,com.dtolabs.rundeck.execution,IWorkflowCmdItem,getEqualsString,0,1,0,37,0
rundeck,com.dtolabs.rundeck.execution,IWorkflowCmdItem,getProject,0,1,0,39,0
rundeck,com.dtolabs.rundeck.execution,IWorkflowCmdItem,getArgString,0,1,0,40,0
rundeck,com.dtolabs.rundeck.execution,IWorkflowCmdItem,getUser,0,1,0,41,0
rundeck,com.dtolabs.rundeck.execution,IWorkflowCmdItem,getNodeKeepgoing,0,1,0,42,0
rundeck,com.dtolabs.rundeck.execution,IWorkflowCmdItem,getNodeThreadcount,0,1,0,44,0
rundeck,com.dtolabs.rundeck.execution,IWorkflowCmdItem,getAdhocRemoteString,0,1,0,45,0
rundeck,com.dtolabs.rundeck.execution,IWorkflowCmdItem,getAdhocLocalString,0,1,0,46,0
rundeck,com.dtolabs.rundeck.execution,IWorkflowCmdItem,getAdhocFilepath,0,1,0,47,0
rundeck,com.dtolabs.rundeck.execution,IWorkflowCmdItem,getAdhocExecution,0,1,0,48,0
rundeck,com.dtolabs.rundeck.execution,JobExecutionItem,getJobIdentifier,0,1,0,43,0
rundeck,com.dtolabs.rundeck.execution,JobExecutionItem,getArgs,0,1,0,44,0
rundeck,com.dtolabs.rundeck.execution,ExecutionItemFactory,createScriptFileItem,11,1,2,38,0
rundeck,com.dtolabs.rundeck.execution,ExecutionItemFactory,getScript,3,1,0,40,0
rundeck,com.dtolabs.rundeck.execution,ExecutionItemFactory,getArgs,3,1,0,45,0
rundeck,com.dtolabs.rundeck.execution,ExecutionItemFactory,createScriptFileItem,12,1,2,51,0
rundeck,com.dtolabs.rundeck.execution,ExecutionItemFactory,getServerScriptFilePath,3,1,0,54,0
rundeck,com.dtolabs.rundeck.execution,ExecutionItemFactory,getArgs,3,1,0,59,0
rundeck,com.dtolabs.rundeck.execution,ExecutionItemFactory,createExecCommand,8,1,1,65,0
rundeck,com.dtolabs.rundeck.execution,ExecutionItemFactory,getCommand,3,1,0,68,0
rundeck,com.dtolabs.rundeck.execution,ExecutionItemFactory,createJobRef,11,1,2,73,0
rundeck,com.dtolabs.rundeck.execution,ExecutionItemFactory,getJobIdentifier,3,1,0,76,0
rundeck,com.dtolabs.rundeck.execution,ExecutionItemFactory,getArgs,3,1,0,80,0
rundeck,com.dtolabs.rundeck.execution,UnauthorizedStatusResult,UnauthorizedStatusResult,3,1,1,38,0
rundeck,com.dtolabs.rundeck.execution,UnauthorizedStatusResult,isSuccess,3,1,0,42,0
rundeck,com.dtolabs.rundeck.execution,UnauthorizedStatusResult,getReason,3,1,0,46,0
rundeck,com.dtolabs.rundeck.execution,UnauthorizedStatusResult,toString,3,1,0,50,0
rundeck,com.dtolabs.rundeck.execution,JobRefCommandBase,getJobIdentifier,3,1,0,36,0
rundeck,com.dtolabs.rundeck.execution,JobRefCommandBase,getArgs,3,1,0,40,0
rundeck,com.dtolabs.rundeck.execution,JobRefCommand,getType,3,1,0,34,0
rundeck,com.dtolabs.rundeck.execution,IWorkflowJobItem,getJobIdentifier,0,1,0,33,0
rundeck,com.dtolabs.rundeck.plugin.stub,StubNodeExecutor,executeCommand,40,4,3,53,0
rundeck,com.dtolabs.rundeck.plugin.stub,StubNodeExecutor,getResultCode,3,1,0,86,0
rundeck,com.dtolabs.rundeck.plugin.stub,StubNodeExecutor,isSuccess,3,1,0,90,0
rundeck,com.dtolabs.rundeck.plugin.stub,StubNodeExecutor,toString,3,1,0,94,0
rundeck,com.dtolabs.rundeck.plugin.stub,StubNodeExecutor,getName,3,1,0,101,0
rundeck,com.dtolabs.rundeck.plugin.stub,StubNodeExecutor,getTitle,3,1,0,105,0
rundeck,com.dtolabs.rundeck.plugin.stub,StubNodeExecutor,getDescription,3,1,0,109,0
rundeck,com.dtolabs.rundeck.plugin.stub,StubNodeExecutor,getDescription,3,1,0,113,0
rundeck,com.dtolabs.rundeck.plugin.stub,StubFileCopier,copyFileStream,5,1,3,50,0
rundeck,com.dtolabs.rundeck.plugin.stub,StubFileCopier,copyFile,5,1,3,59,0
rundeck,com.dtolabs.rundeck.plugin.stub,StubFileCopier,copyScriptContent,6,1,3,68,0
rundeck,com.dtolabs.rundeck.plugin.stub,StubFileCopier,getName,3,1,0,79,0
rundeck,com.dtolabs.rundeck.plugin.stub,StubFileCopier,getTitle,3,1,0,83,0
rundeck,com.dtolabs.rundeck.plugin.stub,StubFileCopier,getDescription,3,1,0,87,0
rundeck,com.dtolabs.rundeck.plugin.stub,StubFileCopier,getDescription,3,1,0,92,0
rundeck,com.dtolabs.rundeck.plugin.script,ScriptNodeExecutor,getName,3,1,0,102,0
rundeck,com.dtolabs.rundeck.plugin.script,ScriptNodeExecutor,getTitle,3,1,0,106,0
rundeck,com.dtolabs.rundeck.plugin.script,ScriptNodeExecutor,getDescription,3,1,0,110,0
rundeck,com.dtolabs.rundeck.plugin.script,ScriptNodeExecutor,getProperties,3,1,0,114,0
rundeck,com.dtolabs.rundeck.plugin.script,ScriptNodeExecutor,getPropertiesMapping,3,1,0,118,0
rundeck,com.dtolabs.rundeck.plugin.script,ScriptNodeExecutor,executeCommand,79,8,3,124,0
rundeck,com.dtolabs.rundeck.plugin.script,ScriptNodeExecutor,getResultCode,3,1,0,213,0
rundeck,com.dtolabs.rundeck.plugin.script,ScriptNodeExecutor,isSuccess,3,1,0,217,0
rundeck,com.dtolabs.rundeck.plugin.script,ScriptNodeExecutor,toString,3,1,0,221,0
rundeck,com.dtolabs.rundeck.plugin.script,ScriptNodeExecutor,getDescription,3,1,0,228,0
rundeck,com.dtolabs.rundeck.plugin.script,ScriptUtil,execShellProcess,10,1,7,44,0
rundeck,com.dtolabs.rundeck.plugin.script,ScriptUtil,execProcess,13,2,6,78,0
rundeck,com.dtolabs.rundeck.plugin.script,ScriptFileCopier,getName,3,1,0,111,0
rundeck,com.dtolabs.rundeck.plugin.script,ScriptFileCopier,getTitle,3,1,0,115,0
rundeck,com.dtolabs.rundeck.plugin.script,ScriptFileCopier,getDescription,3,1,0,119,0
rundeck,com.dtolabs.rundeck.plugin.script,ScriptFileCopier,getProperties,3,1,0,123,0
rundeck,com.dtolabs.rundeck.plugin.script,ScriptFileCopier,getPropertiesMapping,3,1,0,127,0
rundeck,com.dtolabs.rundeck.plugin.script,ScriptFileCopier,getDescription,3,1,0,133,0
rundeck,com.dtolabs.rundeck.plugin.script,ScriptFileCopier,copyFileStream,3,1,3,137,0
rundeck,com.dtolabs.rundeck.plugin.script,ScriptFileCopier,copyFile,3,1,3,146,0
rundeck,com.dtolabs.rundeck.plugin.script,ScriptFileCopier,copyScriptContent,3,1,3,154,0
rundeck,com.dtolabs.rundeck.plugin.script,ScriptFileCopier,copyFile,103,17,5,164,0
rundeck,com.dtolabs.rundeck,ZipUtil,extractZip,3,1,2,37,0
rundeck,com.dtolabs.rundeck,ZipUtil,extractZip,3,1,3,49,0
rundeck,com.dtolabs.rundeck,ZipUtil,extractZip,3,1,4,62,0
rundeck,com.dtolabs.rundeck,ZipUtil,extractZip,3,1,5,77,0
rundeck,com.dtolabs.rundeck,ZipUtil,extractZip,12,2,5,92,0
rundeck,com.dtolabs.rundeck,ZipUtil,accept,3,1,2,108,0
rundeck,com.dtolabs.rundeck,ZipUtil,extractZip,61,11,5,117,0
rundeck,com.dtolabs.rundeck,ZipUtil,rename,0,1,1,191,0
rundeck,com.dtolabs.rundeck,ZipUtil,prefixStripper,3,1,1,200,0
rundeck,com.dtolabs.rundeck,ZipUtil,rename,6,2,1,204,0
rundeck,com.dtolabs.rundeck,ZipUtil,copyStream,0,1,2,216,0
rundeck,com.dtolabs.rundeck,ZipUtil,copyStream,3,1,2,223,0
rundeck,com.dtolabs.rundeck,ZipUtil,copyStream,7,2,2,229,0
rundeck,com.dtolabs.rundeck,renamer,rename,0,1,1,191,0
rundeck,com.dtolabs.rundeck,prefixStripper,prefixStripper,3,1,1,200,0
rundeck,com.dtolabs.rundeck,prefixStripper,rename,6,2,1,204,0
rundeck,com.dtolabs.rundeck,streamCopier,copyStream,0,1,2,216,0
rundeck,com.dtolabs.rundeck,copyStreamCopier,copyStream,3,1,2,223,0
rundeck,com.dtolabs.rundeck,ExpandRunServer,main,3,1,1,112,0
rundeck,com.dtolabs.rundeck,ExpandRunServer,ExpandRunServer,52,6,0,116,0
rundeck,com.dtolabs.rundeck,ExpandRunServer,run,69,7,1,220,0
rundeck,com.dtolabs.rundeck,ExpandRunServer,printUsage,4,1,0,303,0
rundeck,com.dtolabs.rundeck,ExpandRunServer,extractLauncherContents,6,2,3,311,0
rundeck,com.dtolabs.rundeck,ExpandRunServer,setScriptFilesExecutable,10,4,1,319,0
rundeck,com.dtolabs.rundeck,ExpandRunServer,copyToolLibs,28,8,2,335,0
rundeck,com.dtolabs.rundeck,ExpandRunServer,extractBin,20,5,2,372,0
rundeck,com.dtolabs.rundeck,ExpandRunServer,accept,3,1,2,389,0
rundeck,com.dtolabs.rundeck,ExpandRunServer,expandTemplates,41,7,3,400,0
rundeck,com.dtolabs.rundeck,ExpandRunServer,rename,9,3,1,422,0
rundeck,com.dtolabs.rundeck,ExpandRunServer,accept,15,3,2,437,0
rundeck,com.dtolabs.rundeck,ExpandRunServer,propertyExpander,3,1,1,465,0
rundeck,com.dtolabs.rundeck,ExpandRunServer,copyStream,3,1,2,469,0
rundeck,com.dtolabs.rundeck,ExpandRunServer,expandTemplate,13,2,3,474,0
rundeck,com.dtolabs.rundeck,ExpandRunServer,loadDefaults,14,2,1,497,0
rundeck,com.dtolabs.rundeck,ExpandRunServer,createConfiguration,19,4,1,519,0
rundeck,com.dtolabs.rundeck,ExpandRunServer,forwardSlashPath,6,2,1,544,0
rundeck,com.dtolabs.rundeck,ExpandRunServer,getHostname,10,1,0,551,0
rundeck,com.dtolabs.rundeck,ExpandRunServer,extractLibs,3,1,1,561,0
rundeck,com.dtolabs.rundeck,ExpandRunServer,extractJettyLibs,7,2,1,573,0
rundeck,com.dtolabs.rundeck,ExpandRunServer,extractWar,3,1,1,590,0
rundeck,com.dtolabs.rundeck,ExpandRunServer,execute,34,3,5,595,0
rundeck,com.dtolabs.rundeck,ExpandRunServer,invokeMain,9,1,3,636,0
rundeck,com.dtolabs.rundeck,ExpandRunServer,loadResourceInternal,4,1,1,667,0
rundeck,com.dtolabs.rundeck,ExpandRunServer,initArgs,7,2,0,681,0
rundeck,com.dtolabs.rundeck,ExpandRunServer,getJarMainAttributes,12,1,0,697,0
rundeck,com.dtolabs.rundeck,ExpandRunServer,thisJarFile,10,1,0,714,0
rundeck,com.dtolabs.rundeck,ExpandRunServer,LOG,3,1,1,731,0
rundeck,com.dtolabs.rundeck,ExpandRunServer,ERR,3,1,1,739,0
rundeck,com.dtolabs.rundeck,ExpandRunServer,DEBUG,5,2,1,749,0
rundeck,com.dtolabs.rundeck,ExpandRunServer,expandProperties,16,3,2,762,0
rundeck,com.dtolabs.rundeck,propertyExpander,propertyExpander,3,1,1,465,0
rundeck,com.dtolabs.rundeck,propertyExpander,copyStream,3,1,2,469,0
rundeck,com.dtolabs.rundeck,ClassLoaderUtil,ClassLoaderUtil,6,1,1,43,0
rundeck,com.dtolabs.rundeck,ClassLoaderUtil,addJarFile,3,1,1,50,0
rundeck,com.dtolabs.rundeck,ClassLoaderUtil,addLibDir,3,1,1,54,0
rundeck,com.dtolabs.rundeck,ClassLoaderUtil,findMain,3,1,1,58,0
rundeck,com.dtolabs.rundeck,ClassLoaderUtil,getClassLoader,3,1,1,62,0
rundeck,com.dtolabs.rundeck,ClassLoaderUtil,getClassLoader,7,1,3,75,0
rundeck,com.dtolabs.rundeck,ClassLoaderUtil,addJars,5,2,2,97,0
rundeck,com.dtolabs.rundeck,ClassLoaderUtil,addDirJars,6,2,2,103,0
rundeck,com.dtolabs.rundeck,ClassLoaderUtil,listJarUrls,18,3,1,110,0
rundeck,com.dtolabs.rundeck,ClassLoaderUtil,accept,3,1,2,124,0
rundeck,com.dtolabs.rundeck,ClassLoaderUtil,DEBUG,5,2,1,139,0
rundeck,com.dtolabs.rundeck,RunServer,main,3,1,1,61,0
rundeck,com.dtolabs.rundeck,RunServer,RunServer,5,1,0,65,0
rundeck,com.dtolabs.rundeck,RunServer,run,27,3,1,71,0
rundeck,com.dtolabs.rundeck,RunServer,warnNoSSLConfig,3,1,0,106,0
rundeck,com.dtolabs.rundeck,RunServer,isSSLEnabled,16,4,0,110,0
rundeck,com.dtolabs.rundeck,RunServer,configureHTTPConnector,6,1,1,126,0
rundeck,com.dtolabs.rundeck,RunServer,configureSSLConnector,12,1,1,133,0
rundeck,com.dtolabs.rundeck,RunServer,configureRealms,8,2,1,147,0
rundeck,com.dtolabs.rundeck,RunServer,configureHashRealms,7,1,1,163,0
rundeck,com.dtolabs.rundeck,RunServer,configureJAASRealms,7,1,1,178,0
rundeck,com.dtolabs.rundeck,RunServer,createWebAppContext,8,2,1,191,0
rundeck,com.dtolabs.rundeck,RunServer,init,29,4,0,209,0
rundeck,com.dtolabs.rundeck,RunServer,parseArgs,14,4,1,242,0
rundeck,com.dtolabs.rundeck.jetty.jaas,JNDILoginModule,getUserInfo,6,1,1,55,0
rundeck,com.dtolabs.rundeck.jetty.jaas,JNDILoginModule,initialize,5,1,4,107,0
rundeck,com.dtolabs.rundeck.jetty.jaas,JNDILoginModule,initWithProps,11,1,1,125,0
rundeck,com.dtolabs.rundeck.jetty.jaas,JNDILoginModule,context,11,2,0,137,0
rundeck,com.dtolabs.rundeck.jetty.jaas,JNDILoginModule,authbindContext,22,1,2,152,0
rundeck,com.dtolabs.rundeck.jetty.jaas,JNDILoginModule,login,47,6,0,179,0
rundeck,com.dtolabs.rundeck.jetty.jaas,JNDILoginModule,loadProperties,33,6,1,232,0
rundeck,com.dtolabs.rundeck.jetty.jaas,JNDILoginModule,getUserRoles,16,3,1,273,0
rundeck,com.dtolabs.rundeck.jetty.jaas,JNDILoginModule,getUserCredentials,18,3,1,312,0
rundeck,com.dtolabs.rundeck.jetty.jaas,JNDILoginModule,getUsers,38,6,0,328,0
rundeck,com.dtolabs.rundeck.jetty.jaas,JNDILoginModule,search,7,1,3,385,0
rundeck,com.dtolabs.rundeck.jetty.jaas,PropertyFileLoginModule,initialize,4,1,4,48,0
rundeck,com.dtolabs.rundeck.jetty.jaas,PropertyFileLoginModule,loadProperties,54,12,1,66,0
rundeck,com.dtolabs.rundeck.jetty.jaas,PropertyFileLoginModule,getUserInfo,5,2,1,147,0
rundeck,com.dtolabs.rundeck.jetty.jaas,JettyCachingLdapLoginModule,getUserInfo,10,2,1,227,0
rundeck,com.dtolabs.rundeck.jetty.jaas,JettyCachingLdapLoginModule,doRFC2254Encoding,0,7,1,256,0
rundeck,com.dtolabs.rundeck.jetty.jaas,JettyCachingLdapLoginModule,getUserCredentials,33,3,1,284,0
rundeck,com.dtolabs.rundeck.jetty.jaas,JettyCachingLdapLoginModule,getUserRoles,4,1,2,340,0
rundeck,com.dtolabs.rundeck.jetty.jaas,JettyCachingLdapLoginModule,getUserRolesByDn,48,9,3,358,0
rundeck,com.dtolabs.rundeck.jetty.jaas,JettyCachingLdapLoginModule,login,48,9,0,420,0
rundeck,com.dtolabs.rundeck.jetty.jaas,JettyCachingLdapLoginModule,credentialLogin,4,1,1,492,0
rundeck,com.dtolabs.rundeck.jetty.jaas,JettyCachingLdapLoginModule,bindingLogin,41,6,2,504,0
rundeck,com.dtolabs.rundeck.jetty.jaas,JettyCachingLdapLoginModule,findUser,15,2,1,567,0
rundeck,com.dtolabs.rundeck.jetty.jaas,JettyCachingLdapLoginModule,initialize,46,5,4,591,0
rundeck,com.dtolabs.rundeck.jetty.jaas,JettyCachingLdapLoginModule,commit,9,1,0,651,0
rundeck,com.dtolabs.rundeck.jetty.jaas,JettyCachingLdapLoginModule,abort,9,1,0,661,0
rundeck,com.dtolabs.rundeck.jetty.jaas,JettyCachingLdapLoginModule,getOption,7,2,3,671,0
rundeck,com.dtolabs.rundeck.jetty.jaas,JettyCachingLdapLoginModule,getEnvironment,27,7,0,682,0
rundeck,com.dtolabs.rundeck.jetty.jaas,JettyCachingLdapLoginModule,convertCredentialLdapToJetty,12,4,1,722,0
rundeck,com.dtolabs.rundeck.jetty.jaas,JettyCachingLdapLoginModule,CachedUserInfo,4,1,2,744,0
rundeck,com.dtolabs.rundeck.jetty.jaas,CachedUserInfo,CachedUserInfo,4,1,2,744,0
rundeck,com.dtolabs.rundeck.jetty.jaas,UserInfo,UserInfo,6,2,3,40,0
rundeck,com.dtolabs.rundeck.jetty.jaas,UserInfo,getUserName,3,1,0,49,0
rundeck,com.dtolabs.rundeck.jetty.jaas,UserInfo,getRoleNames,3,1,0,54,0
rundeck,com.dtolabs.rundeck.jetty.jaas,UserInfo,checkCredential,3,1,1,59,0
rundeck,com.dtolabs.rundeck.jetty.jaas,UserInfo,getCredential,3,1,0,64,0
rundeck,com.dtolabs.rundeck.jetty.jaas,AbstractLoginModule,JAASUserInfo,3,1,1,68,0
rundeck,com.dtolabs.rundeck.jetty.jaas,AbstractLoginModule,getUserName,3,1,0,73,0
rundeck,com.dtolabs.rundeck.jetty.jaas,AbstractLoginModule,getPrincipal,3,1,0,78,0
rundeck,com.dtolabs.rundeck.jetty.jaas,AbstractLoginModule,setUserInfo,9,3,1,83,0
rundeck,com.dtolabs.rundeck.jetty.jaas,AbstractLoginModule,setJAASInfo,5,1,1,97,0
rundeck,com.dtolabs.rundeck.jetty.jaas,AbstractLoginModule,unsetJAASInfo,5,1,1,104,0
rundeck,com.dtolabs.rundeck.jetty.jaas,AbstractLoginModule,checkCredential,3,1,1,111,0
rundeck,com.dtolabs.rundeck.jetty.jaas,AbstractLoginModule,getSubject,3,1,0,119,0
rundeck,com.dtolabs.rundeck.jetty.jaas,AbstractLoginModule,setSubject,3,1,1,124,0
rundeck,com.dtolabs.rundeck.jetty.jaas,AbstractLoginModule,getCurrentUser,3,1,0,129,0
rundeck,com.dtolabs.rundeck.jetty.jaas,AbstractLoginModule,setCurrentUser,3,1,1,134,0
rundeck,com.dtolabs.rundeck.jetty.jaas,AbstractLoginModule,getCallbackHandler,3,1,0,139,0
rundeck,com.dtolabs.rundeck.jetty.jaas,AbstractLoginModule,setCallbackHandler,3,1,1,144,0
rundeck,com.dtolabs.rundeck.jetty.jaas,AbstractLoginModule,isAuthenticated,3,1,0,149,0
rundeck,com.dtolabs.rundeck.jetty.jaas,AbstractLoginModule,isCommitted,3,1,0,154,0
rundeck,com.dtolabs.rundeck.jetty.jaas,AbstractLoginModule,setAuthenticated,3,1,1,159,0
rundeck,com.dtolabs.rundeck.jetty.jaas,AbstractLoginModule,setCommitted,3,1,1,164,0
rundeck,com.dtolabs.rundeck.jetty.jaas,AbstractLoginModule,abort,4,1,0,168,0
rundeck,com.dtolabs.rundeck.jetty.jaas,AbstractLoginModule,commit,10,2,0,178,0
rundeck,com.dtolabs.rundeck.jetty.jaas,AbstractLoginModule,configureCallbacks,6,1,0,199,0
rundeck,com.dtolabs.rundeck.jetty.jaas,AbstractLoginModule,getUserInfo,0,1,1,210,0
rundeck,com.dtolabs.rundeck.jetty.jaas,AbstractLoginModule,login,36,4,0,214,0
rundeck,com.dtolabs.rundeck.jetty.jaas,AbstractLoginModule,logout,4,1,0,262,0
rundeck,com.dtolabs.rundeck.jetty.jaas,AbstractLoginModule,initialize,4,1,4,273,0
rundeck,com.dtolabs.rundeck.jetty.jaas,JAASUserInfo,JAASUserInfo,3,1,1,68,0
rundeck,com.dtolabs.rundeck.jetty.jaas,JAASUserInfo,getUserName,3,1,0,73,0
rundeck,com.dtolabs.rundeck.jetty.jaas,JAASUserInfo,getPrincipal,3,1,0,78,0
rundeck,com.dtolabs.rundeck.jetty.jaas,JAASUserInfo,setUserInfo,9,3,1,83,0
rundeck,com.dtolabs.rundeck.jetty.jaas,JAASUserInfo,setJAASInfo,5,1,1,97,0
rundeck,com.dtolabs.rundeck.jetty.jaas,JAASUserInfo,unsetJAASInfo,5,1,1,104,0
rundeck,com.dtolabs.rundeck.jetty.jaas,JAASUserInfo,checkCredential,3,1,1,111,0
rundeck,com.dtolabs.rundeck.plugin.resources.format.json,Nodes,Nodes,3,1,0,37,0
rundeck,com.dtolabs.rundeck.plugin.resources.format.json,Nodes,getNodes,3,1,0,41,0
rundeck,com.dtolabs.rundeck.plugin.resources.format.json,Nodes,setNodes,3,1,1,45,0
rundeck,com.dtolabs.rundeck.plugin.resources.format.json,Node,getTags,3,1,0,38,0
rundeck,com.dtolabs.rundeck.plugin.resources.format.json,Node,setTags,3,1,1,42,0
rundeck,com.dtolabs.rundeck.plugin.resources.format.json,Node,getAttributes,3,1,0,46,0
rundeck,com.dtolabs.rundeck.plugin.resources.format.json,Node,setAttributes,3,1,1,50,0
rundeck,com.dtolabs.rundeck.plugin.resources.format.json,JsonResourceFormatGenerator,getFileExtensions,3,1,0,56,0
rundeck,com.dtolabs.rundeck.plugin.resources.format.json,JsonResourceFormatGenerator,getMIMETypes,3,1,0,60,0
rundeck,com.dtolabs.rundeck.plugin.resources.format.json,JsonResourceFormatGenerator,generateDocument,16,1,2,64,0
rundeck,com.dtolabs.rundeck.plugin.resources.format.json,JsonResourceFormatGenerator,nodesFromNodeSet,19,4,1,81,0
rundeck,com.dtolabs.rundeck.plugin.resources.format.json,JsonResourceFormatParser,JsonResourceFormatParser,3,1,0,57,0
rundeck,com.dtolabs.rundeck.plugin.resources.format.json,JsonResourceFormatParser,getFileExtensions,3,1,0,61,0
rundeck,com.dtolabs.rundeck.plugin.resources.format.json,JsonResourceFormatParser,getMIMETypes,3,1,0,65,0
rundeck,com.dtolabs.rundeck.plugin.resources.format.json,JsonResourceFormatParser,parseDocument,14,1,1,69,0
rundeck,com.dtolabs.rundeck.plugin.resources.format.json,JsonResourceFormatParser,parseDocument,22,1,1,82,0
rundeck,com.dtolabs.rundeck.plugin.resources.format.json,JsonResourceFormatParser,nodeSetFromNodes,17,4,1,101,0
