Project Name,Package Name,Type Name,Method Name,Test Smell,Cause of the Smell
my2iu_Jinq,ch.epfl.labos.iu.orm.queryll2.symbolic,TypedValueTest,testEquals,Assertion roulette,The tool detected the smell in this test method because the test uses multiple assertion in the test. Total number of assertions in the test are: 13
my2iu_Jinq,ch.epfl.labos.iu.orm.queryll2.symbolic,TypedValueTest,testNotEquals,Assertion roulette,The tool detected the smell in this test method because the test uses multiple assertion in the test. Total number of assertions in the test are: 12
my2iu_Jinq,ch.epfl.labos.iu.orm.queryll2.symbolic,TypedValueTest,testNotInvert,Assertion roulette,The tool detected the smell in this test method because the test uses multiple assertion in the test. Total number of assertions in the test are: 3
my2iu_Jinq,org.jinq.hibernate,JinqJPAWhereTest,testWhere,Assertion roulette,The tool detected the smell in this test method because the test uses multiple assertion in the test. Total number of assertions in the test are: 3
my2iu_Jinq,org.jinq.hibernate,JinqJPAWhereTest,testWherePaths,Assertion roulette,The tool detected the smell in this test method because the test uses multiple assertion in the test. Total number of assertions in the test are: 3
my2iu_Jinq,org.jinq.hibernate,JinqJPAWhereTest,testWhereIntegerComparison,Assertion roulette,The tool detected the smell in this test method because the test uses multiple assertion in the test. Total number of assertions in the test are: 3
my2iu_Jinq,org.jinq.hibernate,JinqJPAWhereTest,testWhereNegation,Assertion roulette,The tool detected the smell in this test method because the test uses multiple assertion in the test. Total number of assertions in the test are: 2
my2iu_Jinq,org.jinq.hibernate,JinqJPAWhereTest,testWhereChained,Assertion roulette,The tool detected the smell in this test method because the test uses multiple assertion in the test. Total number of assertions in the test are: 3
my2iu_Jinq,org.jinq.hibernate,JinqJPAWhereTest,testWhereParameter,Assertion roulette,The tool detected the smell in this test method because the test uses multiple assertion in the test. Total number of assertions in the test are: 3
my2iu_Jinq,org.jinq.hibernate,JinqJPAWhereTest,testWhereParameterChainedString,Assertion roulette,The tool detected the smell in this test method because the test uses multiple assertion in the test. Total number of assertions in the test are: 3
my2iu_Jinq,org.jinq.hibernate,JinqJPAWhereTest,testWhereParameterChainedString,Eager test,The tool detected the smell in this test method because the test checks the results of more than one method from class under test. The called methods are: org.jinq.orm.stream.JinqStream.getDebugQueryString; org.jinq.orm.stream.JinqStream.toList
my2iu_Jinq,org.jinq.hibernate,JinqJPAWhereTest,testWhereParameters,Assertion roulette,The tool detected the smell in this test method because the test uses multiple assertion in the test. Total number of assertions in the test are: 3
my2iu_Jinq,org.jinq.hibernate,JinqJPAWhereTest,testWhereN1Link,Assertion roulette,The tool detected the smell in this test method because the test uses multiple assertion in the test. Total number of assertions in the test are: 3
my2iu_Jinq,org.jinq.hibernate,JinqJPAWhereTest,testWhereN1Links,Assertion roulette,The tool detected the smell in this test method because the test uses multiple assertion in the test. Total number of assertions in the test are: 3
my2iu_Jinq,org.jinq.hibernate,JinqJPAWhereTest,testWhereN1Links,Eager test,The tool detected the smell in this test method because the test checks the results of more than one method from class under test. The called methods are: org.jinq.orm.stream.JinqStream.getDebugQueryString; org.jinq.orm.stream.JinqStream.toList; org.jinq.tuples.Pair.getOne
my2iu_Jinq,org.jinq.hibernate,JinqJPAWhereTest,testWhereObjectEquals,Assertion roulette,The tool detected the smell in this test method because the test uses multiple assertion in the test. Total number of assertions in the test are: 3
my2iu_Jinq,org.jinq.hibernate,JinqJPAWhereTest,testEntityEquals,Assertion roulette,The tool detected the smell in this test method because the test uses multiple assertion in the test. Total number of assertions in the test are: 2
my2iu_Jinq,org.jinq.hibernate,JinqJPASelectTest,testSelect,Assertion roulette,The tool detected the smell in this test method because the test uses multiple assertion in the test. Total number of assertions in the test are: 3
my2iu_Jinq,org.jinq.hibernate,JinqJPASelectTest,testSelect,Eager test,The tool detected the smell in this test method because the test checks the results of more than one method from class under test. The called methods are: org.jinq.orm.stream.JinqStream.getDebugQueryString; org.jinq.orm.stream.JinqStream.toList
my2iu_Jinq,org.jinq.hibernate,JinqJPASelectTest,testSelectMath,Assertion roulette,The tool detected the smell in this test method because the test uses multiple assertion in the test. Total number of assertions in the test are: 3
my2iu_Jinq,org.jinq.hibernate,JinqJPASelectTest,testSelectMath,Eager test,The tool detected the smell in this test method because the test checks the results of more than one method from class under test. The called methods are: org.jinq.orm.stream.JinqStream.getDebugQueryString; org.jinq.orm.stream.JinqStream.toList
my2iu_Jinq,org.jinq.hibernate,JinqJPASelectTest,testSelectOperatorPrecedence,Assertion roulette,The tool detected the smell in this test method because the test uses multiple assertion in the test. Total number of assertions in the test are: 3
my2iu_Jinq,org.jinq.hibernate,JinqJPASelectTest,testSelectPair,Assertion roulette,The tool detected the smell in this test method because the test uses multiple assertion in the test. Total number of assertions in the test are: 3
my2iu_Jinq,org.jinq.hibernate,JinqJPASelectTest,testSelectPair,Eager test,The tool detected the smell in this test method because the test checks the results of more than one method from class under test. The called methods are: org.jinq.orm.stream.JinqStream.getDebugQueryString; org.jinq.orm.stream.JinqStream.toList; org.jinq.tuples.Pair.getOne
my2iu_Jinq,org.jinq.hibernate,JinqJPASelectTest,testSelectPairOfPair,Assertion roulette,The tool detected the smell in this test method because the test uses multiple assertion in the test. Total number of assertions in the test are: 4
my2iu_Jinq,org.jinq.hibernate,JinqJPASelectTest,testSelectPairOfPair,Eager test,The tool detected the smell in this test method because the test checks the results of more than one method from class under test. The called methods are: org.jinq.orm.stream.JinqStream.getDebugQueryString; org.jinq.orm.stream.JinqStream.toList; org.jinq.tuples.Pair.getOne; org.jinq.tuples.Pair.getTwo
my2iu_Jinq,org.jinq.hibernate,JinqJPASelectTest,testSelectChained,Assertion roulette,The tool detected the smell in this test method because the test uses multiple assertion in the test. Total number of assertions in the test are: 3
my2iu_Jinq,org.jinq.hibernate,JinqJPASelectTest,testSelectChained,Eager test,The tool detected the smell in this test method because the test checks the results of more than one method from class under test. The called methods are: org.jinq.orm.stream.JinqStream.getDebugQueryString; org.jinq.orm.stream.JinqStream.toList
my2iu_Jinq,org.jinq.hibernate,JinqJPASelectTest,testSelectChainedPair,Assertion roulette,The tool detected the smell in this test method because the test uses multiple assertion in the test. Total number of assertions in the test are: 3
my2iu_Jinq,org.jinq.hibernate,JinqJPASelectTest,testSelectChainedPair,Eager test,The tool detected the smell in this test method because the test checks the results of more than one method from class under test. The called methods are: org.jinq.orm.stream.JinqStream.getDebugQueryString; org.jinq.orm.stream.JinqStream.toList; org.jinq.tuples.Pair.getOne
my2iu_Jinq,org.jinq.hibernate,JinqJPASelectTest,testSelectN1Link,Assertion roulette,The tool detected the smell in this test method because the test uses multiple assertion in the test. Total number of assertions in the test are: 3
my2iu_Jinq,org.jinq.hibernate,JinqJPASelectTest,testSelectCase,Assertion roulette,The tool detected the smell in this test method because the test uses multiple assertion in the test. Total number of assertions in the test are: 4
my2iu_Jinq,org.jinq.hibernate,JinqJPASelectTest,testSelectDistinct,Assertion roulette,The tool detected the smell in this test method because the test uses multiple assertion in the test. Total number of assertions in the test are: 3
my2iu_Jinq,org.jinq.hibernate,JinqJPASelectTest,testSelectAll,Assertion roulette,The tool detected the smell in this test method because the test uses multiple assertion in the test. Total number of assertions in the test are: 3
my2iu_Jinq,org.jinq.hibernate,JinqJPASelectTest,testSelectAllList,Assertion roulette,The tool detected the smell in this test method because the test uses multiple assertion in the test. Total number of assertions in the test are: 3
my2iu_Jinq,org.jinq.hibernate,JinqJPASelectTest,testSelectAfterSort,Assertion roulette,The tool detected the smell in this test method because the test uses multiple assertion in the test. Total number of assertions in the test are: 5
my2iu_Jinq,org.jinq.hibernate,JinqJPASelectTest,testSelectHavingAfterSort,Assertion roulette,The tool detected the smell in this test method because the test uses multiple assertion in the test. Total number of assertions in the test are: 4
my2iu_Jinq,org.jinq.hibernate,JinqJPAAggregateTest,testCount,Assertion roulette,The tool detected the smell in this test method because the test uses multiple assertion in the test. Total number of assertions in the test are: 2
my2iu_Jinq,org.jinq.hibernate,JinqJPAAggregateTest,testCountWhere,Assertion roulette,The tool detected the smell in this test method because the test uses multiple assertion in the test. Total number of assertions in the test are: 2
my2iu_Jinq,org.jinq.hibernate,JinqJPAAggregateTest,testCountMultipleFields,Assertion roulette,The tool detected the smell in this test method because the test uses multiple assertion in the test. Total number of assertions in the test are: 2
my2iu_Jinq,org.jinq.hibernate,JinqJPAAggregateTest,testCountSorted,Assertion roulette,The tool detected the smell in this test method because the test uses multiple assertion in the test. Total number of assertions in the test are: 2
my2iu_Jinq,org.jinq.hibernate,JinqJPAAggregateTest,testMax,Assertion roulette,The tool detected the smell in this test method because the test uses multiple assertion in the test. Total number of assertions in the test are: 2
my2iu_Jinq,org.jinq.hibernate,JinqJPAAggregateTest,testMin,Assertion roulette,The tool detected the smell in this test method because the test uses multiple assertion in the test. Total number of assertions in the test are: 2
my2iu_Jinq,org.jinq.hibernate,JinqJPAAggregateTest,testAvg,Assertion roulette,The tool detected the smell in this test method because the test uses multiple assertion in the test. Total number of assertions in the test are: 2
my2iu_Jinq,org.jinq.hibernate,JinqJPAAggregateTest,testSumInteger,Assertion roulette,The tool detected the smell in this test method because the test uses multiple assertion in the test. Total number of assertions in the test are: 2
my2iu_Jinq,org.jinq.hibernate,JinqJPAAggregateTest,testSumExpression,Assertion roulette,The tool detected the smell in this test method because the test uses multiple assertion in the test. Total number of assertions in the test are: 2
my2iu_Jinq,org.jinq.hibernate,JinqJPAAggregateTest,testSumJoinCast,Assertion roulette,The tool detected the smell in this test method because the test uses multiple assertion in the test. Total number of assertions in the test are: 2
my2iu_Jinq,org.jinq.hibernate,JinqJPAAggregateTest,testMultiAggregate,Assertion roulette,The tool detected the smell in this test method because the test uses multiple assertion in the test. Total number of assertions in the test are: 4
my2iu_Jinq,org.jinq.hibernate,JinqJPAAggregateTest,testMultiAggregateNoAggregate,Assertion roulette,The tool detected the smell in this test method because the test uses multiple assertion in the test. Total number of assertions in the test are: 2
my2iu_Jinq,org.jinq.hibernate,JinqJPAAggregateTest,testMultiAggregateTuple5,Assertion roulette,The tool detected the smell in this test method because the test uses multiple assertion in the test. Total number of assertions in the test are: 2
my2iu_Jinq,org.jinq.hibernate,JinqJPAAggregateTest,testSelectDistinct,Assertion roulette,The tool detected the smell in this test method because the test uses multiple assertion in the test. Total number of assertions in the test are: 3
my2iu_Jinq,org.jinq.hibernate,JinqJPAAggregateTest,testGroup,Assertion roulette,The tool detected the smell in this test method because the test uses multiple assertion in the test. Total number of assertions in the test are: 5
my2iu_Jinq,org.jinq.hibernate,JinqJPAAggregateTest,testGroup,Eager test,The tool detected the smell in this test method because the test checks the results of more than one method from class under test. The called methods are: org.jinq.tuples.Tuple3.getOne; org.jinq.tuples.Tuple3.getTwo
my2iu_Jinq,org.jinq.hibernate,JinqJPAAggregateTest,testGroupLots,Assertion roulette,The tool detected the smell in this test method because the test uses multiple assertion in the test. Total number of assertions in the test are: 5
my2iu_Jinq,org.jinq.hibernate,JinqJPAAggregateTest,testGroupLots,Eager test,The tool detected the smell in this test method because the test checks the results of more than one method from class under test. The called methods are: org.jinq.tuples.Tuple8.getOne; org.jinq.tuples.Tuple8.getTwo
my2iu_Jinq,org.jinq.hibernate,JinqJPAAggregateTest,testGroupSortLimit,Assertion roulette,The tool detected the smell in this test method because the test uses multiple assertion in the test. Total number of assertions in the test are: 3
my2iu_Jinq,org.jinq.hibernate,JinqJPAAggregateTest,testGroupByMixKeyAggregate,Assertion roulette,The tool detected the smell in this test method because the test uses multiple assertion in the test. Total number of assertions in the test are: 2
my2iu_Jinq,org.jinq.hibernate,JinqJPAAggregateTest,testGroupByHaving,Assertion roulette,The tool detected the smell in this test method because the test uses multiple assertion in the test. Total number of assertions in the test are: 3
my2iu_Jinq,org.jinq.hibernate,JinqJPAAggregateTest,testSubQueryWithSource,Assertion roulette,The tool detected the smell in this test method because the test uses multiple assertion in the test. Total number of assertions in the test are: 2
my2iu_Jinq,org.jinq.hibernate,JinqJPAAggregateTest,testSubQueryWithNavigationalLink,Assertion roulette,The tool detected the smell in this test method because the test uses multiple assertion in the test. Total number of assertions in the test are: 4
my2iu_Jinq,org.jinq.hibernate,JinqJPAAggregateTest,testSubQueryWithSelectSourceAndWhere,Assertion roulette,The tool detected the smell in this test method because the test uses multiple assertion in the test. Total number of assertions in the test are: 7
my2iu_Jinq,org.jinq.hibernate,JinqJPAAggregateTest,testSubQueryWithSelectSourceAndWhere,Eager test,The tool detected the smell in this test method because the test checks the results of more than one method from class under test. The called methods are: org.jinq.tuples.Pair.getOne; org.jinq.tuples.Pair.getTwo
my2iu_Jinq,org.jinq.hibernate,JinqJPAAggregateTest,testSubQueryFrom,Missing assertion,The tool detected the smell in this test method because the test doesn't have any assertion.
my2iu_Jinq,org.jinq.hibernate,JinqJPAAggregateTest,testSubQueryFrom,Empty test,The tool detected the smell in this test method because the test is empty.
my2iu_Jinq,org.jinq.hibernate,JinqJPAAggregateTest,testSubQueryNoAggregation,Assertion roulette,The tool detected the smell in this test method because the test uses multiple assertion in the test. Total number of assertions in the test are: 3
my2iu_Jinq,org.jinq.hibernate,JinqJPAAggregateTest,testIsInSubQueryWithSelectSource,Assertion roulette,The tool detected the smell in this test method because the test uses multiple assertion in the test. Total number of assertions in the test are: 3
my2iu_Jinq,org.jinq.hibernate,JinqJPAAggregateTest,testIsIn,Assertion roulette,The tool detected the smell in this test method because the test uses multiple assertion in the test. Total number of assertions in the test are: 5
my2iu_Jinq,org.jinq.hibernate,JinqJPAAggregateTest,testIsInStream,Assertion roulette,The tool detected the smell in this test method because the test uses multiple assertion in the test. Total number of assertions in the test are: 4
my2iu_Jinq,org.jinq.hibernate,JinqJPATest,testStreamEntities,Assertion roulette,The tool detected the smell in this test method because the test uses multiple assertion in the test. Total number of assertions in the test are: 3
my2iu_Jinq,org.jinq.hibernate,JinqJPATest,testStreamPages,Assertion roulette,The tool detected the smell in this test method because the test uses multiple assertion in the test. Total number of assertions in the test are: 6
my2iu_Jinq,org.jinq.hibernate,JinqJPATest,testJoinNMLink,Assertion roulette,The tool detected the smell in this test method because the test uses multiple assertion in the test. Total number of assertions in the test are: 5
my2iu_Jinq,org.jinq.hibernate,JinqJPATest,testJoin11NMLink,Assertion roulette,The tool detected the smell in this test method because the test uses multiple assertion in the test. Total number of assertions in the test are: 4
my2iu_Jinq,org.jinq.hibernate,JinqJPATest,testJoinList,Assertion roulette,The tool detected the smell in this test method because the test uses multiple assertion in the test. Total number of assertions in the test are: 4
my2iu_Jinq,org.jinq.hibernate,JinqJPATest,testJoinFetchList,Assertion roulette,The tool detected the smell in this test method because the test uses multiple assertion in the test. Total number of assertions in the test are: 2
my2iu_Jinq,org.jinq.hibernate,JinqJPATest,testJoinEntity,Assertion roulette,The tool detected the smell in this test method because the test uses multiple assertion in the test. Total number of assertions in the test are: 6
my2iu_Jinq,org.jinq.hibernate,JinqJPATest,testOuterJoin,Assertion roulette,The tool detected the smell in this test method because the test uses multiple assertion in the test. Total number of assertions in the test are: 5
my2iu_Jinq,org.jinq.hibernate,JinqJPATest,testOuterJoinList,Assertion roulette,The tool detected the smell in this test method because the test uses multiple assertion in the test. Total number of assertions in the test are: 5
my2iu_Jinq,org.jinq.hibernate,JinqJPATest,testOuterJoinChain,Assertion roulette,The tool detected the smell in this test method because the test uses multiple assertion in the test. Total number of assertions in the test are: 2
my2iu_Jinq,org.jinq.hibernate,JinqJPATest,testOuterJoin11,Assertion roulette,The tool detected the smell in this test method because the test uses multiple assertion in the test. Total number of assertions in the test are: 2
my2iu_Jinq,org.jinq.hibernate,JinqJPATest,testOuterJoinOn,Assertion roulette,The tool detected the smell in this test method because the test uses multiple assertion in the test. Total number of assertions in the test are: 6
my2iu_Jinq,org.jinq.hibernate,JinqJPATest,testOuterJoinOnTrueAndNavigationalLinks,Assertion roulette,The tool detected the smell in this test method because the test uses multiple assertion in the test. Total number of assertions in the test are: 2
my2iu_Jinq,org.jinq.hibernate,JinqJPATest,testOuterJoinOnWithParametersAndIndirect,Assertion roulette,The tool detected the smell in this test method because the test uses multiple assertion in the test. Total number of assertions in the test are: 7
my2iu_Jinq,org.jinq.hibernate,JinqJPATest,testOuterJoinFetch,Assertion roulette,The tool detected the smell in this test method because the test uses multiple assertion in the test. Total number of assertions in the test are: 2
my2iu_Jinq,org.jinq.hibernate,JinqJPATest,testCrossJoin,Assertion roulette,The tool detected the smell in this test method because the test uses multiple assertion in the test. Total number of assertions in the test are: 2
my2iu_Jinq,org.jinq.hibernate,JinqJPATest,testSort,Assertion roulette,The tool detected the smell in this test method because the test uses multiple assertion in the test. Total number of assertions in the test are: 5
my2iu_Jinq,org.jinq.hibernate,JinqJPATest,testSortExpression,Assertion roulette,The tool detected the smell in this test method because the test uses multiple assertion in the test. Total number of assertions in the test are: 4
my2iu_Jinq,org.jinq.hibernate,JinqJPATest,testSortChained,Assertion roulette,The tool detected the smell in this test method because the test uses multiple assertion in the test. Total number of assertions in the test are: 5
my2iu_Jinq,org.jinq.hibernate,JinqJPATest,testLimitSkip,Assertion roulette,The tool detected the smell in this test method because the test uses multiple assertion in the test. Total number of assertions in the test are: 5
my2iu_Jinq,org.jinq.hibernate,JinqJPATest,testSkipLimit,Assertion roulette,The tool detected the smell in this test method because the test uses multiple assertion in the test. Total number of assertions in the test are: 5
my2iu_Jinq,org.jinq.hibernate,JinqJPATest,testCaching,Assertion roulette,The tool detected the smell in this test method because the test uses multiple assertion in the test. Total number of assertions in the test are: 2
my2iu_Jinq,org.jinq.hibernate,JinqJPATest,testCachingSort,Assertion roulette,The tool detected the smell in this test method because the test uses multiple assertion in the test. Total number of assertions in the test are: 8
my2iu_Jinq,org.jinq.hibernate,JinqJPATest,testJPQLLike,Assertion roulette,The tool detected the smell in this test method because the test uses multiple assertion in the test. Total number of assertions in the test are: 6
my2iu_Jinq,org.jinq.hibernate,JinqJPATest,testJPQLLike,Eager test,The tool detected the smell in this test method because the test checks the results of more than one method from class under test. The called methods are: org.jinq.jpa.JPQL.like; org.jinq.jpa.JPQL.like
my2iu_Jinq,org.jinq.hibernate,JinqJPATest,testJPQLStringFunctions,Assertion roulette,The tool detected the smell in this test method because the test uses multiple assertion in the test. Total number of assertions in the test are: 3
my2iu_Jinq,org.jinq.hibernate,JinqJPATest,testJPQLStringConcat,Assertion roulette,The tool detected the smell in this test method because the test uses multiple assertion in the test. Total number of assertions in the test are: 3
my2iu_Jinq,org.jinq.hibernate,JinqJPATest,testJPQLStringContains,Assertion roulette,The tool detected the smell in this test method because the test uses multiple assertion in the test. Total number of assertions in the test are: 5
my2iu_Jinq,org.jinq.hibernate,JinqJPATest,testJPQLStringContainsCharSequence1,Assertion roulette,The tool detected the smell in this test method because the test uses multiple assertion in the test. Total number of assertions in the test are: 3
my2iu_Jinq,org.jinq.hibernate,JinqJPATest,testJPQLStringStartsWith,Assertion roulette,The tool detected the smell in this test method because the test uses multiple assertion in the test. Total number of assertions in the test are: 5
my2iu_Jinq,org.jinq.hibernate,JinqJPATest,testJPQLNumberFunctions,Assertion roulette,The tool detected the smell in this test method because the test uses multiple assertion in the test. Total number of assertions in the test are: 2
my2iu_Jinq,org.jinq.hibernate,JinqJPATest,testOrUnion,Assertion roulette,The tool detected the smell in this test method because the test uses multiple assertion in the test. Total number of assertions in the test are: 2
my2iu_Jinq,org.jinq.hibernate,JinqJPATest,testOrUnionParameters,Assertion roulette,The tool detected the smell in this test method because the test uses multiple assertion in the test. Total number of assertions in the test are: 2
my2iu_Jinq,org.jinq.hibernate,JinqJPATest,testAndIntersect,Assertion roulette,The tool detected the smell in this test method because the test uses multiple assertion in the test. Total number of assertions in the test are: 4
my2iu_Jinq,org.jinq.hibernate,JinqJPATest,testAndNotExcept,Assertion roulette,The tool detected the smell in this test method because the test uses multiple assertion in the test. Total number of assertions in the test are: 12
my2iu_Jinq,org.jinq.hibernate,JinqJPATypesTest,testString,Assertion roulette,The tool detected the smell in this test method because the test uses multiple assertion in the test. Total number of assertions in the test are: 4
my2iu_Jinq,org.jinq.hibernate,JinqJPATypesTest,testStringEscape,Assertion roulette,The tool detected the smell in this test method because the test uses multiple assertion in the test. Total number of assertions in the test are: 3
my2iu_Jinq,org.jinq.hibernate,JinqJPATypesTest,testStringEscape,Eager test,The tool detected the smell in this test method because the test checks the results of more than one method from class under test. The called methods are: org.jinq.orm.stream.JinqStream.getDebugQueryString; org.jinq.orm.stream.JinqStream.toList
my2iu_Jinq,org.jinq.hibernate,JinqJPATypesTest,testInteger,Assertion roulette,The tool detected the smell in this test method because the test uses multiple assertion in the test. Total number of assertions in the test are: 5
my2iu_Jinq,org.jinq.hibernate,JinqJPATypesTest,testLong,Assertion roulette,The tool detected the smell in this test method because the test uses multiple assertion in the test. Total number of assertions in the test are: 5
my2iu_Jinq,org.jinq.hibernate,JinqJPATypesTest,testFloat,Assertion roulette,The tool detected the smell in this test method because the test uses multiple assertion in the test. Total number of assertions in the test are: 2
my2iu_Jinq,org.jinq.hibernate,JinqJPATypesTest,testDouble,Assertion roulette,The tool detected the smell in this test method because the test uses multiple assertion in the test. Total number of assertions in the test are: 5
my2iu_Jinq,org.jinq.hibernate,JinqJPATypesTest,testDate,Assertion roulette,The tool detected the smell in this test method because the test uses multiple assertion in the test. Total number of assertions in the test are: 4
my2iu_Jinq,org.jinq.hibernate,JinqJPATypesTest,testDateEquals,Assertion roulette,The tool detected the smell in this test method because the test uses multiple assertion in the test. Total number of assertions in the test are: 3
my2iu_Jinq,org.jinq.hibernate,JinqJPATypesTest,testCalendar,Assertion roulette,The tool detected the smell in this test method because the test uses multiple assertion in the test. Total number of assertions in the test are: 4
my2iu_Jinq,org.jinq.hibernate,JinqJPATypesTest,testSqlDate,Assertion roulette,The tool detected the smell in this test method because the test uses multiple assertion in the test. Total number of assertions in the test are: 4
my2iu_Jinq,org.jinq.hibernate,JinqJPATypesTest,testSqlTime,Assertion roulette,The tool detected the smell in this test method because the test uses multiple assertion in the test. Total number of assertions in the test are: 4
my2iu_Jinq,org.jinq.hibernate,JinqJPATypesTest,testSqlTimestamp,Assertion roulette,The tool detected the smell in this test method because the test uses multiple assertion in the test. Total number of assertions in the test are: 4
my2iu_Jinq,org.jinq.hibernate,JinqJPATypesTest,testLocalDate,Assertion roulette,The tool detected the smell in this test method because the test uses multiple assertion in the test. Total number of assertions in the test are: 4
my2iu_Jinq,org.jinq.hibernate,JinqJPATypesTest,testLocalTime,Assertion roulette,The tool detected the smell in this test method because the test uses multiple assertion in the test. Total number of assertions in the test are: 4
my2iu_Jinq,org.jinq.hibernate,JinqJPATypesTest,testOffsetTime,Assertion roulette,The tool detected the smell in this test method because the test uses multiple assertion in the test. Total number of assertions in the test are: 4
my2iu_Jinq,org.jinq.hibernate,JinqJPATypesTest,testLocalDateTime,Assertion roulette,The tool detected the smell in this test method because the test uses multiple assertion in the test. Total number of assertions in the test are: 4
my2iu_Jinq,org.jinq.hibernate,JinqJPATypesTest,testOffsetDateTime,Assertion roulette,The tool detected the smell in this test method because the test uses multiple assertion in the test. Total number of assertions in the test are: 4
my2iu_Jinq,org.jinq.hibernate,JinqJPATypesTest,testZonedDateTime,Assertion roulette,The tool detected the smell in this test method because the test uses multiple assertion in the test. Total number of assertions in the test are: 4
my2iu_Jinq,org.jinq.hibernate,JinqJPATypesTest,testInstant,Assertion roulette,The tool detected the smell in this test method because the test uses multiple assertion in the test. Total number of assertions in the test are: 4
my2iu_Jinq,org.jinq.hibernate,JinqJPATypesTest,testDuration,Assertion roulette,The tool detected the smell in this test method because the test uses multiple assertion in the test. Total number of assertions in the test are: 2
my2iu_Jinq,org.jinq.hibernate,JinqJPATypesTest,testFalse,Assertion roulette,The tool detected the smell in this test method because the test uses multiple assertion in the test. Total number of assertions in the test are: 2
my2iu_Jinq,org.jinq.hibernate,JinqJPATypesTest,testBooleanJavaBeanNaming,Assertion roulette,The tool detected the smell in this test method because the test uses multiple assertion in the test. Total number of assertions in the test are: 9
my2iu_Jinq,org.jinq.hibernate,JinqJPATypesTest,testEnum,Assertion roulette,The tool detected the smell in this test method because the test uses multiple assertion in the test. Total number of assertions in the test are: 5
my2iu_Jinq,org.jinq.hibernate,JinqJPATypesTest,testConverter,Assertion roulette,The tool detected the smell in this test method because the test uses multiple assertion in the test. Total number of assertions in the test are: 4
my2iu_Jinq,org.jinq.hibernate,JinqJPATypesTest,testBigDecimalNegate,Assertion roulette,The tool detected the smell in this test method because the test uses multiple assertion in the test. Total number of assertions in the test are: 4
my2iu_Jinq,org.jinq.hibernate,JinqJPATypesTest,testBigInteger,Assertion roulette,The tool detected the smell in this test method because the test uses multiple assertion in the test. Total number of assertions in the test are: 4
my2iu_Jinq,org.jinq.hibernate,JinqJPATypesTest,testBlob,Assertion roulette,The tool detected the smell in this test method because the test uses multiple assertion in the test. Total number of assertions in the test are: 3
my2iu_Jinq,org.jinq.hibernate,JinqJPATypesTest,testUuid,Assertion roulette,The tool detected the smell in this test method because the test uses multiple assertion in the test. Total number of assertions in the test are: 4
my2iu_Jinq,org.jinq.hibernate,JinqJPATypesTest,testUuid,Eager test,The tool detected the smell in this test method because the test checks the results of more than one method from class under test. The called methods are: org.jinq.tuples.Pair.getTwo; org.jinq.tuples.Pair.getOne
my2iu_Jinq,org.jinq.hibernate,JinqJPATypesTest,testEntity,Assertion roulette,The tool detected the smell in this test method because the test uses multiple assertion in the test. Total number of assertions in the test are: 2
my2iu_Jinq,org.jinq.hibernate,JinqJPATypesTest,testDivide,Assertion roulette,The tool detected the smell in this test method because the test uses multiple assertion in the test. Total number of assertions in the test are: 4
my2iu_Jinq,org.jinq.hibernate,JinqJPATypesTest,testJPQLWeirdness2,Assertion roulette,The tool detected the smell in this test method because the test uses multiple assertion in the test. Total number of assertions in the test are: 2
my2iu_Jinq,org.jinq.hibernate,JinqJPATypesTest,testNumericPromotionMath,Assertion roulette,The tool detected the smell in this test method because the test uses multiple assertion in the test. Total number of assertions in the test are: 3
my2iu_Jinq,org.jinq.hibernate,JinqJPATypesTest,testNumericPromotionBigInteger,Assertion roulette,The tool detected the smell in this test method because the test uses multiple assertion in the test. Total number of assertions in the test are: 3
my2iu_Jinq,org.jinq.hibernate,JinqJPATypesTest,testNumericPromotionComparison,Assertion roulette,The tool detected the smell in this test method because the test uses multiple assertion in the test. Total number of assertions in the test are: 3
my2iu_Jinq,org.jinq.hibernate,JinqJPATypesTest,testCollection,Assertion roulette,The tool detected the smell in this test method because the test uses multiple assertion in the test. Total number of assertions in the test are: 3
my2iu_Jinq,org.jinq.hibernate,JinqJPATypesTest,testCollectionContains,Assertion roulette,The tool detected the smell in this test method because the test uses multiple assertion in the test. Total number of assertions in the test are: 3
my2iu_Jinq,org.jinq.hibernate,JinqJPATypesTest,testCollectionSubQuery,Assertion roulette,The tool detected the smell in this test method because the test uses multiple assertion in the test. Total number of assertions in the test are: 2
my2iu_Jinq,org.jinq.hibernate,JinqJPATypesTest,testInheritedDate,Assertion roulette,The tool detected the smell in this test method because the test uses multiple assertion in the test. Total number of assertions in the test are: 2
my2iu_Jinq,org.jinq.hibernate,JinqJPATypesTest,testEmbedded,Assertion roulette,The tool detected the smell in this test method because the test uses multiple assertion in the test. Total number of assertions in the test are: 6
my2iu_Jinq,org.jinq.hibernate,JinqJPATypesTest,testCustomTuple,Assertion roulette,The tool detected the smell in this test method because the test uses multiple assertion in the test. Total number of assertions in the test are: 8
my2iu_Jinq,org.jinq.hibernate,JinqJPATypesTest,testCustomTupleReadIndex,Assertion roulette,The tool detected the smell in this test method because the test uses multiple assertion in the test. Total number of assertions in the test are: 8
my2iu_Jinq,org.jinq.hibernate,JinqJPATypesTest,testCustomTupleConstructor,Assertion roulette,The tool detected the smell in this test method because the test uses multiple assertion in the test. Total number of assertions in the test are: 8
my2iu_Jinq,org.jinq.hibernate,JinqJPATypesTest,testCustomFunction,Assertion roulette,The tool detected the smell in this test method because the test uses multiple assertion in the test. Total number of assertions in the test are: 3
my2iu_Jinq,org.jinq.jooq,JinqJooqFromTest,testFromWhere,Assertion roulette,The tool detected the smell in this test method because the test uses multiple assertion in the test. Total number of assertions in the test are: 3
my2iu_Jinq,org.jinq.jooq,JinqJooqFromTest,testFromSelect,Assertion roulette,The tool detected the smell in this test method because the test uses multiple assertion in the test. Total number of assertions in the test are: 2
my2iu_Jinq,org.jinq.jooq,JinqJooqTest,testBasicFrom,Assertion roulette,The tool detected the smell in this test method because the test uses multiple assertion in the test. Total number of assertions in the test are: 3
my2iu_Jinq,org.jinq.jooq,JinqJooqTest,testWhereBasic,Assertion roulette,The tool detected the smell in this test method because the test uses multiple assertion in the test. Total number of assertions in the test are: 2
my2iu_Jinq,org.jinq.jooq,JinqJooqTest,testWhereBasic2,Assertion roulette,The tool detected the smell in this test method because the test uses multiple assertion in the test. Total number of assertions in the test are: 2
my2iu_Jinq,org.jinq.jooq,JinqJooqTest,testWhereBasic3,Assertion roulette,The tool detected the smell in this test method because the test uses multiple assertion in the test. Total number of assertions in the test are: 2
my2iu_Jinq,org.jinq.jooq,JinqJooqTest,testWhereParameter,Assertion roulette,The tool detected the smell in this test method because the test uses multiple assertion in the test. Total number of assertions in the test are: 2
my2iu_Jinq,org.jinq.jooq,JinqJooqTest,testSelect,Assertion roulette,The tool detected the smell in this test method because the test uses multiple assertion in the test. Total number of assertions in the test are: 2
my2iu_Jinq,org.jinq.jooq,JinqJooqTest,testSelectMath,Assertion roulette,The tool detected the smell in this test method because the test uses multiple assertion in the test. Total number of assertions in the test are: 2
my2iu_Jinq,org.jinq.jooq,JinqJooqTest,testSelectTuple,Assertion roulette,The tool detected the smell in this test method because the test uses multiple assertion in the test. Total number of assertions in the test are: 3
my2iu_Jinq,org.jinq.jooq,JinqJooqTest,testSelectTuple,Eager test,The tool detected the smell in this test method because the test checks the results of more than one method from class under test. The called methods are: org.jinq.tuples.Pair.getOne; org.jinq.tuples.Pair.getTwo
my2iu_Jinq,org.jinq.jooq,JinqJooqTest,testSelectTable,Assertion roulette,The tool detected the smell in this test method because the test uses multiple assertion in the test. Total number of assertions in the test are: 2
my2iu_Jinq,org.jinq.jooq,JinqJooqTest,testJooq,Missing assertion,The tool detected the smell in this test method because the test doesn't have any assertion.
my2iu_Jinq,org.jinq.test.query,NonQueryJinqStreamTest,testGroup,Assertion roulette,The tool detected the smell in this test method because the test uses multiple assertion in the test. Total number of assertions in the test are: 3
my2iu_Jinq,org.jinq.test.query,NonQueryJinqStreamTest,testGroup,Eager test,The tool detected the smell in this test method because the test checks the results of more than one method from class under test. The called methods are: org.jinq.orm.stream.JinqStream.toList; org.jinq.tuples.Pair.getOne; org.jinq.tuples.Pair.getTwo
my2iu_Jinq,org.jinq.test.query,NonQueryJinqStreamTest,testAggregate,Assertion roulette,The tool detected the smell in this test method because the test uses multiple assertion in the test. Total number of assertions in the test are: 3
my2iu_Jinq,org.jinq.test.query,NonQueryJinqStreamTest,testAggregate,Eager test,The tool detected the smell in this test method because the test checks the results of more than one method from class under test. The called methods are: org.jinq.tuples.Tuple3.getOne; org.jinq.tuples.Tuple3.getTwo; org.jinq.tuples.Tuple3.getThree
my2iu_Jinq,org.jinq.test.query,NonQueryJinqStreamTest,testSum,Assertion roulette,The tool detected the smell in this test method because the test uses multiple assertion in the test. Total number of assertions in the test are: 2
my2iu_Jinq,org.jinq.test.query,NonQueryJinqStreamTest,testFindOne,Assertion roulette,The tool detected the smell in this test method because the test uses multiple assertion in the test. Total number of assertions in the test are: 2
my2iu_Jinq,org.jinq.jpa,JinqJPAWhereTest,testWhere,Assertion roulette,The tool detected the smell in this test method because the test uses multiple assertion in the test. Total number of assertions in the test are: 3
my2iu_Jinq,org.jinq.jpa,JinqJPAWhereTest,testWhere,Eager test,The tool detected the smell in this test method because the test checks the results of more than one method from class under test. The called methods are: org.jinq.orm.stream.JinqStream.getDebugQueryString; org.jinq.orm.stream.JinqStream.toList; org.jinq.jpa.test.entities.Customer.getName
my2iu_Jinq,org.jinq.jpa,JinqJPAWhereTest,testWherePaths,Assertion roulette,The tool detected the smell in this test method because the test uses multiple assertion in the test. Total number of assertions in the test are: 3
my2iu_Jinq,org.jinq.jpa,JinqJPAWhereTest,testWherePaths,Eager test,The tool detected the smell in this test method because the test checks the results of more than one method from class under test. The called methods are: org.jinq.orm.stream.JinqStream.getDebugQueryString; org.jinq.orm.stream.JinqStream.toList; org.jinq.jpa.test.entities.Customer.getName
my2iu_Jinq,org.jinq.jpa,JinqJPAWhereTest,testWhereOrNull,Assertion roulette,The tool detected the smell in this test method because the test uses multiple assertion in the test. Total number of assertions in the test are: 3
my2iu_Jinq,org.jinq.jpa,JinqJPAWhereTest,testWhereOrNull,Eager test,The tool detected the smell in this test method because the test checks the results of more than one method from class under test. The called methods are: org.jinq.orm.stream.JinqStream.getDebugQueryString; org.jinq.orm.stream.JinqStream.toList; org.jinq.jpa.test.entities.Customer.getName
my2iu_Jinq,org.jinq.jpa,JinqJPAWhereTest,testWhereOrChain,Assertion roulette,The tool detected the smell in this test method because the test uses multiple assertion in the test. Total number of assertions in the test are: 4
my2iu_Jinq,org.jinq.jpa,JinqJPAWhereTest,testWhereOrChainWithAnd,Assertion roulette,The tool detected the smell in this test method because the test uses multiple assertion in the test. Total number of assertions in the test are: 5
my2iu_Jinq,org.jinq.jpa,JinqJPAWhereTest,testWhereOrChainPrecededByAnd,Assertion roulette,The tool detected the smell in this test method because the test uses multiple assertion in the test. Total number of assertions in the test are: 4
my2iu_Jinq,org.jinq.jpa,JinqJPAWhereTest,testWhereAndOr,Assertion roulette,The tool detected the smell in this test method because the test uses multiple assertion in the test. Total number of assertions in the test are: 3
my2iu_Jinq,org.jinq.jpa,JinqJPAWhereTest,testWhereAndOr,Eager test,The tool detected the smell in this test method because the test checks the results of more than one method from class under test. The called methods are: org.jinq.orm.stream.JinqStream.getDebugQueryString; org.jinq.orm.stream.JinqStream.toList; org.jinq.jpa.test.entities.Customer.getName
my2iu_Jinq,org.jinq.jpa,JinqJPAWhereTest,testWhereIntegerComparison,Assertion roulette,The tool detected the smell in this test method because the test uses multiple assertion in the test. Total number of assertions in the test are: 3
my2iu_Jinq,org.jinq.jpa,JinqJPAWhereTest,testWhereIntegerComparison,Eager test,The tool detected the smell in this test method because the test checks the results of more than one method from class under test. The called methods are: org.jinq.orm.stream.JinqStream.getDebugQueryString; org.jinq.orm.stream.JinqStream.toList; org.jinq.jpa.test.entities.Customer.getName
my2iu_Jinq,org.jinq.jpa,JinqJPAWhereTest,testWhereNegation,Assertion roulette,The tool detected the smell in this test method because the test uses multiple assertion in the test. Total number of assertions in the test are: 2
my2iu_Jinq,org.jinq.jpa,JinqJPAWhereTest,testWhereNot,Assertion roulette,The tool detected the smell in this test method because the test uses multiple assertion in the test. Total number of assertions in the test are: 3
my2iu_Jinq,org.jinq.jpa,JinqJPAWhereTest,testWhereChained,Assertion roulette,The tool detected the smell in this test method because the test uses multiple assertion in the test. Total number of assertions in the test are: 3
my2iu_Jinq,org.jinq.jpa,JinqJPAWhereTest,testWhereChained,Eager test,The tool detected the smell in this test method because the test checks the results of more than one method from class under test. The called methods are: org.jinq.orm.stream.JinqStream.getDebugQueryString; org.jinq.orm.stream.JinqStream.toList; org.jinq.jpa.test.entities.Customer.getName
my2iu_Jinq,org.jinq.jpa,JinqJPAWhereTest,testWhereParameter,Assertion roulette,The tool detected the smell in this test method because the test uses multiple assertion in the test. Total number of assertions in the test are: 3
my2iu_Jinq,org.jinq.jpa,JinqJPAWhereTest,testWhereParameter,Eager test,The tool detected the smell in this test method because the test checks the results of more than one method from class under test. The called methods are: org.jinq.orm.stream.JinqStream.getDebugQueryString; org.jinq.orm.stream.JinqStream.toList; org.jinq.jpa.test.entities.Customer.getName
my2iu_Jinq,org.jinq.jpa,JinqJPAWhereTest,testWhereParameterChainedString,Assertion roulette,The tool detected the smell in this test method because the test uses multiple assertion in the test. Total number of assertions in the test are: 3
my2iu_Jinq,org.jinq.jpa,JinqJPAWhereTest,testWhereParameterChainedString,Eager test,The tool detected the smell in this test method because the test checks the results of more than one method from class under test. The called methods are: org.jinq.orm.stream.JinqStream.getDebugQueryString; org.jinq.orm.stream.JinqStream.toList
my2iu_Jinq,org.jinq.jpa,JinqJPAWhereTest,testWhereParameters,Assertion roulette,The tool detected the smell in this test method because the test uses multiple assertion in the test. Total number of assertions in the test are: 3
my2iu_Jinq,org.jinq.jpa,JinqJPAWhereTest,testWhereParameters,Eager test,The tool detected the smell in this test method because the test checks the results of more than one method from class under test. The called methods are: org.jinq.orm.stream.JinqStream.getDebugQueryString; org.jinq.orm.stream.JinqStream.toList; org.jinq.jpa.test.entities.Customer.getName
my2iu_Jinq,org.jinq.jpa,JinqJPAWhereTest,testWhereN1Link,Assertion roulette,The tool detected the smell in this test method because the test uses multiple assertion in the test. Total number of assertions in the test are: 3
my2iu_Jinq,org.jinq.jpa,JinqJPAWhereTest,testWhereN1Link,Eager test,The tool detected the smell in this test method because the test checks the results of more than one method from class under test. The called methods are: org.jinq.orm.stream.JinqStream.getDebugQueryString; org.jinq.orm.stream.JinqStream.toList; org.jinq.jpa.test.entities.Customer.getName; org.jinq.jpa.test.entities.Sale.getCustomer
my2iu_Jinq,org.jinq.jpa,JinqJPAWhereTest,testWhereN1Links,Assertion roulette,The tool detected the smell in this test method because the test uses multiple assertion in the test. Total number of assertions in the test are: 3
my2iu_Jinq,org.jinq.jpa,JinqJPAWhereTest,testWhereN1Links,Eager test,The tool detected the smell in this test method because the test checks the results of more than one method from class under test. The called methods are: org.jinq.orm.stream.JinqStream.getDebugQueryString; org.jinq.orm.stream.JinqStream.toList; org.jinq.tuples.Pair.getOne
my2iu_Jinq,org.jinq.jpa,JinqJPAWhereTest,testWhereObjectEquals,Assertion roulette,The tool detected the smell in this test method because the test uses multiple assertion in the test. Total number of assertions in the test are: 3
my2iu_Jinq,org.jinq.jpa,JinqJPAWhereTest,testWhereObjectEquals,Eager test,The tool detected the smell in this test method because the test checks the results of more than one method from class under test. The called methods are: org.jinq.orm.stream.JinqStream.getDebugQueryString; org.jinq.orm.stream.JinqStream.toList; org.jinq.jpa.test.entities.Customer.getName
my2iu_Jinq,org.jinq.jpa,JinqJPAWhereTest,testEntityEquals,Assertion roulette,The tool detected the smell in this test method because the test uses multiple assertion in the test. Total number of assertions in the test are: 2
my2iu_Jinq,org.jinq.jpa,JinqJPASelectTest,testSelect,Assertion roulette,The tool detected the smell in this test method because the test uses multiple assertion in the test. Total number of assertions in the test are: 3
my2iu_Jinq,org.jinq.jpa,JinqJPASelectTest,testSelect,Eager test,The tool detected the smell in this test method because the test checks the results of more than one method from class under test. The called methods are: org.jinq.orm.stream.JinqStream.getDebugQueryString; org.jinq.orm.stream.JinqStream.toList
my2iu_Jinq,org.jinq.jpa,JinqJPASelectTest,testSelectMethodReference,Assertion roulette,The tool detected the smell in this test method because the test uses multiple assertion in the test. Total number of assertions in the test are: 3
my2iu_Jinq,org.jinq.jpa,JinqJPASelectTest,testSelectMath,Assertion roulette,The tool detected the smell in this test method because the test uses multiple assertion in the test. Total number of assertions in the test are: 3
my2iu_Jinq,org.jinq.jpa,JinqJPASelectTest,testSelectMath,Eager test,The tool detected the smell in this test method because the test checks the results of more than one method from class under test. The called methods are: org.jinq.orm.stream.JinqStream.getDebugQueryString; org.jinq.orm.stream.JinqStream.toList
my2iu_Jinq,org.jinq.jpa,JinqJPASelectTest,testSelectOperatorPrecedence,Assertion roulette,The tool detected the smell in this test method because the test uses multiple assertion in the test. Total number of assertions in the test are: 3
my2iu_Jinq,org.jinq.jpa,JinqJPASelectTest,testSelectPair,Assertion roulette,The tool detected the smell in this test method because the test uses multiple assertion in the test. Total number of assertions in the test are: 3
my2iu_Jinq,org.jinq.jpa,JinqJPASelectTest,testSelectPair,Eager test,The tool detected the smell in this test method because the test checks the results of more than one method from class under test. The called methods are: org.jinq.orm.stream.JinqStream.getDebugQueryString; org.jinq.orm.stream.JinqStream.toList; org.jinq.tuples.Pair.getOne
my2iu_Jinq,org.jinq.jpa,JinqJPASelectTest,testSelectPairOfPair,Assertion roulette,The tool detected the smell in this test method because the test uses multiple assertion in the test. Total number of assertions in the test are: 4
my2iu_Jinq,org.jinq.jpa,JinqJPASelectTest,testSelectPairOfPair,Eager test,The tool detected the smell in this test method because the test checks the results of more than one method from class under test. The called methods are: org.jinq.orm.stream.JinqStream.getDebugQueryString; org.jinq.orm.stream.JinqStream.toList; org.jinq.tuples.Pair.getOne; org.jinq.tuples.Pair.getTwo
my2iu_Jinq,org.jinq.jpa,JinqJPASelectTest,testSelectChained,Assertion roulette,The tool detected the smell in this test method because the test uses multiple assertion in the test. Total number of assertions in the test are: 3
my2iu_Jinq,org.jinq.jpa,JinqJPASelectTest,testSelectChained,Eager test,The tool detected the smell in this test method because the test checks the results of more than one method from class under test. The called methods are: org.jinq.orm.stream.JinqStream.getDebugQueryString; org.jinq.orm.stream.JinqStream.toList
my2iu_Jinq,org.jinq.jpa,JinqJPASelectTest,testSelectChainedPair,Assertion roulette,The tool detected the smell in this test method because the test uses multiple assertion in the test. Total number of assertions in the test are: 3
my2iu_Jinq,org.jinq.jpa,JinqJPASelectTest,testSelectChainedPair,Eager test,The tool detected the smell in this test method because the test checks the results of more than one method from class under test. The called methods are: org.jinq.orm.stream.JinqStream.getDebugQueryString; org.jinq.orm.stream.JinqStream.toList; org.jinq.tuples.Pair.getOne
my2iu_Jinq,org.jinq.jpa,JinqJPASelectTest,testSelectN1Link,Assertion roulette,The tool detected the smell in this test method because the test uses multiple assertion in the test. Total number of assertions in the test are: 3
my2iu_Jinq,org.jinq.jpa,JinqJPASelectTest,testSelectN1Link,Eager test,The tool detected the smell in this test method because the test checks the results of more than one method from class under test. The called methods are: org.jinq.orm.stream.JinqStream.getDebugQueryString; org.jinq.orm.stream.JinqStream.toList; org.jinq.jpa.test.entities.Customer.getName
my2iu_Jinq,org.jinq.jpa,JinqJPASelectTest,testSelectCase,Assertion roulette,The tool detected the smell in this test method because the test uses multiple assertion in the test. Total number of assertions in the test are: 4
my2iu_Jinq,org.jinq.jpa,JinqJPASelectTest,testSelectDistinct,Assertion roulette,The tool detected the smell in this test method because the test uses multiple assertion in the test. Total number of assertions in the test are: 3
my2iu_Jinq,org.jinq.jpa,JinqJPASelectTest,testSelectAll,Assertion roulette,The tool detected the smell in this test method because the test uses multiple assertion in the test. Total number of assertions in the test are: 3
my2iu_Jinq,org.jinq.jpa,JinqJPASelectTest,testSelectAllList,Assertion roulette,The tool detected the smell in this test method because the test uses multiple assertion in the test. Total number of assertions in the test are: 3
my2iu_Jinq,org.jinq.jpa,JinqJPASelectTest,testTuples,Missing assertion,The tool detected the smell in this test method because the test doesn't have any assertion.
my2iu_Jinq,org.jinq.jpa,JinqJPASelectTest,testSelectAfterSort,Assertion roulette,The tool detected the smell in this test method because the test uses multiple assertion in the test. Total number of assertions in the test are: 5
my2iu_Jinq,org.jinq.jpa,JinqJPASelectTest,testSelectHavingAfterSort,Assertion roulette,The tool detected the smell in this test method because the test uses multiple assertion in the test. Total number of assertions in the test are: 4
my2iu_Jinq,org.jinq.jpa,JinqJPAAggregateTest,testCount,Assertion roulette,The tool detected the smell in this test method because the test uses multiple assertion in the test. Total number of assertions in the test are: 2
my2iu_Jinq,org.jinq.jpa,JinqJPAAggregateTest,testCountWhere,Assertion roulette,The tool detected the smell in this test method because the test uses multiple assertion in the test. Total number of assertions in the test are: 2
my2iu_Jinq,org.jinq.jpa,JinqJPAAggregateTest,testCountMultipleFields,Assertion roulette,The tool detected the smell in this test method because the test uses multiple assertion in the test. Total number of assertions in the test are: 2
my2iu_Jinq,org.jinq.jpa,JinqJPAAggregateTest,testCountSorted,Assertion roulette,The tool detected the smell in this test method because the test uses multiple assertion in the test. Total number of assertions in the test are: 2
my2iu_Jinq,org.jinq.jpa,JinqJPAAggregateTest,testMax,Assertion roulette,The tool detected the smell in this test method because the test uses multiple assertion in the test. Total number of assertions in the test are: 2
my2iu_Jinq,org.jinq.jpa,JinqJPAAggregateTest,testMin,Assertion roulette,The tool detected the smell in this test method because the test uses multiple assertion in the test. Total number of assertions in the test are: 2
my2iu_Jinq,org.jinq.jpa,JinqJPAAggregateTest,testAvg,Assertion roulette,The tool detected the smell in this test method because the test uses multiple assertion in the test. Total number of assertions in the test are: 2
my2iu_Jinq,org.jinq.jpa,JinqJPAAggregateTest,testSum,Assertion roulette,The tool detected the smell in this test method because the test uses multiple assertion in the test. Total number of assertions in the test are: 10
my2iu_Jinq,org.jinq.jpa,JinqJPAAggregateTest,testSumInteger,Assertion roulette,The tool detected the smell in this test method because the test uses multiple assertion in the test. Total number of assertions in the test are: 2
my2iu_Jinq,org.jinq.jpa,JinqJPAAggregateTest,testSumExpression,Assertion roulette,The tool detected the smell in this test method because the test uses multiple assertion in the test. Total number of assertions in the test are: 2
my2iu_Jinq,org.jinq.jpa,JinqJPAAggregateTest,testSumJoinCast,Assertion roulette,The tool detected the smell in this test method because the test uses multiple assertion in the test. Total number of assertions in the test are: 2
my2iu_Jinq,org.jinq.jpa,JinqJPAAggregateTest,testSumCase,Assertion roulette,The tool detected the smell in this test method because the test uses multiple assertion in the test. Total number of assertions in the test are: 2
my2iu_Jinq,org.jinq.jpa,JinqJPAAggregateTest,testMultiAggregate,Assertion roulette,The tool detected the smell in this test method because the test uses multiple assertion in the test. Total number of assertions in the test are: 4
my2iu_Jinq,org.jinq.jpa,JinqJPAAggregateTest,testMultiAggregateNoAggregate,Assertion roulette,The tool detected the smell in this test method because the test uses multiple assertion in the test. Total number of assertions in the test are: 2
my2iu_Jinq,org.jinq.jpa,JinqJPAAggregateTest,testMultiAggregateTuple5,Assertion roulette,The tool detected the smell in this test method because the test uses multiple assertion in the test. Total number of assertions in the test are: 2
my2iu_Jinq,org.jinq.jpa,JinqJPAAggregateTest,testMultiAggregateParameters,Assertion roulette,The tool detected the smell in this test method because the test uses multiple assertion in the test. Total number of assertions in the test are: 2
my2iu_Jinq,org.jinq.jpa,JinqJPAAggregateTest,testMultiAggregateWithDistinct,Assertion roulette,The tool detected the smell in this test method because the test uses multiple assertion in the test. Total number of assertions in the test are: 4
my2iu_Jinq,org.jinq.jpa,JinqJPAAggregateTest,testSelectDistinct,Assertion roulette,The tool detected the smell in this test method because the test uses multiple assertion in the test. Total number of assertions in the test are: 3
my2iu_Jinq,org.jinq.jpa,JinqJPAAggregateTest,testGroup,Assertion roulette,The tool detected the smell in this test method because the test uses multiple assertion in the test. Total number of assertions in the test are: 5
my2iu_Jinq,org.jinq.jpa,JinqJPAAggregateTest,testGroup,Eager test,The tool detected the smell in this test method because the test checks the results of more than one method from class under test. The called methods are: org.jinq.tuples.Tuple3.getOne; org.jinq.tuples.Tuple3.getTwo
my2iu_Jinq,org.jinq.jpa,JinqJPAAggregateTest,testGroupLots,Assertion roulette,The tool detected the smell in this test method because the test uses multiple assertion in the test. Total number of assertions in the test are: 5
my2iu_Jinq,org.jinq.jpa,JinqJPAAggregateTest,testGroupLots,Eager test,The tool detected the smell in this test method because the test checks the results of more than one method from class under test. The called methods are: org.jinq.tuples.Tuple8.getOne; org.jinq.tuples.Tuple8.getTwo
my2iu_Jinq,org.jinq.jpa,JinqJPAAggregateTest,testGroupSortLimit,Assertion roulette,The tool detected the smell in this test method because the test uses multiple assertion in the test. Total number of assertions in the test are: 3
my2iu_Jinq,org.jinq.jpa,JinqJPAAggregateTest,testGroupByLinkEntity,Assertion roulette,The tool detected the smell in this test method because the test uses multiple assertion in the test. Total number of assertions in the test are: 5
my2iu_Jinq,org.jinq.jpa,JinqJPAAggregateTest,testGroupByLinkEntity,Eager test,The tool detected the smell in this test method because the test checks the results of more than one method from class under test. The called methods are: org.jinq.tuples.Pair.getTwo; org.jinq.jpa.test.entities.Customer.getName; org.jinq.tuples.Pair.getOne
my2iu_Jinq,org.jinq.jpa,JinqJPAAggregateTest,testGroupByMixKeyAggregate,Assertion roulette,The tool detected the smell in this test method because the test uses multiple assertion in the test. Total number of assertions in the test are: 2
my2iu_Jinq,org.jinq.jpa,JinqJPAAggregateTest,testGroupByHaving,Assertion roulette,The tool detected the smell in this test method because the test uses multiple assertion in the test. Total number of assertions in the test are: 3
my2iu_Jinq,org.jinq.jpa,JinqJPAAggregateTest,testSubQueryWithSource,Assertion roulette,The tool detected the smell in this test method because the test uses multiple assertion in the test. Total number of assertions in the test are: 2
my2iu_Jinq,org.jinq.jpa,JinqJPAAggregateTest,testSubQueryWithNavigationalLink,Assertion roulette,The tool detected the smell in this test method because the test uses multiple assertion in the test. Total number of assertions in the test are: 4
my2iu_Jinq,org.jinq.jpa,JinqJPAAggregateTest,testSubQueryWithNavigationalLinkInSelect,Assertion roulette,The tool detected the smell in this test method because the test uses multiple assertion in the test. Total number of assertions in the test are: 2
my2iu_Jinq,org.jinq.jpa,JinqJPAAggregateTest,testSubQueryWithSelectSourceAndWhere,Assertion roulette,The tool detected the smell in this test method because the test uses multiple assertion in the test. Total number of assertions in the test are: 7
my2iu_Jinq,org.jinq.jpa,JinqJPAAggregateTest,testSubQueryWithSelectSourceAndWhere,Eager test,The tool detected the smell in this test method because the test checks the results of more than one method from class under test. The called methods are: org.jinq.tuples.Pair.getOne; org.jinq.tuples.Pair.getTwo
my2iu_Jinq,org.jinq.jpa,JinqJPAAggregateTest,testSubQueryFrom,Missing assertion,The tool detected the smell in this test method because the test doesn't have any assertion.
my2iu_Jinq,org.jinq.jpa,JinqJPAAggregateTest,testSubQueryFrom,Empty test,The tool detected the smell in this test method because the test is empty.
my2iu_Jinq,org.jinq.jpa,JinqJPAAggregateTest,testSubQueryNoAggregation,Assertion roulette,The tool detected the smell in this test method because the test uses multiple assertion in the test. Total number of assertions in the test are: 3
my2iu_Jinq,org.jinq.jpa,JinqJPAAggregateTest,testSubQueryNumericMethodReference,Assertion roulette,The tool detected the smell in this test method because the test uses multiple assertion in the test. Total number of assertions in the test are: 3
my2iu_Jinq,org.jinq.jpa,JinqJPAAggregateTest,testIsInSubQueryWithSelectSource,Assertion roulette,The tool detected the smell in this test method because the test uses multiple assertion in the test. Total number of assertions in the test are: 3
my2iu_Jinq,org.jinq.jpa,JinqJPAAggregateTest,testIsIn,Assertion roulette,The tool detected the smell in this test method because the test uses multiple assertion in the test. Total number of assertions in the test are: 5
my2iu_Jinq,org.jinq.jpa,JinqJPAAggregateTest,testIsInStream,Assertion roulette,The tool detected the smell in this test method because the test uses multiple assertion in the test. Total number of assertions in the test are: 4
my2iu_Jinq,org.jinq.jpa,JinqJPATest,testStreamEntities,Assertion roulette,The tool detected the smell in this test method because the test uses multiple assertion in the test. Total number of assertions in the test are: 3
my2iu_Jinq,org.jinq.jpa,JinqJPATest,testStreamEntities,Eager test,The tool detected the smell in this test method because the test checks the results of more than one method from class under test. The called methods are: org.jinq.orm.stream.JinqStream.toList; org.jinq.jpa.test.entities.Customer.getName
my2iu_Jinq,org.jinq.jpa,JinqJPATest,testStreamPages,Assertion roulette,The tool detected the smell in this test method because the test uses multiple assertion in the test. Total number of assertions in the test are: 6
my2iu_Jinq,org.jinq.jpa,JinqJPATest,testJoinNMLink,Assertion roulette,The tool detected the smell in this test method because the test uses multiple assertion in the test. Total number of assertions in the test are: 5
my2iu_Jinq,org.jinq.jpa,JinqJPATest,testJoinNMLink,Eager test,The tool detected the smell in this test method because the test checks the results of more than one method from class under test. The called methods are: org.jinq.jpa.test.entities.Supplier.getName; org.jinq.tuples.Pair.getTwo; org.jinq.jpa.test.entities.Item.getName; org.jinq.tuples.Pair.getOne
my2iu_Jinq,org.jinq.jpa,JinqJPATest,testJoin11NMLink,Assertion roulette,The tool detected the smell in this test method because the test uses multiple assertion in the test. Total number of assertions in the test are: 4
my2iu_Jinq,org.jinq.jpa,JinqJPATest,testJoin11NMLink,Eager test,The tool detected the smell in this test method because the test checks the results of more than one method from class under test. The called methods are: org.jinq.jpa.test.entities.Supplier.getName; org.jinq.tuples.Pair.getTwo
my2iu_Jinq,org.jinq.jpa,JinqJPATest,testJoinList,Assertion roulette,The tool detected the smell in this test method because the test uses multiple assertion in the test. Total number of assertions in the test are: 4
my2iu_Jinq,org.jinq.jpa,JinqJPATest,testJoinList,Eager test,The tool detected the smell in this test method because the test checks the results of more than one method from class under test. The called methods are: org.jinq.jpa.test.entities.Supplier.getName; org.jinq.tuples.Pair.getTwo
my2iu_Jinq,org.jinq.jpa,JinqJPATest,testJoinFetchList,Assertion roulette,The tool detected the smell in this test method because the test uses multiple assertion in the test. Total number of assertions in the test are: 2
my2iu_Jinq,org.jinq.jpa,JinqJPATest,testJoinEntity,Assertion roulette,The tool detected the smell in this test method because the test uses multiple assertion in the test. Total number of assertions in the test are: 6
my2iu_Jinq,org.jinq.jpa,JinqJPATest,testJoinEntity,Eager test,The tool detected the smell in this test method because the test checks the results of more than one method from class under test. The called methods are: org.jinq.jpa.test.entities.Item.getName; org.jinq.tuples.Pair.getTwo; org.jinq.tuples.Pair.getOne
my2iu_Jinq,org.jinq.jpa,JinqJPATest,testOuterJoin,Assertion roulette,The tool detected the smell in this test method because the test uses multiple assertion in the test. Total number of assertions in the test are: 5
my2iu_Jinq,org.jinq.jpa,JinqJPATest,testOuterJoin,Eager test,The tool detected the smell in this test method because the test checks the results of more than one method from class under test. The called methods are: org.jinq.jpa.test.entities.Supplier.getName; org.jinq.tuples.Pair.getTwo; org.jinq.jpa.test.entities.Item.getName; org.jinq.tuples.Pair.getOne
my2iu_Jinq,org.jinq.jpa,JinqJPATest,testOuterJoinList,Assertion roulette,The tool detected the smell in this test method because the test uses multiple assertion in the test. Total number of assertions in the test are: 5
my2iu_Jinq,org.jinq.jpa,JinqJPATest,testOuterJoinList,Eager test,The tool detected the smell in this test method because the test checks the results of more than one method from class under test. The called methods are: org.jinq.jpa.test.entities.Supplier.getName; org.jinq.tuples.Pair.getTwo; org.jinq.jpa.test.entities.Item.getName; org.jinq.tuples.Pair.getOne
my2iu_Jinq,org.jinq.jpa,JinqJPATest,testOuterJoinChain,Assertion roulette,The tool detected the smell in this test method because the test uses multiple assertion in the test. Total number of assertions in the test are: 2
my2iu_Jinq,org.jinq.jpa,JinqJPATest,testOuterJoinChain,Eager test,The tool detected the smell in this test method because the test checks the results of more than one method from class under test. The called methods are: org.jinq.jpa.test.entities.Supplier.getName; org.jinq.tuples.Pair.getTwo
my2iu_Jinq,org.jinq.jpa,JinqJPATest,testOuterJoin11,Assertion roulette,The tool detected the smell in this test method because the test uses multiple assertion in the test. Total number of assertions in the test are: 2
my2iu_Jinq,org.jinq.jpa,JinqJPATest,testOuterJoin11,Eager test,The tool detected the smell in this test method because the test checks the results of more than one method from class under test. The called methods are: org.jinq.jpa.test.entities.Item.getName; org.jinq.tuples.Pair.getTwo
my2iu_Jinq,org.jinq.jpa,JinqJPATest,testOuterJoinFetch,Assertion roulette,The tool detected the smell in this test method because the test uses multiple assertion in the test. Total number of assertions in the test are: 2
my2iu_Jinq,org.jinq.jpa,JinqJPATest,testOuterJoinOn,Assertion roulette,The tool detected the smell in this test method because the test uses multiple assertion in the test. Total number of assertions in the test are: 6
my2iu_Jinq,org.jinq.jpa,JinqJPATest,testOuterJoinOn,Eager test,The tool detected the smell in this test method because the test checks the results of more than one method from class under test. The called methods are: org.jinq.jpa.test.entities.Item.getName; org.jinq.tuples.Pair.getOne; org.jinq.tuples.Pair.getTwo; org.jinq.jpa.test.entities.Supplier.getName
my2iu_Jinq,org.jinq.jpa,JinqJPATest,testOuterJoinOnTrueAndNavigationalLinks,Assertion roulette,The tool detected the smell in this test method because the test uses multiple assertion in the test. Total number of assertions in the test are: 2
my2iu_Jinq,org.jinq.jpa,JinqJPATest,testOuterJoinOnWithParametersAndIndirect,Assertion roulette,The tool detected the smell in this test method because the test uses multiple assertion in the test. Total number of assertions in the test are: 7
my2iu_Jinq,org.jinq.jpa,JinqJPATest,testOuterJoinOnWithParametersAndIndirect,Eager test,The tool detected the smell in this test method because the test checks the results of more than one method from class under test. The called methods are: org.jinq.tuples.Pair.getOne; org.jinq.tuples.Pair.getTwo
my2iu_Jinq,org.jinq.jpa,JinqJPATest,testCrossJoin,Assertion roulette,The tool detected the smell in this test method because the test uses multiple assertion in the test. Total number of assertions in the test are: 2
my2iu_Jinq,org.jinq.jpa,JinqJPATest,testCrossJoin,Eager test,The tool detected the smell in this test method because the test checks the results of more than one method from class under test. The called methods are: org.jinq.jpa.test.entities.Customer.getName; org.jinq.tuples.Pair.getOne
my2iu_Jinq,org.jinq.jpa,JinqJPATest,testSort,Assertion roulette,The tool detected the smell in this test method because the test uses multiple assertion in the test. Total number of assertions in the test are: 5
my2iu_Jinq,org.jinq.jpa,JinqJPATest,testSortExpression,Assertion roulette,The tool detected the smell in this test method because the test uses multiple assertion in the test. Total number of assertions in the test are: 4
my2iu_Jinq,org.jinq.jpa,JinqJPATest,testSortChained,Assertion roulette,The tool detected the smell in this test method because the test uses multiple assertion in the test. Total number of assertions in the test are: 5
my2iu_Jinq,org.jinq.jpa,JinqJPATest,testLimitSkip,Assertion roulette,The tool detected the smell in this test method because the test uses multiple assertion in the test. Total number of assertions in the test are: 5
my2iu_Jinq,org.jinq.jpa,JinqJPATest,testSkipLimit,Assertion roulette,The tool detected the smell in this test method because the test uses multiple assertion in the test. Total number of assertions in the test are: 5
my2iu_Jinq,org.jinq.jpa,JinqJPATest,testFindFirst,Assertion roulette,The tool detected the smell in this test method because the test uses multiple assertion in the test. Total number of assertions in the test are: 4
my2iu_Jinq,org.jinq.jpa,JinqJPATest,testCaching,Assertion roulette,The tool detected the smell in this test method because the test uses multiple assertion in the test. Total number of assertions in the test are: 2
my2iu_Jinq,org.jinq.jpa,JinqJPATest,testCachingSort,Assertion roulette,The tool detected the smell in this test method because the test uses multiple assertion in the test. Total number of assertions in the test are: 8
my2iu_Jinq,org.jinq.jpa,JinqJPATest,testJPQLNumericPromotion,Assertion roulette,The tool detected the smell in this test method because the test uses multiple assertion in the test. Total number of assertions in the test are: 15
my2iu_Jinq,org.jinq.jpa,JinqJPATest,testJPQL,Missing assertion,The tool detected the smell in this test method because the test doesn't have any assertion.
my2iu_Jinq,org.jinq.jpa,JinqJPATest,testJPQLLike,Assertion roulette,The tool detected the smell in this test method because the test uses multiple assertion in the test. Total number of assertions in the test are: 6
my2iu_Jinq,org.jinq.jpa,JinqJPATest,testJPQLLike,Eager test,The tool detected the smell in this test method because the test checks the results of more than one method from class under test. The called methods are: org.jinq.jpa.JPQL.like; org.jinq.jpa.JPQL.like
my2iu_Jinq,org.jinq.jpa,JinqJPATest,testJPQLStringFunctions,Assertion roulette,The tool detected the smell in this test method because the test uses multiple assertion in the test. Total number of assertions in the test are: 3
my2iu_Jinq,org.jinq.jpa,JinqJPATest,testJPQLStringConcat,Assertion roulette,The tool detected the smell in this test method because the test uses multiple assertion in the test. Total number of assertions in the test are: 3
my2iu_Jinq,org.jinq.jpa,JinqJPATest,testJPQLStringContains,Assertion roulette,The tool detected the smell in this test method because the test uses multiple assertion in the test. Total number of assertions in the test are: 5
my2iu_Jinq,org.jinq.jpa,JinqJPATest,testJPQLStringContainsCharSequence1,Assertion roulette,The tool detected the smell in this test method because the test uses multiple assertion in the test. Total number of assertions in the test are: 3
my2iu_Jinq,org.jinq.jpa,JinqJPATest,testJPQLStringStartsWith,Assertion roulette,The tool detected the smell in this test method because the test uses multiple assertion in the test. Total number of assertions in the test are: 5
my2iu_Jinq,org.jinq.jpa,JinqJPATest,testJPQLNumberFunctions,Assertion roulette,The tool detected the smell in this test method because the test uses multiple assertion in the test. Total number of assertions in the test are: 2
my2iu_Jinq,org.jinq.jpa,JinqJPATest,testOrUnion,Assertion roulette,The tool detected the smell in this test method because the test uses multiple assertion in the test. Total number of assertions in the test are: 2
my2iu_Jinq,org.jinq.jpa,JinqJPATest,testOrUnionParameters,Assertion roulette,The tool detected the smell in this test method because the test uses multiple assertion in the test. Total number of assertions in the test are: 2
my2iu_Jinq,org.jinq.jpa,JinqJPATest,testOrUnionAndIntersectEmptyWhere,Assertion roulette,The tool detected the smell in this test method because the test uses multiple assertion in the test. Total number of assertions in the test are: 4
my2iu_Jinq,org.jinq.jpa,JinqJPATest,testOrUnionAndIntersectEmptyWhere,Eager test,The tool detected the smell in this test method because the test checks the results of more than one method from class under test. The called methods are: org.jinq.orm.stream.JinqStream.toList; org.jinq.jpa.test.entities.Customer.getName
my2iu_Jinq,org.jinq.jpa,JinqJPATest,testAndIntersect,Assertion roulette,The tool detected the smell in this test method because the test uses multiple assertion in the test. Total number of assertions in the test are: 4
my2iu_Jinq,org.jinq.jpa,JinqJPATest,testAndIntersect,Eager test,The tool detected the smell in this test method because the test checks the results of more than one method from class under test. The called methods are: org.jinq.orm.stream.JinqStream.toList; org.jinq.jpa.test.entities.Customer.getName; org.jinq.jpa.test.entities.Customer.getCountry; org.jinq.jpa.test.entities.Customer.getSalary
my2iu_Jinq,org.jinq.jpa,JinqJPATest,testAndNotExcept,Assertion roulette,The tool detected the smell in this test method because the test uses multiple assertion in the test. Total number of assertions in the test are: 12
my2iu_Jinq,org.jinq.jpa,JinqJPATest,testAndNotExcept,Eager test,The tool detected the smell in this test method because the test checks the results of more than one method from class under test. The called methods are: org.jinq.orm.stream.JinqStream.toList; org.jinq.jpa.test.entities.Customer.getName; org.jinq.jpa.test.entities.Customer.getDebt
my2iu_Jinq,org.jinq.jpa,JinqJPATypesTest,testString,Assertion roulette,The tool detected the smell in this test method because the test uses multiple assertion in the test. Total number of assertions in the test are: 5
my2iu_Jinq,org.jinq.jpa,JinqJPATypesTest,testString,Eager test,The tool detected the smell in this test method because the test checks the results of more than one method from class under test. The called methods are: org.jinq.jpa.test.entities.Customer.getName; org.jinq.tuples.Pair.getOne; org.jinq.tuples.Pair.getTwo
my2iu_Jinq,org.jinq.jpa,JinqJPATypesTest,testStringEscape,Assertion roulette,The tool detected the smell in this test method because the test uses multiple assertion in the test. Total number of assertions in the test are: 3
my2iu_Jinq,org.jinq.jpa,JinqJPATypesTest,testStringEscape,Eager test,The tool detected the smell in this test method because the test checks the results of more than one method from class under test. The called methods are: org.jinq.orm.stream.JinqStream.getDebugQueryString; org.jinq.orm.stream.JinqStream.toList
my2iu_Jinq,org.jinq.jpa,JinqJPATypesTest,testInteger,Assertion roulette,The tool detected the smell in this test method because the test uses multiple assertion in the test. Total number of assertions in the test are: 5
my2iu_Jinq,org.jinq.jpa,JinqJPATypesTest,testInteger,Eager test,The tool detected the smell in this test method because the test checks the results of more than one method from class under test. The called methods are: org.jinq.jpa.test.entities.Customer.getName; org.jinq.tuples.Pair.getOne; org.jinq.tuples.Pair.getTwo
my2iu_Jinq,org.jinq.jpa,JinqJPATypesTest,testLong,Assertion roulette,The tool detected the smell in this test method because the test uses multiple assertion in the test. Total number of assertions in the test are: 5
my2iu_Jinq,org.jinq.jpa,JinqJPATypesTest,testLong,Eager test,The tool detected the smell in this test method because the test checks the results of more than one method from class under test. The called methods are: org.jinq.jpa.test.entities.Supplier.getName; org.jinq.tuples.Pair.getOne; org.jinq.tuples.Pair.getTwo
my2iu_Jinq,org.jinq.jpa,JinqJPATypesTest,testFloat,Assertion roulette,The tool detected the smell in this test method because the test uses multiple assertion in the test. Total number of assertions in the test are: 2
my2iu_Jinq,org.jinq.jpa,JinqJPATypesTest,testFloat,Eager test,The tool detected the smell in this test method because the test checks the results of more than one method from class under test. The called methods are: org.jinq.jpa.test.entities.Supplier.getName; org.jinq.tuples.Pair.getOne
my2iu_Jinq,org.jinq.jpa,JinqJPATypesTest,testDouble,Assertion roulette,The tool detected the smell in this test method because the test uses multiple assertion in the test. Total number of assertions in the test are: 5
my2iu_Jinq,org.jinq.jpa,JinqJPATypesTest,testDouble,Eager test,The tool detected the smell in this test method because the test checks the results of more than one method from class under test. The called methods are: org.jinq.jpa.test.entities.Item.getName; org.jinq.tuples.Pair.getOne; org.jinq.tuples.Pair.getTwo
my2iu_Jinq,org.jinq.jpa,JinqJPATypesTest,testDate,Assertion roulette,The tool detected the smell in this test method because the test uses multiple assertion in the test. Total number of assertions in the test are: 4
my2iu_Jinq,org.jinq.jpa,JinqJPATypesTest,testDate,Eager test,The tool detected the smell in this test method because the test checks the results of more than one method from class under test. The called methods are: org.jinq.jpa.test.entities.Customer.getName; org.jinq.tuples.Pair.getOne; org.jinq.tuples.Pair.getTwo
my2iu_Jinq,org.jinq.jpa,JinqJPATypesTest,testDateEquals,Assertion roulette,The tool detected the smell in this test method because the test uses multiple assertion in the test. Total number of assertions in the test are: 3
my2iu_Jinq,org.jinq.jpa,JinqJPATypesTest,testCalendar,Assertion roulette,The tool detected the smell in this test method because the test uses multiple assertion in the test. Total number of assertions in the test are: 4
my2iu_Jinq,org.jinq.jpa,JinqJPATypesTest,testCalendar,Eager test,The tool detected the smell in this test method because the test checks the results of more than one method from class under test. The called methods are: org.jinq.tuples.Pair.getTwo; org.jinq.jpa.test.entities.Customer.getName; org.jinq.tuples.Pair.getOne
my2iu_Jinq,org.jinq.jpa,JinqJPATypesTest,testSqlDate,Assertion roulette,The tool detected the smell in this test method because the test uses multiple assertion in the test. Total number of assertions in the test are: 4
my2iu_Jinq,org.jinq.jpa,JinqJPATypesTest,testSqlDate,Eager test,The tool detected the smell in this test method because the test checks the results of more than one method from class under test. The called methods are: org.jinq.tuples.Pair.getTwo; org.jinq.jpa.test.entities.Customer.getName; org.jinq.tuples.Pair.getOne
my2iu_Jinq,org.jinq.jpa,JinqJPATypesTest,testSqlTime,Assertion roulette,The tool detected the smell in this test method because the test uses multiple assertion in the test. Total number of assertions in the test are: 4
my2iu_Jinq,org.jinq.jpa,JinqJPATypesTest,testSqlTime,Eager test,The tool detected the smell in this test method because the test checks the results of more than one method from class under test. The called methods are: org.jinq.tuples.Pair.getTwo; org.jinq.jpa.test.entities.Customer.getName; org.jinq.tuples.Pair.getOne
my2iu_Jinq,org.jinq.jpa,JinqJPATypesTest,testSqlTimestamp,Assertion roulette,The tool detected the smell in this test method because the test uses multiple assertion in the test. Total number of assertions in the test are: 4
my2iu_Jinq,org.jinq.jpa,JinqJPATypesTest,testSqlTimestamp,Eager test,The tool detected the smell in this test method because the test checks the results of more than one method from class under test. The called methods are: org.jinq.tuples.Pair.getTwo; org.jinq.jpa.test.entities.Customer.getName; org.jinq.tuples.Pair.getOne
my2iu_Jinq,org.jinq.jpa,JinqJPATypesTest,testBoolean,Assertion roulette,The tool detected the smell in this test method because the test uses multiple assertion in the test. Total number of assertions in the test are: 8
my2iu_Jinq,org.jinq.jpa,JinqJPATypesTest,testBoolean,Eager test,The tool detected the smell in this test method because the test checks the results of more than one method from class under test. The called methods are: org.jinq.jpa.test.entities.Supplier.getName; org.jinq.tuples.Pair.getOne; org.jinq.tuples.Pair.getTwo
my2iu_Jinq,org.jinq.jpa,JinqJPATypesTest,testFalse,Assertion roulette,The tool detected the smell in this test method because the test uses multiple assertion in the test. Total number of assertions in the test are: 2
my2iu_Jinq,org.jinq.jpa,JinqJPATypesTest,testBooleanOperations,Assertion roulette,The tool detected the smell in this test method because the test uses multiple assertion in the test. Total number of assertions in the test are: 4
my2iu_Jinq,org.jinq.jpa,JinqJPATypesTest,testBooleanOperations,Eager test,The tool detected the smell in this test method because the test checks the results of more than one method from class under test. The called methods are: org.jinq.jpa.test.entities.Supplier.getName; org.jinq.tuples.Pair.getOne; org.jinq.tuples.Pair.getTwo
my2iu_Jinq,org.jinq.jpa,JinqJPATypesTest,testBooleanJavaBeanNaming,Assertion roulette,The tool detected the smell in this test method because the test uses multiple assertion in the test. Total number of assertions in the test are: 8
my2iu_Jinq,org.jinq.jpa,JinqJPATypesTest,testBooleanJavaBeanNaming,Eager test,The tool detected the smell in this test method because the test checks the results of more than one method from class under test. The called methods are: org.jinq.jpa.test.entities.Supplier.getName; org.jinq.tuples.Pair.getOne; org.jinq.tuples.Pair.getTwo; org.jinq.jpa.test.entities.Customer.getName; org.jinq.jpa.test.entities.Sale.getCustomer
my2iu_Jinq,org.jinq.jpa,JinqJPATypesTest,testEnum,Assertion roulette,The tool detected the smell in this test method because the test uses multiple assertion in the test. Total number of assertions in the test are: 5
my2iu_Jinq,org.jinq.jpa,JinqJPATypesTest,testEnum,Eager test,The tool detected the smell in this test method because the test checks the results of more than one method from class under test. The called methods are: org.jinq.jpa.test.entities.Item.getName; org.jinq.tuples.Pair.getOne; org.jinq.tuples.Pair.getTwo
my2iu_Jinq,org.jinq.jpa,JinqJPATypesTest,testConverter,Assertion roulette,The tool detected the smell in this test method because the test uses multiple assertion in the test. Total number of assertions in the test are: 4
my2iu_Jinq,org.jinq.jpa,JinqJPATypesTest,testConverter,Eager test,The tool detected the smell in this test method because the test checks the results of more than one method from class under test. The called methods are: org.jinq.jpa.test.entities.Customer.getName; org.jinq.tuples.Pair.getOne; org.jinq.tuples.Pair.getTwo
my2iu_Jinq,org.jinq.jpa,JinqJPATypesTest,testBigDecimal,Assertion roulette,The tool detected the smell in this test method because the test uses multiple assertion in the test. Total number of assertions in the test are: 4
my2iu_Jinq,org.jinq.jpa,JinqJPATypesTest,testBigDecimalNegate,Assertion roulette,The tool detected the smell in this test method because the test uses multiple assertion in the test. Total number of assertions in the test are: 4
my2iu_Jinq,org.jinq.jpa,JinqJPATypesTest,testBigInteger,Assertion roulette,The tool detected the smell in this test method because the test uses multiple assertion in the test. Total number of assertions in the test are: 4
my2iu_Jinq,org.jinq.jpa,JinqJPATypesTest,testBlob,Assertion roulette,The tool detected the smell in this test method because the test uses multiple assertion in the test. Total number of assertions in the test are: 3
my2iu_Jinq,org.jinq.jpa,JinqJPATypesTest,testBlob,Eager test,The tool detected the smell in this test method because the test checks the results of more than one method from class under test. The called methods are: org.jinq.jpa.test.entities.Supplier.getName; org.jinq.tuples.Pair.getOne; org.jinq.tuples.Pair.getTwo
my2iu_Jinq,org.jinq.jpa,JinqJPATypesTest,testEntity,Assertion roulette,The tool detected the smell in this test method because the test uses multiple assertion in the test. Total number of assertions in the test are: 2
my2iu_Jinq,org.jinq.jpa,JinqJPATypesTest,testDivide,Assertion roulette,The tool detected the smell in this test method because the test uses multiple assertion in the test. Total number of assertions in the test are: 4
my2iu_Jinq,org.jinq.jpa,JinqJPATypesTest,testNumericPromotionMath,Assertion roulette,The tool detected the smell in this test method because the test uses multiple assertion in the test. Total number of assertions in the test are: 3
my2iu_Jinq,org.jinq.jpa,JinqJPATypesTest,testNumericPromotionMath,Eager test,The tool detected the smell in this test method because the test checks the results of more than one method from class under test. The called methods are: org.jinq.jpa.test.entities.Item.getName; org.jinq.jpa.test.entities.Lineorder.getItem
my2iu_Jinq,org.jinq.jpa,JinqJPATypesTest,testNumericPromotionBigDecimal,Assertion roulette,The tool detected the smell in this test method because the test uses multiple assertion in the test. Total number of assertions in the test are: 3
my2iu_Jinq,org.jinq.jpa,JinqJPATypesTest,testNumericPromotionBigInteger,Assertion roulette,The tool detected the smell in this test method because the test uses multiple assertion in the test. Total number of assertions in the test are: 3
my2iu_Jinq,org.jinq.jpa,JinqJPATypesTest,testNumericPromotionComparison,Assertion roulette,The tool detected the smell in this test method because the test uses multiple assertion in the test. Total number of assertions in the test are: 3
my2iu_Jinq,org.jinq.jpa,JinqJPATypesTest,testNumericPromotionComparison,Eager test,The tool detected the smell in this test method because the test checks the results of more than one method from class under test. The called methods are: org.jinq.jpa.test.entities.Item.getName; org.jinq.jpa.test.entities.Lineorder.getItem
my2iu_Jinq,org.jinq.jpa,JinqJPATypesTest,testCollection,Assertion roulette,The tool detected the smell in this test method because the test uses multiple assertion in the test. Total number of assertions in the test are: 3
my2iu_Jinq,org.jinq.jpa,JinqJPATypesTest,testCollectionContains,Assertion roulette,The tool detected the smell in this test method because the test uses multiple assertion in the test. Total number of assertions in the test are: 3
my2iu_Jinq,org.jinq.jpa,JinqJPATypesTest,testInheritedDate,Assertion roulette,The tool detected the smell in this test method because the test uses multiple assertion in the test. Total number of assertions in the test are: 2
my2iu_Jinq,org.jinq.jpa,JinqJPATypesTest,testEmbedded,Assertion roulette,The tool detected the smell in this test method because the test uses multiple assertion in the test. Total number of assertions in the test are: 6
my2iu_Jinq,org.jinq.jpa,JinqJPATypesTest,testEmbedded,Eager test,The tool detected the smell in this test method because the test checks the results of more than one method from class under test. The called methods are: org.jinq.jpa.test.entities.CreditCard.getName; org.jinq.jpa.test.entities.Sale.getCreditCard; org.jinq.jpa.test.entities.CreditCard.setName; org.jinq.jpa.test.entities.CreditCard.setNumber; org.jinq.jpa.test.entities.CreditCard.setCvv
my2iu_Jinq,org.jinq.jpa,JinqJPATypesTest,testCustomTuple,Assertion roulette,The tool detected the smell in this test method because the test uses multiple assertion in the test. Total number of assertions in the test are: 8
my2iu_Jinq,org.jinq.jpa,JinqJPATypesTest,testCustomTupleReadIndex,Assertion roulette,The tool detected the smell in this test method because the test uses multiple assertion in the test. Total number of assertions in the test are: 8
my2iu_Jinq,org.jinq.jpa,JinqJPATypesTest,testCustomTupleConstructor,Assertion roulette,The tool detected the smell in this test method because the test uses multiple assertion in the test. Total number of assertions in the test are: 8
my2iu_Jinq,org.jinq.jpa,JinqJPATypesTest,testCustomFunction,Assertion roulette,The tool detected the smell in this test method because the test uses multiple assertion in the test. Total number of assertions in the test are: 3
